1467
1467
1467
1467
1467
1467
1467
1467
1467
1467
1467
1467
1467
1467
1467
1467
1467
1467
1467
1467
1467
1467
1467
1467
1467
1467
1467
1467
1467
1467
1467
1467
1467
1467
1467
1467
1467
1467
1467
1467
1467
1467
1467
1467
1467
1467
1467
1467
1467
1467
1467
1467
1467
1467
1467
1467
1467
1467
1467
1467
1467
1467
1467
1467
1467
1467
1467
1467
1467
1467
1467
1467
1467
1467
1467
1467
1467
1467
1467
1467
1467
1467
1467
1467
1467
1467
1467
1467
1467
1468
1468
1468
1468
1468
1468
1468
1468
1468
1468
1468
