2096
2096
2096
2096
2096
2096
2096
2096
2096
2096
2096
2096
2096
2096
2096
2096
2096
2096
2096
2096
2096
2096
2096
2096
2096
2096
2096
2096
2096
2096
2096
2096
2096
2096
2096
2096
2096
2096
2096
2096
2096
2096
2096
2096
2096
2096
2096
2096
2096
2096
2096
2096
2096
2096
2096
2096
2096
2096
2096
2096
2096
2096
2096
2096
2096
2096
2096
2096
2096
2096
2096
2096
2096
2096
2096
2096
2096
2096
2096
2096
2096
2096
2096
2096
2096
2096
2096
2096
2096
2096
2096
2096
2096
2096
2096
2096
2096
2096
2097
2097
