6500
12003
31703
25677
29380
20551
8958
4141
22753
7625
10670
12835
31277
25581
4733
18996
30448
19403
851
628
20327
2335
2959
16991
11734
31736
3143
8998
10551
13439
22088
14709
19054
17431
23268
23170
32492
19748
11976
11104
11151
24554
3750
4688
9165
10178
24893
8508
20177
20133
3964
19123
30016
21692
30240
27879
17734
21884
31001
19407
26822
15723
20056
17160
3035
28419
31247
9099
6443
14776
4331
26843
20400
698
15951
20905
11223
7119
10650
3332
24963
10035
15718
11306
4724
16598
4495
31686
4439
3586
9141
24894
31962
29311
27021
7349
3038
16847
16761
12025
21609
32626
20590
6313
15877
5155
27792
4359
26134
453
27893
30002
13096
31194
2342
13037
1994
25724
24846
21748
27090
11646
11294
7215
16651
19482
18461
19744
23069
12870
23490
27347
14597
5889
8086
1101
8162
27581
12575
13287
1824
3449
23459
6561
16572
29170
25799
6266
23592
24465
27965
12713
31325
4091
16748
11918
30676
8308
2552
20651
7791
7835
7103
23009
20433
19095
4639
8791
8176
19252
10842
20604
29507
5253
22681
23243
17954
2698
18515
19875
27629
19580
22070
16845
23081
14233
11703
20192
25430
13333
8214
13225
8934
11279
14134
2724
5488
4069
4353
5848
9756
31951
1476
5328
23037
26748
2548
12603
27219
1884
7242
12535
22726
15030
20454
1299
29171
29041
11230
28020
12941
28231
19765
18174
5775
9041
14991
20351
31570
6790
17383
3226
5286
26989
23193
11149
9944
765
11556
12656
15530
5189
23701
25632
3828
12590
25814
15619
4035
14563
23548
29871
4895
4092
6686
15025
29681
30620
10827
28194
20536
27979
19616
13850
13005
1647
30080
21103
310
16439
8090
8542
11556
14786
23475
31890
29790
26096
14814
19533
13318
17480
27149
10094
22893
10718
7415
3969
9382
3641
11971
4543
30616
9889
1107
3943
10987
27079
766
19996
3841
11221
20689
16863
27377
6063
27006
4964
14318
7223
31963
1854
11908
9735
10871
16146
20959
2694
13403
28448
1264
2863
1135
7481
7400
26847
1665
31337
20194
1561
25213
28107
25060
9472
8375
9644
22239
262
2365
642
194
27911
28532
10786
18081
20237
6594
5362
12119
29353
15040
27132
22774
6846
27927
7857
2372
26632
28111
23497
433
13986
17056
10499
27330
21649
2333
8327
19209
3094
32701
702
16808
21328
23170
27249
4972
21725
7462
17218
15102
16259
20544
15568
2380
16568
21702
26566
1645
27816
28978
23569
30066
7462
31495
19820
24160
11142
30612
15694
19699
3498
12542
25741
32284
6887
667
10679
18068
28973
5299
3421
29422
16791
6640
32750
2325
13185
19679
22688
19944
600
16874
26817
3350
18502
9331
28276
9197
29255
6909
9067
22518
23613
19389
23171
7912
20965
7265
20172
31105
19708
30225
26765
13520
1233
29250
16933
24070
7286
3004
24717
10359
27959
26989
12734
29556
24679
31839
6111
17261
5527
13153
24282
20609
12250
20318
16682
22187
28603
32597
21382
15328
24176
4278
28989
1074
15163
23623
7990
25194
27186
81
21290
24910
13766
22779
5826
19088
26073
11978
21330
13847
24637
3271
695
19156
16439
29986
30689
10655
22497
1162
28891
25639
2545
32496
5397
19370
12502
14932
1968
23379
19993
16865
19705
8454
22502
971
31512
26378
29102
1364
18087
23979
27480
10768
27528
13102
790
31872
26447
5330
6174
623
23444
24301
18731
29324
3025
28729
11853
16712
3678
8746
12101
11946
21340
10776
25714
15952
2669
32371
26099
31847
21095
11225
16179
28728
11441
22776
356
16485
28997
25870
25969
1496
11985
22998
9773
32524
15965
875
23060
9693
29468
25989
13410
14741
1693
6790
9007
797
25971
21854
5701
27490
19698
9208
18438
5059
17280
5603
13531
12209
2039
868
10899
12923
22850
13150
25702
3917
30176
19852
25083
24487
23429
31793
8623
18723
11933
14760
13758
21539
16182
8107
294
5419
9468
1570
23387
24787
9041
3788
4916
9138
26179
4360
1762
20944
30108
31672
22177
25480
28198
30585
26095
13074
28466
12212
12938
4052
957
16548
152
12235
18407
13783
7646
11857
32027
10928
7796
7785
12518
23185
32624
27039
14573
19155
32476
15273
20546
17829
19809
3644
4070
27004
21123
17236
31496
3388
4034
31359
10259
23665
3937
7191
6925
2562
6611
14664
3633
1132
13636
20476
11900
28914
31525
24005
12057
28024
15988
22186
1421
30731
5449
16439
8522
27713
16205
5942
22796
13759
14807
5095
8683
6316
27071
11922
18235
4381
9946
3422
2104
10453
10669
9310
3256
1705
17570
30068
19750
21637
19902
30939
25019
32551
17356
5557
7737
1666
70
2110
21374
1318
20610
13323
6900
14181
5295
30720
8370
896
29307
15657
27509
2755
2785
22640
4278
9368
18050
15712
10254
12602
16561
2795
18875
5396
31437
23696
3079
24480
17656
7977
12895
31574
8610
24419
24410
1254
11839
2595
272
13374
22379
10658
5903
27494
30408
26849
13670
26754
25129
4650
6082
10722
5347
8533
2879
26613
1502
26869
27388
25143
30628
14206
16703
24104
13171
14954
7630
4164
17882
1033
18544
19684
13211
24254
26102
24214
29471
7967
13003
1197
3132
177
10485
23099
23627
25496
15922
29751
32190
19081
29415
28972
14340
14740
20875
27208
22188
14502
8766
17168
27180
18408
4463
29193
24663
16523
14649
5903
17691
26467
29093
18205
3975
1439
2914
26184
4861
32215
7653
7274
10860
11007
18847
23597
5364
20882
13248
11906
8921
24376
8554
2252
980
2911
10946
22258
25199
6071
28235
14505
24280
1427
9301
19312
8756
21560
31339
3200
18321
6102
14551
23966
8000
10612
10315
24251
27386
20864
5705
18649
13702
16375
16116
26500
11661
16746
16933
3265
6305
8533
32425
3829
9680
18491
23486
12191
531
26621
17448
31823
15535
20223
5972
5676
27406
19964
3113
12028
14791
19397
26166
7072
17840
591
26163
26493
27008
15846
31216
5203
18592
7611
14795
23247
30777
17179
18848
5901
16148
15267
8661
8920
27629
7839
9806
25872
3543
16934
26734
4454
25369
14819
15597
10761
31755
28442
7576
29374
18428
3895
14468
15497
11260
14788
31004
879
30829
21477
3895
15681
14749
30867
11580
30134
28595
15201
31075
8462
18922
26334
8472
3810
2400
31432
29850
28941
13568
24950
6238
17930
25484
15007
23288
11746
17518
19019
25120
9404
11323
21519
32354
9091
10372
22606
28676
7277
28840
8141
32245
27599
17637
28457
18358
25237
30073
8846
26703
25565
400
3000
2627
27236
8305
18220
2505
32078
11720
21205
26635
6834
1036
10601
28831
28371
5194
17274
6665
18680
21970
29994
13405
14559
10374
30625
30091
18886
10478
10114
12874
24567
28966
5978
30507
6193
1780
12672
3622
8264
16160
16708
30042
18566
4660
17941
31026
28681
6674
14403
6464
15410
15762
17995
15925
23398
31792
5256
21128
5750
13153
23286
26203
18097
32760
14254
9913
3075
19891
21939
4574
594
13203
140
28613
9393
29104
5294
112
20725
12110
6565
2579
18777
4
2258
20750
3546
32372
11794
6711
8665
8930
19165
220
16622
27795
11622
16475
33
408
554
2926
1455
15660
3512
22799
26810
4639
9937
11070
5673
30182
10551
7787
30694
23446
11879
19760
32248
30367
16303
7689
24
16237
10266
29560
24207
27817
29887
28851
14985
25771
20046
30675
19942
13657
13458
25250
5287
30810
4714
21494
19537
2164
5480
5684
30158
21224
14112
20110
1922
28694
19558
22740
3894
17800
19986
8818
11024
5939
16989
5739
16816
4985
5121
20661
746
11001
32756
19082
19708
15066
28661
8850
18730
21392
3575
7413
16028
25881
22779
32550
3590
20014
16450
27156
16431
15899
21696
7687
16605
22247
28611
740
14999
9764
27882
549
26989
30356
23477
3161
2441
19376
6231
16236
153
15202
4515
11314
12719
22840
9552
28035
30935
14636
7289
19165
12744
21735
14663
3238
14234
21304
22441
5007
8756
28140
30460
15235
2221
2123
12295
3393
2940
20100
28211
10547
18178
14481
12605
12632
29534
9539
25655
627
3789
9605
22014
5085
1001
1762
18706
19804
29409
14499
10865
19265
23103
31693
19582
18409
29933
22438
22520
17418
17124
22541
6599
30052
2004
20312
24518
17920
2300
25232
9982
29744
2600
17590
20684
13016
24405
7610
8567
32532
13009
24880
19964
2024
24771
22674
20756
31643
7624
24757
9779
9427
26683
16663
31945
22675
26012
5836
12537
16548
28496
12521
12101
12567
3646
29593
30510
25733
31133
16892
23797
11971
18115
1493
23845
21091
3910
19835
8865
22598
17436
21176
17833
5135
29644
768
31804
12829
25899
30735
14744
14597
17775
1777
26891
9112
12565
18900
2299
1673
21144
26522
2144
24075
21170
23180
13667
5488
4507
1217
3665
17805
23094
15999
9265
23021
9799
29504
9126
23296
31279
21110
17609
32599
22347
3481
12311
5707
11040
3141
1168
26828
12694
15260
14955
23979
28095
879
13386
1576
16348
26966
4819
31386
9021
28253
12621
8014
12403
22137
6272
4376
21592
3218
22576
19313
32068
1738
11952
32406
4687
7378
9631
4622
16329
31338
15043
20358
16995
8225
27496
5646
1976
27314
12779
27842
997
19546
10791
15330
8113
6586
16405
24457
7189
16271
32458
25120
10759
14774
8863
28227
15954
18969
928
8258
15572
4519
30614
6503
13610
19141
28099
8235
20208
24106
4331
30948
26633
8382
28842
27483
19680
12318
11341
9552
1381
23919
4869
21796
30897
4229
8188
19642
10318
18262
12333
22273
27091
1106
5786
1830
10718
13028
5076
15295
12922
21639
12296
23122
9314
9574
15943
1749
263
29911
21260
4640
22002
29081
26608
19961
15554
10643
28393
31165
18972
7869
3945
28997
1774
1953
21371
12513
2669
18288
1485
27415
19294
8775
27841
14533
17732
11669
15445
4137
22748
12243
26953
16897
21576
5559
26460
20439
23893
4413
9424
9362
22024
10512
20086
32074
15887
6028
27467
2217
12279
6412
10859
23578
27766
15802
548
1054
2699
9728
15096
1903
2208
19687
15538
13537
12346
3455
11954
26296
13291
18619
31524
4287
13146
6066
2184
30814
17733
6218
19797
3750
19469
12470
22827
2573
11473
23006
475
21922
29746
23390
22919
7305
8252
9485
25890
29735
31704
11333
8570
1700
8001
22398
17802
54
10345
9549
1073
29973
29883
10669
8087
28358
3183
26322
14232
24558
15716
1725
21386
8810
29758
28829
28573
4919
27670
16972
26996
23155
7547
6917
29560
8910
1147
30965
23021
4258
440
6183
32186
28459
12420
20736
6464
11374
18149
3891
5680
16130
9647
36
13797
21481
11617
5258
13534
8327
29648
32142
20364
12273
7741
23526
22197
23883
2104
889
263
24638
19056
32196
12287
15240
30075
25378
20181
12791
23458
15915
3177
18320
19301
9716
27077
15877
16281
15812
2646
14680
22842
12713
2575
14003
15937
4951
29981
8414
12086
13491
28289
29995
8362
8341
359
12442
14111
6730
30225
32108
3762
297
6122
6670
1924
11467
18757
1081
1920
31611
32190
6056
6782
5241
19196
23260
2982
19993
1504
28195
27467
1553
14980
11748
20629
55
24938
16440
25527
3522
15153
3520
17799
20770
19359
17573
862
25410
4128
29137
7243
2887
4393
15646
22997
13528
22078
6761
12226
30641
30673
18592
23753
10928
30128
11263
14238
7649
12708
19215
6221
27716
887
30781
24310
23658
11741
13878
14963
8781
24100
1439
8706
2416
31197
799
1010
2471
23819
10564
10939
5047
5688
26187
10039
8188
5935
25376
563
17602
27125
20615
27807
10934
31121
18701
9408
4825
823
4472
9197
17626
26357
10521
4108
14430
1004
29653
4856
20906
11925
16134
24682
22482
20369
1850
21125
1419
23359
27167
17366
26773
20487
18240
17884
23265
2328
2556
8187
18439
23076
23643
1195
25239
7121
16161
13316
16742
21751
31520
3681
26890
14326
22955
141
12401
31526
26493
13362
19092
14402
14944
13145
19169
15266
18528
17286
13379
24198
1198
1618
15320
24630
2011
24499
26918
839
15384
22851
2736
1318
11717
24880
27769
23052
15143
24423
403
23478
26757
17902
29656
29385
5215
26853
26912
13743
32170
31110
24389
4017
11058
25038
31211
21923
2109
21626
25210
16694
22304
32657
4492
21192
10870
26303
13140
161
12453
17762
3294
1123
20584
5459
28810
27703
10617
1141
9848
9407
1739
10369
31902
27886
5897
11389
8276
19013
23053
22056
13970
21327
15091
6285
16770
24217
5449
12651
20055
12515
2513
8427
22100
15108
28667
26266
4286
26322
6500
2080
286
15244
15560
15520
4171
22913
32048
10847
18924
10468
6412
19454
11280
29310
2046
1976
19268
21918
24091
9509
16138
3842
12743
12779
32318
25201
27808
20891
11277
2464
28391
1286
27978
9311
5221
11441
16276
11129
9517
21900
26653
30863
11818
5328
7801
32457
32761
26469
16607
6902
1354
10811
26500
25346
14533
2665
29149
31925
22679
27203
22693
17092
28150
20886
22390
9316
461
9741
10272
17837
22146
31701
11543
16263
6767
18523
26524
16918
25188
26537
13132
11657
5832
28166
19000
6809
28423
5929
4235
7832
23430
27719
7330
18167
12121
8406
4790
4277
22424
17094
6721
12889
32483
22563
12826
13814
5791
26336
11592
14233
8053
7794
23404
26089
19935
6299
19721
12370
26382
7715
18198
14917
25509
31192
13929
5829
25439
12796
26176
25868
5212
18793
22898
251
11987
22497
20810
32249
9215
15318
19492
11589
23694
15098
3166
13193
29776
6007
21348
374
3905
11267
21012
20243
20141
28965
22803
452
30416
31129
16052
8005
23903
9754
22940
4188
14739
9804
11395
5923
15533
20843
5477
17099
9460
26204
21787
31240
25312
18545
21280
1595
5758
4588
2824
16625
1798
17567
31111
2825
515
15974
31732
10857
8297
14018
13345
23332
1812
5432
25050
22371
23815
20635
22393
11319
27667
7338
16152
28075
7365
31508
9248
25479
559
12368
27310
29567
13842
17113
18851
1179
29162
12547
16227
18215
9438
23816
7781
26634
1562
15764
29560
29881
27809
27878
17413
27787
21874
14364
10000
664
10535
29056
26392
27476
18813
28184
24294
8823
15151
20438
11225
1115
4816
2218
10386
9960
19085
18957
25536
11607
27634
21515
6474
28982
22762
12854
21107
5467
3822
26711
30042
11303
4568
3461
238
22594
26175
27264
7160
24768
20301
30072
32079
3584
24369
23705
5373
22616
16826
2906
15724
7135
15626
21844
5076
9768
1721
24251
20702
26844
29383
28194
13095
20449
32026
12577
11405
16543
16854
22850
27658
16528
19857
18196
27111
9202
13627
23599
4558
7842
11575
23396
10126
15493
18677
31771
24308
7447
21377
21567
2237
1533
290
2761
10549
2487
5180
15041
7881
10474
11133
14417
20166
16936
16443
3581
26954
3167
31196
16625
7870
32525
26790
32391
14277
17329
8013
26928
27500
11649
11496
6582
14492
19772
1098
6497
4421
28647
18497
23166
21497
12834
1839
32348
21304
29699
8840
26609
6909
29677
13484
25433
30015
19711
18879
29617
15099
5706
31749
27260
18186
12922
21936
3209
2554
5537
31143
5561
11696
29099
10494
20786
29192
30944
17516
575
24193
28900
7139
20646
14106
12306
32096
27051
16002
7613
24840
31240
16341
13691
11308
32413
15127
8653
20119
28494
19032
13925
7655
17
16573
18610
4607
32507
24306
13902
29856
28499
9947
17351
15012
456
17039
29478
8833
12018
24703
22455
12876
11191
19301
12395
24800
9235
27945
24928
5897
28293
7144
21226
25034
19630
12639
13380
32184
26507
14347
9112
26330
29587
15504
23399
21160
22072
1443
32147
20913
23629
9215
27857
1071
11253
27449
6166
27898
24807
13558
39
526
6076
29420
772
11451
31281
24456
17757
31342
31179
25657
27596
17665
29140
5875
14252
3719
16696
16083
24717
24846
19084
23582
14687
21016
5816
4197
27199
17573
28816
20404
21322
10638
4857
13207
29777
4414
31475
30973
14086
23476
10364
14508
19869
8723
4810
21045
4213
24280
20412
7629
21488
27474
13840
25657
17740
2552
9230
10526
17730
6194
6066
21139
9537
10393
10475
7426
24543
17444
23611
28647
23892
6695
25287
19698
16230
17155
32579
7109
31730
2636
4748
32352
16016
31023
22710
15152
5699
27328
11522
2921
968
28441
9080
14515
12684
15470
4170
27226
32331
16078
1869
16609
24937
9871
9405
20563
11872
21485
21918
32661
28139
12829
1841
27517
8762
23664
24659
12363
6832
17878
7353
25721
2251
31735
10739
12570
24379
15546
20838
27020
5591
3071
13462
22979
15302
23558
25347
21566
28964
28214
31200
21759
22697
32050
27423
25275
26274
5389
705
28475
3683
5155
12902
12780
22917
19785
29850
22140
5903
23981
32301
21295
12474
17767
30184
29397
7303
27481
3798
29005
9765
11022
29546
12029
23971
16503
21905
28919
27871
4258
31872
13274
26722
5205
26160
28490
8327
25318
40
10435
19258
32235
8098
28694
1107
16303
20495
4320
2575
16490
9442
23447
29728
20984
23886
15655
29399
30001
27850
12504
16003
18372
28803
27967
7629
7126
10895
13712
29924
6324
13725
13246
11246
25847
21884
32191
8204
12484
473
19853
119
530
195
13376
23645
32004
22188
31356
19671
27537
5606
31242
18800
3947
2859
4556
23773
6551
31742
27361
12178
13469
15614
4417
31289
28073
3856
27399
10261
29664
29029
11113
3148
25407
18144
10862
24406
9817
7317
22117
4256
26974
26145
26972
7187
22738
6115
5538
10099
28776
29526
10984
22380
5945
12662
15731
25453
805
27886
10440
30234
6691
24964
15295
12378
20552
10373
2811
7753
2518
5441
24431
2849
23455
23628
20494
26623
12566
3957
24671
9748
29353
1302
5137
1070
28928
22766
7579
4911
15044
5927
6392
30240
9258
24105
6264
15507
15492
18013
21179
6170
13114
22099
12255
3097
21986
15579
32501
32388
31698
20823
31913
25667
1038
13764
4928
8228
31163
28258
16807
26869
24424
23384
23980
9635
17048
14763
7770
13944
7768
18140
12766
24507
32239
6464
23797
5889
4615
8351
11673
4572
11477
1336
3048
13623
23404
31521
18326
20985
13915
8262
103
7868
5415
2116
13992
18081
7970
9442
17541
12964
19873
2603
3314
27011
20675
1864
10995
8650
3719
9609
20018
2044
7337
9424
28218
22057
15252
6539
15007
6291
12870
27152
20633
15575
6195
31798
12135
22573
1249
10698
15843
11417
26763
3821
28655
8003
15663
23979
19621
30630
18138
25925
11373
1605
7573
13030
25165
16407
24283
18817
26615
17046
7727
27468
18311
5424
3839
17616
30599
26074
27921
29916
15241
19039
28759
23906
11460
24938
14844
30275
15185
5111
19292
5772
9805
1181
28748
25625
11730
24240
24196
27343
18392
12799
17523
23395
4599
1852
24487
12278
7078
14672
31591
7299
5441
20650
14445
30535
24240
24400
5098
21906
2593
14894
7134
18713
24144
7833
18806
22102
3080
24545
3556
29732
18810
31767
13584
20590
13171
13511
7660
29135
12912
25430
28786
28290
10906
18122
1950
23286
27698
13774
17395
11442
13600
22187
18752
10932
4997
27769
13644
27927
16345
26029
31623
21701
7905
9203
3288
8067
17895
22354
14038
12829
16245
11719
11731
32590
11972
4788
485
26013
15939
2806
16298
32391
2654
25842
21279
17030
26543
5046
26976
16475
30924
12823
10088
11759
4566
10714
2984
25305
5936
22110
28770
12085
5577
29529
18990
26185
18949
31178
32320
29959
25434
27082
32142
7098
32111
15226
19548
12342
13697
23934
274
2299
548
10727
26280
13385
14272
8460
335
25802
32432
27536
5930
16431
20058
9330
4893
11661
8867
4113
21337
30214
31521
27990
2591
13295
17893
13392
2304
1282
24795
4085
11257
30070
27104
18621
1208
5777
16673
22946
30398
11076
17473
28738
24542
218
18460
530
6013
8474
21586
779
18993
2400
32613
4989
23201
2494
5810
21069
12338
32351
14790
27299
1901
23497
6773
2164
3987
29763
22934
22180
2431
27241
4301
19836
8676
14159
28427
8517
18426
17586
14065
17819
6526
15574
10710
5600
20481
4352
27025
14241
24965
31911
17630
29018
23818
29983
17217
17189
26604
4102
26673
9319
32275
32210
22279
10244
31339
11205
5580
22093
15917
9508
28543
6129
29445
10227
5086
8622
16727
29340
1947
5690
2091
28535
18140
24295
30024
27770
8023
29779
15667
23628
28962
3608
3544
15096
11772
12062
6506
9495
28274
17862
18514
26053
19729
13476
32723
4307
18055
18375
8934
16839
12169
6516
18684
17569
2369
22368
11945
11650
11656
31488
22289
3249
21574
711
15789
7387
23845
5580
13059
9164
4576
9032
9427
3500
29673
7631
12092
24412
23656
4965
21758
27328
28026
30807
1316
2405
18330
24445
7079
10848
23782
4846
26526
3076
14673
209
6473
9843
11687
3301
5727
7895
27793
6467
26565
13030
1382
15654
16964
28782
6397
29099
20665
24397
12852
15795
22554
30364
23884
31014
13215
12423
6575
28532
23672
27222
14697
1588
9985
31911
5812
5661
28305
30860
4364
24175
14843
10117
4594
1138
22431
2924
3338
10274
28072
22143
17574
10405
614
24188
27085
14279
9579
21966
14359
26166
12816
2223
1171
22148
28670
13338
29531
5186
29202
3757
18446
31914
132
26987
10017
17851
23202
14587
31885
1943
4152
26374
28754
24616
14288
2598
7884
9372
25704
20725
15818
28117
13877
13969
728
28479
14411
3227
23757
31045
7321
12981
12918
22774
13091
32245
26261
32596
6824
3102
18829
587
16584
32023
14039
3860
20341
27275
4059
2462
10670
26146
25906
16791
1061
27512
2503
32317
4467
21455
11227
21041
693
9058
30512
13168
15338
20473
65
2312
5681
57
32115
27113
19762
15407
30061
22318
29403
30559
14231
6266
13904
32542
31355
13561
27166
30443
8604
14991
26691
13537
21613
11842
13614
8018
986
11438
23979
18217
29473
29766
1421
15130
13700
28835
13213
29022
8148
22352
26683
9390
4806
7153
3343
19276
5663
15024
13894
27607
10387
15698
14640
15838
3559
1693
31353
12694
30011
17878
26022
264
17508
20613
14057
17095
29324
21897
7940
182
28296
3719
10527
7266
29010
10423
489
19713
2493
29085
15449
1781
19508
9093
2377
5157
3303
17050
1897
6405
22852
8187
13315
10523
28178
6143
13188
25192
30932
29121
11806
16578
22013
29102
16472
27628
26546
31282
29399
10033
31167
28146
8319
19302
15317
32272
342
25866
10216
25869
16537
21165
4956
18144
9975
11625
10497
19717
15912
26387
7757
19096
31938
5233
26013
10317
19794
29822
18961
26625
28412
25154
4887
21536
20421
1800
20247
24742
5891
13725
30631
20977
23397
20224
13477
21166
22018
30938
1733
26277
9054
5028
17145
21744
3549
8896
10601
21781
12667
10224
14347
4508
24671
27817
18441
32099
21013
20982
12767
1699
14445
23602
31278
26782
19132
20690
719
7288
15001
17240
9084
21945
27921
4106
19780
13200
18450
13823
17103
32282
28012
29565
28089
8472
32694
7177
25483
3429
32589
30078
30798
16531
23381
18934
29058
31401
22780
16771
1050
25792
27553
1402
22319
10398
8607
18680
19212
13013
7522
9834
10020
735
9341
20982
13934
10273
21320
9763
21239
23512
18354
30562
12257
113
11515
8623
6812
9400
1225
13453
31089
28349
2563
14697
15365
19913
29051
26963
22156
29652
10452
1382
12765
8645
21269
8436
6089
22956
12991
7959
19340
8896
19487
15854
18517
15903
12427
10861
25440
22317
5476
17823
28878
454
11737
15178
13376
28704
8802
15524
3675
24899
27828
9154
28050
17174
11878
10508
18531
13997
4996
4900
11205
14201
20386
17024
12147
17275
7967
17374
15491
15613
23489
8436
31687
27772
6275
16302
5838
26589
27950
19847
25851
17895
28402
29580
24609
29347
20275
16288
26666
20876
1637
3465
13393
1700
19994
3286
26866
25952
30238
12568
1506
20851
16701
8574
507
3608
23943
28615
13157
29984
32000
27919
22197
14262
6303
21181
1245
31936
32291
5394
25236
6678
14131
20449
23398
17339
3433
12068
23148
23136
28559
3861
13857
14643
9134
31446
28220
13979
28972
27263
29823
30126
20082
14881
1249
19905
25024
1491
26363
12641
24269
7185
29964
30600
12672
14125
3002
29323
31025
21809
20762
2258
32085
10066
17791
9554
30816
12370
1630
8837
6709
12808
4074
17832
23011
7599
31034
4855
3640
21014
18136
26059
5068
24326
27597
7447
28965
23954
18192
31089
23437
14012
10336
11936
13252
14383
26957
9352
23288
27917
3102
8038
17062
13221
17795
27763
5609
7595
15070
12223
16149
16067
4610
27209
9335
836
15212
26979
13065
4963
13443
8695
19438
12271
18577
26967
19467
9914
3237
9228
24619
6424
10276
24670
24021
22440
10221
7906
9691
9704
30185
14307
23552
3573
24269
16254
17057
18143
3012
15349
9399
27981
15676
18699
31122
17032
31560
11174
20876
23050
1161
27804
9636
26764
25915
20454
15814
5581
21967
4362
12868
25974
9275
4155
14812
21394
18593
13557
23483
23180
13129
10893
1196
22565
1602
25106
6666
7327
12700
18042
28650
1201
28665
31973
15144
19218
29957
12497
31853
4160
3212
15085
16013
13168
31022
11893
5088
12437
5704
28059
26902
5219
9576
2459
6714
14412
21398
30751
4413
25205
18616
3446
5750
19705
25277
23760
28545
30785
10589
21924
16598
30604
12980
26477
28603
22965
8567
21057
26684
27056
19873
28582
11959
13318
9027
22800
2452
24814
32455
7461
23337
24370
24661
29211
29921
11387
28748
16271
29361
2261
1742
26478
21429
6404
2414
28313
10652
13643
21460
32737
24944
29827
9455
16326
31491
20366
28376
29758
26715
31152
3397
24502
4016
6071
10358
17001
4128
12610
20436
15569
25746
12627
26233
27816
16825
15249
6926
13035
2370
18047
13615
13611
26068
20018
2269
8133
14850
3854
22572
19233
4551
29557
21445
30776
21426
27695
5106
14662
18652
22395
32137
87
7177
14302
22241
17937
28771
12980
27012
24981
27408
32220
12874
25888
135
639
25132
31607
19736
14708
8075
16916
347
26453
15762
7273
27184
6462
23831
21938
29608
21710
2596
19785
32165
12644
1630
20063
15225
28225
21287
29714
27476
14614
27777
10591
31783
8547
11399
9483
11314
28370
25608
6000
4994
22911
21578
32115
18296
6951
4095
18155
31487
22119
158
15130
26096
8984
1204
10845
7803
12779
22080
30
4675
13972
21718
28306
18687
7824
27870
10077
17073
8704
1631
8590
24795
6374
2744
32102
5993
17057
18705
342
15311
3239
550
5582
17769
11713
3840
21841
9712
27590
13955
14843
12201
13858
10460
25992
5281
31754
16319
28684
32109
28569
24256
5801
8253
19514
15259
12609
23521
6219
11898
7787
90
4990
7641
6905
13551
19970
5227
24838
16870
3382
2659
23289
9215
14028
24263
19346
32577
26995
3688
6299
6693
2521
21132
30367
11890
14623
2289
31683
27612
23373
29916
14949
7893
16002
27909
11263
27148
25772
14089
19478
13282
18166
28227
27872
14176
14698
25706
26911
3132
29532
5056
5043
30018
30
5976
22932
13649
7959
19189
1025
26207
28258
10039
14902
4116
19289
31821
4606
15075
12202
11002
17107
30083
902
27071
2871
30784
26957
365
9691
19066
1851
19257
15755
16155
15548
18218
12472
31663
30160
30198
8645
15618
7351
32435
3911
28399
28577
32741
4678
8615
29136
7120
31441
30015
2725
8302
12829
16195
10175
16090
24928
15653
4812
14408
5914
10932
14196
31501
8700
28292
3995
27938
16881
18070
2427
11386
19555
19671
4850
12127
10621
22020
14482
9535
11799
23171
20843
15152
476
13401
11845
24559
27
19839
10972
24888
29098
32750
30041
26887
25225
5464
3147
21400
7010
7813
25880
20994
18453
25769
29211
5158
5045
1649
22745
18201
10749
14625
16143
7323
15124
26918
6843
28181
2236
13231
9839
26133
2470
22662
23361
10668
4994
53
12157
665
13561
6603
12108
32370
5738
31994
27110
1394
28749
3694
1802
19106
21300
15541
8769
22722
25753
11002
31957
12150
7356
21701
19281
11864
13394
17696
4327
13009
28362
13043
17393
26583
13760
15097
15080
11199
26463
16242
21500
26146
28383
29483
24232
14055
4857
7069
13704
3925
4971
16599
15305
25797
20564
26997
30108
16413
23783
8049
12759
29382
19946
8333
32151
18568
21975
3343
6231
29433
22973
12775
25095
27475
29545
29498
4533
23468
7482
21926
5191
9241
23912
20891
30943
21991
18408
29925
31450
26943
19554
990
1024
15698
10423
1640
10376
850
6281
17237
31284
28214
9156
1670
4062
8740
26869
32442
8553
28165
11309
28889
1471
6566
6532
6767
7873
23596
2948
12237
4776
3199
32145
17694
7212
249
19863
21375
20216
26970
17227
32603
31741
7304
1880
15562
1726
30677
5403
24588
32508
11938
19577
30353
7053
24179
16614
11161
26160
28791
15895
19051
8663
29215
13247
9315
19341
9966
27803
8469
16774
18411
19074
171
29737
20127
15252
32589
19566
16279
26524
18422
6224
20382
572
15664
26063
7307
26685
21303
9769
3452
12987
27996
21367
21683
18725
11161
2706
17661
3321
5366
3822
17320
4389
12927
28265
10228
1219
7708
32727
5904
32663
4479
24102
32710
30532
3829
28859
13201
6790
19931
19302
455
30173
11675
16517
9643
27589
17880
21740
8241
15814
31342
9093
30691
1893
28814
1410
19511
9406
10406
19306
29695
27168
30653
13912
2758
22661
3080
18119
1580
3160
15299
14537
28908
13591
11832
14737
2590
19872
13774
24533
13981
13143
20375
11286
17234
24894
26377
12367
24741
15960
13666
17708
5633
8306
22080
25528
24461
19413
887
19705
8721
16479
25187
22321
2194
21968
19266
11181
5768
1588
936
3464
6341
31553
24731
3653
24058
9603
3806
12155
7211
16871
27472
27085
20614
8598
2644
706
10177
17279
21303
31215
3176
3843
31328
22623
22088
9695
7487
1376
1407
31929
29251
4060
17446
26999
26694
21658
17854
24018
11312
29577
22334
14101
17943
31559
12560
23130
29830
31494
27453
2286
16026
27831
6391
17011
15923
16967
19922
16263
1947
30240
15404
18618
19253
11534
21293
20065
19135
32645
32435
12940
11649
29393
21069
1786
28657
18357
27862
5728
12560
32742
3603
11148
13951
4616
16293
3360
13167
23723
7753
30742
20446
2545
22544
27185
1522
1079
5441
2139
15407
5689
30138
16984
21205
29424
15815
26105
25697
23755
12313
18283
3432
7942
29964
2059
30898
8981
15707
22236
3239
14634
21832
24072
14617
18944
4667
2940
17379
29480
21652
19590
9097
17898
28761
14654
5648
30768
20731
5137
12207
3421
12143
971
22467
32154
462
4500
30908
25343
8136
13412
18897
23719
12255
1873
22091
26287
217
30741
22028
32204
755
2545
32247
232
5497
2448
10630
5618
13050
6348
22947
4711
18032
23304
8369
4655
3717
28266
7082
32648
23393
21799
21629
16346
3600
31766
8847
4767
19295
31049
2221
212
8633
2930
1125
9981
714
11259
16567
10498
14608
1446
25480
32611
13498
32654
1482
16909
26591
2227
156
5870
27167
23110
8943
4323
29412
16646
4805
9830
2572
27616
5074
8897
31037
25650
14408
11595
24509
25568
903
5435
25175
32224
5658
9598
24319
31269
25376
30736
12451
18921
29872
18993
8469
19566
17133
18755
402
26649
2024
30291
23538
21838
25759
30301
4244
23783
29953
17401
5130
21802
11378
6299
24141
6201
8765
11944
14550
17239
21122
14045
11222
13455
28676
28654
27930
18528
32042
24048
3641
19659
4293
5235
1122
20806
9088
23554
7675
7612
30316
13893
4352
15304
7863
1610
15384
22624
17368
18698
20914
5633
29165
23910
1570
23183
25166
24568
2116
22569
19857
18648
6721
3078
13487
1696
31846
32248
5898
22994
7693
6156
25841
17543
12481
5525
16686
2269
28990
15424
26787
18635
13939
29158
14721
23292
27220
9251
19530
31977
29255
4951
17319
27229
12687
17474
16584
29399
30871
30561
28181
20535
21709
23575
29727
26102
1878
19644
9740
26526
8200
9099
23571
22387
731
17270
6582
4110
6705
9861
23326
21879
3756
15881
26653
14903
2261
10513
13556
5722
4112
17165
28090
28641
12677
12724
20304
32737
5440
26046
21964
18129
32078
3031
18516
29570
5007
22799
28793
25869
7602
25768
4389
17602
11969
3132
24961
3155
32604
24727
14816
26729
28325
22620
31316
25650
3285
9942
13068
32069
1211
5621
5276
26143
32724
4714
7984
9745
7396
17153
13649
23669
22733
18373
10642
13810
7740
32547
32604
2852
16315
15772
5116
19951
2369
30230
6251
1469
13882
2020
27343
55
9382
541
2475
16944
855
2556
26008
19882
3403
4587
27500
10304
27876
22422
11337
1476
26087
8972
15314
15987
32695
22427
25127
30446
11604
1420
1008
30041
7473
26800
6317
7554
21143
20548
19932
4977
11628
23808
20980
18399
6819
15032
9910
8179
14399
21394
16111
13716
20460
32764
11204
24597
4851
9204
30680
23348
10512
23661
15045
7497
16644
8256
24311
22422
2924
29798
1820
25142
28877
5624
9855
528
21901
11888
10708
30669
28891
28145
14280
22883
27787
14307
32306
12206
5368
12401
22542
24
14375
25348
29364
29418
19714
4202
24879
28043
22263
2169
8572
7383
1967
4940
3127
30235
10235
7820
9278
21282
13750
31949
20067
4521
20812
31035
30088
10884
20170
12348
7374
14450
14703
20140
29927
3390
29723
7771
21896
28165
28699
23461
10268
7056
3036
18094
8295
16118
26567
8477
13767
9079
29637
10033
25887
32760
13190
22633
29396
835
24762
4993
3890
3949
21651
26046
786
9236
26541
25443
17193
7027
27219
16384
4215
8768
27106
9781
3740
4591
420
5798
17086
23796
22211
20324
10259
23196
2911
4300
28782
14750
20414
15783
9952
27743
7905
18781
4303
31104
9397
12095
31653
24596
12662
32462
11772
15332
11533
10732
25518
8884
21076
29564
4413
23378
22932
1919
13750
1887
15873
26658
14678
12660
28970
15053
21955
29312
6352
18311
19682
15687
1093
23263
11015
30882
22841
23740
24643
13370
18457
13017
12838
19265
1347
13682
23140
23567
19201
15377
13923
2912
27390
24177
4500
4514
5758
20538
4538
16822
28230
6385
7456
23307
7938
10568
18591
14775
11353
11755
10114
20971
30803
19910
92
7650
23447
19492
19804
20580
16061
20541
30173
25606
20541
23845
1761
2229
21369
31451
23942
26644
30779
205
32693
30727
13122
10653
26254
27850
16470
16100
21614
19673
5402
25343
29624
10362
7456
17822
25779
23290
31310
905
11243
10827
2395
241
10421
30450
10873
573
24625
13705
22640
27091
15208
27811
4838
25453
7612
21962
7187
26032
1343
15402
22966
13103
7305
24532
23973
13339
30766
8664
7157
8999
26699
5436
649
5588
15117
3336
8068
2826
22839
22751
27381
22920
26703
15886
15523
26731
18368
1034
18633
7770
8431
9382
27268
10454
23491
3973
2734
19270
19133
7230
29688
13014
46
17556
5703
21707
20378
827
28287
10490
22393
6665
18119
5620
19098
31423
13329
27001
8968
20921
14662
1541
16913
30291
1765
22790
30224
9520
1100
15600
6971
30948
2894
21433
15926
12808
15678
20470
16192
7737
18026
14621
22327
6344
26225
10646
26249
32139
9576
17374
29027
29564
5001
32492
8959
24659
7637
23220
11591
1337
28654
15076
23070
6065
2083
23369
28458
18831
16676
25043
31245
17216
6918
950
20965
347
21243
23004
1619
18280
13489
3001
9471
22626
28783
17267
31045
32623
13962
23230
15670
10390
6086
22224
18219
22591
611
18840
20623
28876
2422
3886
22840
22028
17303
10432
12827
20453
11257
13984
17951
12808
3118
9052
2939
29586
9483
27905
4796
2091
8042
11413
24329
29614
30268
29804
4111
9939
15255
4826
16546
28112
20616
15060
14514
23330
14468
28985
14334
139
18036
24030
7809
28584
10056
12467
21876
31397
25169
2669
7986
19431
16708
3753
17882
25700
10908
14721
27768
23193
20899
16482
26856
17983
12483
27509
30657
30437
3788
24056
3643
4870
14811
30460
9270
29495
7944
30182
28777
4614
4814
16490
18310
27487
9654
27494
27701
8523
11917
2982
18732
14586
10033
25369
7246
6658
3746
19138
30088
25526
13878
1521
30472
24973
3602
11008
8580
26955
25341
28063
25814
10855
22157
4647
32718
16286
23087
27663
29591
2188
25161
25799
16221
168
8203
20490
24504
604
4935
23164
29180
32233
28115
30956
15074
23053
22932
19838
3878
3643
8655
14719
11404
10561
17910
6385
12295
19764
2175
19359
10586
3609
15629
31723
7330
3858
9284
15592
21161
29403
3933
32158
14547
30583
26781
9402
24049
3974
3783
12483
4378
14856
11805
16733
28687
25246
10299
8367
746
182
25588
2935
10409
16818
31056
20088
2161
13120
20322
24302
28497
30697
5422
1999
2687
27861
23568
2025
11024
23079
26500
12771
12309
803
4636
16592
26349
6881
11583
24779
3327
30673
19249
12109
18793
9480
5704
27307
17801
15838
10028
3241
1331
4051
15413
2358
29352
10166
26841
8374
11016
18693
18257
7152
7264
24851
17708
8678
2936
11565
31908
13585
3587
21132
1229
5034
14189
19337
23477
8090
19833
17142
24631
15968
17869
12256
28632
32372
15771
28285
201
9066
21229
21619
8945
28342
26459
13283
16997
4397
29512
9537
298
21541
653
24449
2205
16263
27964
26655
3548
1021
31949
24823
23930
13587
19545
3355
27448
3953
2768
689
6373
8178
2677
14114
6396
32511
2091
21721
10393
9321
1277
12719
15088
6482
5554
7159
14945
24878
392
11424
19798
11755
6784
22611
21348
3867
6366
32667
12595
14081
10321
23527
30292
9005
22982
28252
31172
1045
21304
2965
11710
3462
10057
23608
28465
8162
10536
10401
25680
2374
8817
4000
10941
32236
9767
7739
25772
21630
22433
11381
31708
7323
17196
2919
27303
26245
25438
28635
14224
23729
1087
32271
27440
6141
13470
97
28272
12440
25486
31998
17119
14732
21293
22668
25751
13529
28526
12316
6181
26219
18810
24627
12217
5841
13754
9204
17068
4609
16936
32467
25082
26685
8124
20146
28276
15725
26806
5442
5963
12613
30708
20065
10874
14994
15877
1198
26744
15954
18376
13550
4506
15491
28398
8937
27811
9117
16389
2267
12607
15898
13051
10724
4085
17826
12237
27679
8633
20391
24319
9383
27476
27392
26555
15230
30397
21305
24952
21717
31161
16151
3452
27413
28986
22310
31601
24411
17178
12689
2231
27589
2726
28940
11028
9174
20679
7579
9479
24381
5086
1775
30875
2086
10370
32386
22139
7770
10902
14650
13744
1311
11443
23769
28792
1875
12463
8457
21882
19999
13926
23922
18349
4820
22604
12583
11725
26966
25263
11518
22569
10611
18649
4002
1493
23502
2599
10950
7939
552
14014
23382
26659
21862
6276
7206
6920
763
25266
17828
9955
20071
12595
8826
14418
1198
19954
21479
6315
18148
21609
2660
18252
14180
13787
31453
28431
11903
1442
8477
3455
29147
6970
9695
7744
32368
14608
28652
14978
8111
29151
1373
21476
24919
32648
28916
3441
2206
153
24982
28624
25258
10639
3826
16507
17650
23199
27139
31541
30
8522
12469
12981
22611
2825
20002
32421
8133
19276
16658
24669
8396
32104
2770
18833
28285
4450
19721
28277
21494
8001
26549
25677
1583
12935
5861
13434
27555
2930
16479
10900
18821
27073
21201
5963
7287
6329
15975
11134
29721
18360
22656
12035
27012
24836
15554
17709
17721
22362
25390
15735
32746
30576
22144
2471
1408
31531
22296
8185
8147
11125
15162
5781
6572
5178
18566
25303
24311
24514
7684
29065
29583
29985
907
15351
6174
31105
5581
7544
28931
25967
20650
2201
9936
21719
5901
7661
10469
18211
2686
12561
4986
26258
11437
4182
6127
5938
6140
6725
16605
9478
21995
27875
2527
16024
29539
13806
23987
15728
17942
1999
26843
7320
13581
18311
19468
25630
30886
15199
1417
29578
7724
12449
21973
9831
3349
5256
21561
25462
18806
1591
19556
23759
32445
20593
3868
2177
28444
20876
23946
18754
17744
32594
20204
5871
4547
6306
5451
12128
18279
8692
11451
1661
480
19303
27578
8668
25327
6376
6035
11969
1336
6748
14714
23827
27051
17200
10011
3045
24436
15456
8703
8566
12353
27115
7136
2260
12708
10654
992
5172
10183
12757
4923
26629
20876
29872
27115
6101
6751
9124
10539
1878
9070
438
1969
12948
10333
938
19411
19961
18677
19884
113
13728
17403
32166
25309
3082
26420
26422
4037
26060
11986
4771
18941
8627
1637
8826
6291
27023
31300
622
26429
4714
167
23362
6695
32224
18578
11631
5062
28311
3763
16140
20242
3207
27578
22528
9354
17373
22476
10809
4349
17351
21701
7572
4681
1683
9118
15210
11569
14707
26121
8672
4642
10284
10967
9040
26681
29672
21079
24447
32679
15603
6660
3655
16845
1123
26319
27784
13851
6762
745
8512
7702
21434
20551
20320
12937
1665
18062
1482
27740
18616
27203
5741
3372
25123
815
4925
18665
25806
27909
16074
473
2192
10266
17603
1419
29270
28766
7936
8833
15925
15692
15881
74
2372
31563
6919
27038
15403
18146
25922
16148
24956
18108
7970
27323
15257
14223
26286
1519
17454
712
24837
79
22828
3133
32241
1279
13395
2858
16722
14246
24674
1501
3032
10357
5033
25810
11151
15618
2539
28019
25933
5819
9964
28604
13402
15628
15632
455
32559
6731
29248
28115
28959
17842
30530
32370
8849
11045
