500
20336
3857
1164
21589
9589
18185
25155
14815
15697
17802
26353
21961
6510
367
2956
30654
32402
22505
25919
16158
19799
11312
26746
10682
13889
6409
24627
22037
3936
18921
7468
814
28127
7463
24097
30990
13545
20555
16334
6486
27520
23612
19900
14414
27839
29452
50
20350
414
2480
5754
30452
7596
26879
30698
27808
20176
185
2805
12690
15567
523
5525
13780
14521
20111
14986
22985
8151
22422
16036
3384
13725
7405
31315
5111
2509
20732
26975
29440
13341
13832
28475
19812
12036
22170
13966
23835
12514
28325
14430
21454
12896
1100
1571
26224
25345
1882
21733
4584
26699
26944
11980
20281
1463
17281
8126
5998
28421
32157
10536
28585
30259
4510
2759
30374
27745
30326
30179
27830
30377
15677
31880
24345
25848
5786
18055
9447
7739
28996
32118
2302
12892
8731
23651
28054
19725
12704
27060
26997
21676
3004
20935
855
5725
24678
23377
31159
31312
10467
16147
11940
25189
8701
3516
15180
20569
10441
25915
5961
7001
26837
32569
23600
12450
22939
25064
19394
4395
3853
12055
19001
30820
31278
16132
15050
21071
27838
13463
19056
22607
28008
6899
12613
21933
13275
19313
9970
11900
2338
2348
9578
30267
10821
21773
5567
22286
12573
14546
24194
7169
6055
21043
18244
8675
7135
13078
7171
6392
30998
24520
13507
4335
31781
4981
23333
22156
20521
30299
23606
23997
13742
32460
4579
3013
26258
25735
6382
1250
32651
24323
14814
5451
6758
10265
22551
24180
23832
26492
27401
13948
2735
12343
9718
17739
28036
12403
9801
8535
8039
2018
2724
28048
7519
5761
13264
17042
24576
16403
23083
6761
808
2683
16914
21227
27613
25636
24519
16795
3912
284
2074
25476
28611
23048
12681
8587
27172
12566
6846
15118
10882
16991
18805
17498
13852
18205
1731
22828
9994
17267
10903
12744
17714
14530
25781
15660
3761
19418
10907
13409
26476
26416
1100
22335
30994
10099
31083
23193
15073
22475
6816
27213
12959
20678
14089
22878
15506
7501
28695
2004
24592
498
5020
22510
10895
855
483
358
25504
7410
23840
23662
18185
4528
4110
2290
6278
16643
29891
30280
3425
6915
5
10497
29766
21961
13013
4584
26958
18295
8077
11544
2749
12453
24705
30582
30788
18302
5692
12540
31777
20817
23680
24836
13325
32630
28281
12353
30311
20060
27067
10144
32375
21642
4051
21270
6996
3064
29989
16434
2065
13872
4572
3833
23507
13465
1708
17534
2414
7312
29436
32328
19246
8037
20992
13890
21577
6255
5434
8889
5145
19030
18590
26219
12378
10056
11819
27608
4922
9661
9123
26665
25732
1759
18478
28846
28057
8050
13162
25045
25330
12707
18619
17888
28339
20653
16357
3294
22907
13489
18272
14745
15366
25779
9013
31566
32465
28372
1791
9973
15988
20744
16564
16782
21679
28034
8494
32244
19999
13617
24516
24555
3824
7748
8862
17441
31850
3208
16770
4812
12017
12020
17934
4557
19645
32516
32617
11346
22128
21142
7417
27268
24205
15190
23664
31147
12262
20289
31720
22707
18350
18508
28256
25104
20860
16393
31899
18185
6216
4964
9855
14540
14515
7820
28212
20612
15475
30750
4377
