3000
17400
28985
22572
13337
19065
3920
2797
7670
11457
29957
28317
9764
9532
22818
3468
27287
2730
30672
13264
12033
14347
21055
22958
23064
7974
7277
83
26339
17264
8691
839
4702
9352
14090
31793
6819
16544
23640
12203
15581
22381
22946
31700
28686
12504
32575
4495
25894
19198
27467
27730
32510
1552
28991
32281
31069
1791
3292
23551
28592
7027
6991
5193
22404
17940
22154
19276
8470
20762
8953
5560
22882
28330
32069
29436
21463
13538
15145
8184
28077
1748
2212
32361
7142
14773
29359
141
3413
22239
4110
27889
14318
3334
4190
13631
8196
3528
6589
22717
4790
1408
1975
1370
16712
10850
9763
1031
11344
6364
14045
7645
2054
16778
8129
10904
20595
28474
29004
22950
31423
12137
24894
15739
2009
6311
19645
4616
12164
15700
2837
11671
26849
8701
19408
29132
10570
13222
4077
4317
19953
22319
16864
13856
6488
485
2589
19456
7594
2574
3303
7897
23444
14255
14427
13684
4976
8688
9540
21753
13704
17217
11356
32744
18987
23821
28720
7117
13485
31377
11745
13171
12951
10899
10910
17515
11717
18898
28717
27747
3698
22130
24951
11561
20828
31650
14048
7173
8541
20868
767
17573
17439
1022
6185
21627
2298
32463
16338
14119
5399
23830
19447
24005
22021
18032
8817
8451
20676
11670
3509
10416
25646
12181
3848
4585
10426
15232
2454
25337
7366
25191
9468
15617
23354
1204
31198
14742
17961
21043
10989
4301
22742
21595
23381
14883
3890
16263
2426
14176
25754
2748
14610
11233
21235
27498
24920
14485
30609
5409
11967
24571
31791
23853
16817
11850
962
2397
17526
16444
12049
28852
18420
29385
31614
9545
21723
12408
29103
29439
17466
25396
17481
30367
28509
29089
23685
21150
4373
7454
24614
4526
20253
21454
13223
16787
31402
6065
11260
23149
11729
3252
10562
27328
27221
7677
31096
6188
24549
11414
23014
17171
28334
8106
9846
18119
23568
11951
26847
29017
20916
28547
22193
26919
11447
2821
15249
3560
16479
6729
8675
22446
15220
29299
11495
20116
10049
25422
30433
5466
8244
415
9916
9314
15282
17054
12609
22521
16571
18537
12369
4720
10135
2670
10759
2725
16553
25686
20312
8596
23044
779
3800
22610
32699
31663
5742
12922
8276
27813
5780
20504
14709
26438
18195
31493
30601
27750
19870
6785
25782
23630
12965
3767
6291
28918
1592
3081
15291
17943
10460
23463
23883
31376
20686
17980
27756
32451
5000
32336
20529
15303
6450
29196
26316
13197
362
2614
31931
16751
1572
11674
25736
31177
4345
5007
27731
24671
10336
12890
13044
7918
8240
15738
23952
7609
23815
1749
14973
1036
14596
24404
27793
26987
21123
23462
21230
6941
16322
27611
27114
12523
16934
28334
31727
16876
5567
29221
26008
7568
5565
16461
6863
28411
5431
16787
25132
9258
5347
23007
4876
24332
23660
25727
3867
22871
12356
32194
28089
5116
24232
27995
6297
1566
17154
579
16888
26401
29991
29536
12187
14289
21697
17666
20141
27434
174
2420
13511
19366
18252
9410
18759
9297
21698
3185
24052
22072
14843
14087
18175
31556
29016
14411
16671
10498
2802
9780
21549
4455
21200
31861
4634
30791
10635
2616
254
23911
13185
3660
8918
31581
27827
15030
12018
16709
30111
6820
98
31255
5533
3628
22579
18563
4884
28269
10529
18548
30980
11821
21971
9268
4964
30443
25545
19646
21611
29358
4661
9931
20145
15564
22642
4380
17442
12844
25117
12209
7641
4823
31447
16100
4179
31736
11749
2496
17628
11758
2247
13508
11262
6530
16646
148
13188
28017
25781
25607
8376
17501
16049
1987
3994
25052
19900
609
22601
22250
15347
7846
19349
7298
32228
26498
29832
11157
10196
4285
21943
21806
27457
14921
29386
26852
23799
18724
1356
27150
18944
28651
8434
22078
18224
1645
9690
2511
23821
1590
29557
6520
4153
22262
10308
2532
9809
11366
9017
19505
31915
15115
9285
5440
26742
27128
4900
31096
15532
17972
6406
21589
31520
18643
4430
3257
4378
7143
1932
7262
17134
12709
12879
17948
31665
251
11573
28495
22838
30275
25896
19472
2000
28598
19501
16081
23688
23042
2673
21291
27121
21443
574
6697
25072
6500
11839
31799
21469
15232
27261
15637
7846
9170
2690
11481
29531
7243
14081
10456
16317
11841
17003
13445
25622
21795
29192
27859
6053
7289
20804
25028
26745
12525
23595
2931
21763
22166
7579
29829
5283
18154
16625
8221
28436
8706
13853
24278
22301
32260
6555
14975
27224
10611
23442
2133
27073
163
11846
7514
4158
28957
21687
27083
22748
9685
19915
27634
507
19020
3732
1158
30975
445
18118
18046
32265
19102
16807
14831
6596
24182
31632
7714
6849
27349
27485
3313
18074
1328
25908
25605
19002
19688
6663
24853
3726
10030
12006
15453
20454
30084
27348
11909
13290
18741
25663
12061
30827
2238
20625
20856
20077
7427
31445
30419
7278
18901
18284
17387
18079
7907
22678
19064
11355
17920
29301
14887
3164
23899
201
13502
27934
11205
22267
11039
29471
5289
11432
27705
19813
2833
997
25188
25155
18299
2423
5195
31682
5963
24066
18047
23870
13044
21062
20260
11492
18121
25054
4079
18277
16107
29439
21392
945
21873
2998
15091
31862
27561
21421
1127
6159
501
18115
24715
20954
22173
31097
367
650
5418
13625
30685
6174
23591
2833
13925
26421
13878
23918
25104
22856
31900
12446
18342
23901
12017
27720
21623
1250
6618
11108
26973
8621
11178
29018
28542
27723
21653
20423
22602
30729
29439
6792
23152
21975
19981
1014
20307
27455
888
27929
22593
19245
31916
9370
24134
3053
19749
6686
15256
25907
18496
8198
11850
16592
7760
13565
14434
27255
12088
3537
23977
15869
27751
3628
19322
29897
6088
28812
6428
28807
23793
24322
8092
8271
5160
17027
20917
10364
23731
5030
10121
20433
2630
19304
18435
469
27257
9439
19199
25939
26406
12537
24678
26388
32635
7431
5373
18608
26458
30249
21797
15613
184
17053
26227
24899
14535
21795
28123
6415
28302
14455
84
7897
17341
20213
20765
32069
12477
15649
12104
3765
32149
23533
21090
11763
18285
9135
15639
14647
29764
19072
14590
3921
18448
380
19213
3886
9649
12713
15093
6891
31498
16242
15040
32629
4127
5595
14208
23995
17185
1722
21033
5373
21729
11780
11676
32027
14702
5035
18597
30818
22356
17621
31685
4084
23298
31328
5534
19699
23150
18217
31754
10395
1051
27240
14114
5078
10123
20800
4810
28172
28114
27553
8060
25543
21135
20238
28577
20130
17863
14952
16002
2237
15673
13127
26539
30352
15647
4085
1864
32109
3174
4417
12879
19523
2202
28836
20570
13923
9985
15695
29433
31699
27134
24240
8999
3440
8964
20256
23049
1013
20820
7303
20424
30165
30489
16631
32165
29741
28371
7318
277
3483
8621
24418
19258
31469
28952
7711
13816
26844
26240
17879
8646
32428
27963
13238
23774
26555
7337
1741
10433
6712
29995
30766
29093
12569
31298
25735
27219
1314
10919
29830
13584
8993
29089
26958
24652
1800
7705
29224
25822
20915
57
9454
19605
24564
30634
3143
6090
19882
28759
23301
20179
11667
22915
13933
30209
6584
23392
13420
7198
12429
15035
7236
6501
10317
24637
31239
28526
1640
21639
12864
4164
14246
17672
2909
14934
18114
9708
8285
31615
18636
26946
10066
1610
21924
27316
29806
30332
7888
4157
27009
9006
24089
10966
8920
9550
8955
4142
22535
22486
22456
20565
21627
26940
30820
5476
31005
10920
28896
23270
17893
8838
21023
8848
21724
707
22503
30273
12068
6952
2235
31761
17434
21507
18856
14368
6434
22840
22221
734
31405
24203
27130
10958
31058
863
6972
14899
4784
20188
32305
21977
14964
9543
17303
15626
3283
29457
6023
10554
3756
20171
23552
8485
14922
12143
23663
19441
935
9283
27612
21931
3963
8618
8528
18585
15236
15481
6707
32518
24437
30339
2052
17565
6704
19580
23128
4332
1985
30343
7093
28312
28487
19678
8267
28732
3130
10507
16392
15802
23568
9156
9409
14329
1384
2503
28801
4169
14821
32530
9408
15090
27791
29501
23887
3936
2700
20195
14160
13905
18830
31545
8527
7667
23977
22827
31371
13255
12111
15069
13796
23087
22531
24151
20255
32330
14517
11819
13634
30769
13592
7890
5482
3440
10643
939
31966
18949
12218
18220
12721
9572
24291
18451
19052
4872
21901
32146
15419
2883
17789
3830
31048
17625
25544
18351
30302
25784
26599
11026
19865
13515
9586
9708
25769
18934
11668
19836
31702
1954
7564
30928
19200
4366
18822
545
21415
32085
23942
26985
6295
18136
11960
5799
7058
28908
25353
10760
5472
27470
17186
28191
25503
7527
3012
8404
4072
23618
17589
25348
20795
24680
7745
8495
14646
29050
18574
12371
5004
17249
24130
9846
31570
15080
19875
3937
32227
29317
17529
32588
16163
12927
7736
7984
16701
23243
12662
31926
13011
5746
28496
14238
6910
2026
641
19450
4086
23544
598
16023
13575
5393
19902
31246
22400
31376
17272
16
25798
10037
17333
1423
27474
23443
6065
5487
14054
9868
20458
12111
20400
12199
13028
10124
27782
27023
26677
31265
5988
14451
26284
31674
20350
1515
18215
10029
3492
9957
31731
13740
27109
19840
28133
17203
4558
13911
1162
24500
25661
30596
29327
32316
16109
28650
17613
1388
15637
24147
18210
31687
17993
7000
1588
31256
13678
32589
23383
13270
30223
29778
28306
2761
28489
22126
6056
23798
11035
17215
84
28196
4710
28363
28084
27299
29607
8870
4286
21310
32456
30052
3291
27287
23066
6591
1201
27828
12765
7993
7177
17254
2075
5737
4311
30131
5546
31953
10277
13940
20988
23126
9171
10397
31883
14101
2580
12106
22233
3111
23966
28793
9643
2129
29488
12698
1095
22171
17130
21960
9892
12568
28153
21958
7515
28051
25832
25626
28314
6718
24158
15828
5405
30325
12038
8676
24810
17541
14906
1173
31119
31805
20511
21470
116
25114
11339
25919
5027
22240
154
23579
6185
29088
23832
7685
30316
31715
4125
27782
12177
30982
16757
27459
30694
13312
5844
19966
12497
14291
8896
8322
18329
235
14290
4789
25604
28295
31387
5958
21181
13861
25977
11493
22079
17241
29704
32055
27246
13520
27735
5981
20604
6667
17036
14227
28460
6579
20156
15733
21079
1942
1324
8861
1384
30983
7381
6255
29031
8502
17816
24909
29568
18144
30064
6037
24557
17733
17134
5145
21361
12217
8959
3465
27962
28919
7434
20268
14225
25789
12617
11286
10742
2220
16989
21688
15185
1154
15562
16124
4084
24033
3368
7908
280
2669
15991
9753
18756
11395
19173
30257
11379
10645
11657
20465
18092
4570
3696
8590
21459
21283
2673
21707
21667
32671
11683
4808
29171
22096
14785
9220
15214
25684
28280
20359
23711
22440
9293
23415
15839
6343
21419
23502
8275
19430
28731
30232
27370
31960
1222
3739
18946
32285
4890
21894
31574
13011
29469
8512
24692
2464
17292
26489
30781
27435
24497
29424
21901
14042
12175
9522
17094
25516
30584
12297
8882
30726
32259
11268
4475
22597
2036
13375
24093
17451
30958
13866
27990
23455
8331
13136
8639
5683
22307
23573
18050
18455
9531
29679
25513
22019
31163
2816
21189
23855
24037
18022
2122
4108
28083
22110
7135
24260
13632
20766
10787
5538
2443
18972
21951
31162
25863
13044
3985
20050
3693
31850
20408
27006
2160
21703
6087
27172
26183
19774
1832
27146
20290
985
5400
25121
501
2676
28509
5243
20876
24856
2059
2086
14497
25842
20143
26078
32174
19204
21856
26499
27631
16719
25684
16465
17836
9604
22652
18012
9531
4037
3563
16567
6032
6792
27256
21841
20020
23410
19120
30297
5128
25746
30840
27609
23252
13369
12060
31501
6588
21823
19983
6653
8093
24433
22329
18274
25408
25441
23
17758
2541
3593
1963
10943
20340
1007
21275
7798
24147
17472
17683
3627
21444
4795
19715
8198
16744
440
12452
29654
18343
1956
10273
5689
17992
12615
5672
17267
5893
3509
8999
15816
2752
24172
23842
10642
12575
4653
9597
22080
4360
21247
24154
16998
30509
17483
23634
13559
2849
18663
8458
2519
12374
31296
8168
5843
4374
27249
28780
9933
28021
16313
18139
1843
7040
7472
18764
2966
32334
11719
4660
5602
19241
18924
31322
28531
32712
32271
25583
21780
9257
4809
23683
12518
11794
14054
13691
9061
4019
974
4692
18262
28399
3579
30045
4212
28641
10441
7210
26577
30447
26744
9711
1169
31302
29421
19300
16149
29595
30258
11047
10973
7469
10385
747
216
24335
7784
11221
15029
20235
5040
328
20970
14575
13736
20894
30129
29623
24016
30185
29341
30561
10369
4726
29902
29554
20184
26268
26973
25587
29945
15244
9806
20279
6979
32174
19851
22641
11646
27369
11902
31887
24230
14655
806
23872
31596
14953
27287
5131
12395
16300
7293
1951
28835
18508
6199
17130
20668
30982
17073
13202
21188
4476
18683
30003
5571
8671
15637
11100
13195
29546
25190
18536
23775
5275
32290
6395
6469
14891
24202
14707
12462
19457
13317
6220
8360
20404
20451
32434
24902
2938
18883
30681
7474
15611
12321
4256
13307
27868
25692
21322
19125
14756
26889
11944
21736
3550
135
26906
25021
26001
20705
10957
9615
1745
19187
17621
31813
16618
9812
10392
4819
6152
26462
26180
4868
11397
26179
24727
26323
16771
28143
24184
14718
25799
18477
32737
23337
24456
4244
9354
19800
22296
7546
23957
22031
12926
27003
496
439
7982
24138
10190
2498
9938
10459
10004
4037
29432
6920
12750
18507
13757
29108
1580
28121
20073
10869
2249
31478
21112
25000
32736
26517
32057
7956
12423
20671
8010
23121
8513
14350
8218
7106
6084
13271
29165
22154
28810
5407
30462
11863
12704
11584
13472
22114
26651
15572
10487
23981
24501
21221
31763
12027
1286
5483
13252
10764
17001
9495
15305
3775
25539
11001
31449
17219
29214
11039
5019
8429
3714
12451
32689
29550
11457
30663
32483
1707
7758
17964
17165
1700
24740
24251
11739
4853
2880
21009
23977
27453
15499
25825
22973
31717
5974
4459
16850
7445
7914
6463
24440
28471
5305
9281
8163
29860
30796
29929
20782
20190
2009
14328
11288
11383
9948
6914
9944
24584
539
407
9625
1063
5960
19414
13204
25517
31442
7194
9991
31303
3203
8340
20856
10318
5695
4912
1632
2413
17586
4307
4343
27997
8857
32093
11034
18742
16132
9094
15863
30472
32601
2112
14477
1923
23551
21829
3459
25597
3446
14145
16114
19973
13213
30282
26369
4731
30388
5151
9409
25778
1883
22943
643
19335
8497
12344
29803
30682
14849
30408
27214
29537
21868
29479
15040
13917
13779
2191
27347
23549
13931
4086
11410
23000
7505
16510
24343
9385
16402
11646
1615
31612
16141
5902
11775
15153
15307
31121
12740
20829
31448
23952
849
16493
14867
29372
7939
23001
4589
20460
8587
3629
1323
3534
10684
15322
25526
31530
25533
15663
3405
13354
20307
31633
28680
15467
9259
6709
9683
25367
14233
17753
24195
17951
30533
29720
7198
4745
14909
7556
7650
9249
10759
30021
9840
17076
26803
28487
10787
9504
14218
21095
14964
1080
16715
2213
17201
8266
20694
21891
13424
30311
21193
8680
25676
3971
17635
1877
22010
15725
18063
24583
2502
1798
6929
19898
32458
19303
25695
3938
11717
22405
13085
22365
5283
9721
24881
23361
8558
8355
10024
29947
12931
10859
5575
14599
901
32159
31120
6052
17269
12666
21712
4706
24348
31423
7428
26678
22613
17437
31674
9201
3475
1248
16536
21770
26127
19088
9716
31575
32261
16587
11337
23830
10041
3508
26655
14006
23347
21712
14576
25253
29089
12895
2049
10725
13866
24446
6596
736
5162
18042
15304
30622
4382
14195
26859
1537
19230
20530
20868
8434
918
8681
27576
23538
26974
19880
31009
2977
28785
30790
20090
27675
29500
9058
28421
22825
30405
21160
11221
27830
4561
17204
2884
24480
29369
13106
28570
26181
3713
5848
12498
10096
6017
26031
24981
13913
18217
30525
32635
10030
15295
16943
1399
18115
24496
10209
8364
15045
13547
17852
4279
25337
7988
12400
267
11847
31749
28361
30141
15654
32666
7385
16427
29277
10542
12398
26516
8152
14469
16553
1345
15148
26050
8700
9771
4600
27706
26332
4928
22705
29344
13412
24114
26789
663
6193
10604
17642
4120
2012
17501
31021
848
14478
7238
13616
16496
2643
8240
4664
18049
13144
16035
9724
22477
6662
30695
8114
13884
1679
29918
7649
26037
12930
1359
30061
16781
2777
19381
844
24784
12540
7666
24938
12536
11892
15026
2511
6539
35
6746
22885
31496
27394
6751
29015
22697
31441
2706
8712
14353
26439
13364
32342
26759
12633
22609
11132
27056
1765
10226
31763
14269
19596
1877
4759
25857
27329
5862
4634
23150
1605
32275
18166
14428
9942
31484
23537
23648
8570
29601
8306
19626
11439
18569
27911
2585
9475
10121
22806
22509
8730
15397
16431
20825
7256
31184
6629
22511
15752
25838
31102
21933
6190
9980
25860
26729
12309
5165
1119
26124
10899
3871
2945
11276
10139
11449
28377
30130
14536
25085
3597
9670
10676
18371
11738
111
2238
11369
4291
15522
4352
29705
24990
6954
15350
10781
25278
2243
26666
5106
31628
3515
15454
25606
25307
26931
17376
20400
7364
13506
26497
27974
26972
18329
6741
1387
2776
6595
31258
24669
20476
9480
15837
16361
31294
29796
6042
956
10623
32092
6821
24251
16365
16519
18779
15668
18526
22192
20888
30826
4380
10345
30077
16096
32576
12531
28969
22615
12649
17081
490
3592
21549
25828
24725
26245
4738
7702
21979
32704
27950
27756
31683
9899
13006
30085
9944
11570
15091
431
26683
29816
107
29614
2763
16298
30685
30049
2766
13642
22641
26448
30047
145
29726
22167
16745
21649
10333
3271
221
21276
482
25888
32185
21286
3658
16560
31044
31611
22386
17381
23811
2794
22502
4947
25640
5592
7180
8862
25463
18910
25706
20707
19048
28980
4296
21377
22348
4973
5413
27970
28266
2401
5046
3905
8138
3795
9199
8837
2470
17429
13458
4741
10755
10610
30816
7957
786
12072
21747
24098
15799
3060
5446
23043
7861
7981
8394
30311
16189
8707
17639
25738
5674
31074
26417
2910
2262
31719
23206
4553
20956
11748
20908
23769
14821
4165
14061
20296
4697
24625
24821
23201
9848
9921
15664
2511
5818
28607
24323
20822
5394
4133
22552
1942
9574
9409
12798
19727
19367
21140
3035
15237
21090
12987
30378
11157
8166
25682
32494
16310
16641
15205
3249
12647
2256
16400
18670
10272
20235
19493
24662
29804
21565
31507
3910
20076
4379
13366
6894
26692
13532
31346
16719
30952
16563
32450
6944
26912
23280
24457
32425
4568
30687
16815
18760
31314
10277
23302
22589
30180
10009
5920
18323
22548
19022
8593
29687
10723
9124
22060
30690
27695
30392
6496
28544
936
15163
22934
4387
32587
28876
3853
15847
23681
2876
14007
6011
5754
31735
6628
17677
16046
18243
13473
1474
29393
22269
17443
4196
21337
27349
26930
19296
3516
