11000
22554
9694
21060
30103
7064
14293
28038
26033
7462
3698
15696
8543
7484
6896
3907
25253
24484
9679
31872
12866
24984
25288
6135
30673
28777
30680
11679
22686
7876
13119
30131
30671
22475
18521
31666
17062
27132
22021
20957
19599
7364
19155
29329
23600
23309
6879
5866
18439
26886
8250
31786
5751
19153
9299
19459
30889
12708
2278
4279
3709
29342
14613
22774
10037
17961
10560
25515
27407
7659
29853
26057
30093
26644
13729
24217
8741
5536
25518
13263
22359
2287
5578
23686
20910
8541
22586
25816
22132
26577
2888
25324
6974
1259
23121
30251
23085
2155
31453
14374
22800
32006
27934
1359
1592
23377
19722
32397
1710
21298
19977
4687
20143
17380
30512
11230
24393
14062
5880
8846
22978
24319
6707
14321
18525
26467
3448
27748
10717
17587
15542
14793
2046
8343
26931
24508
9302
8097
13445
19352
18208
24960
22920
4021
21661
6819
22188
23321
7262
30066
27356
17681
29716
29591
25055
2065
3338
28277
2550
14459
532
20296
9698
22266
22362
1028
7714
16622
19186
9004
4784
23679
4736
12516
16959
10220
14630
26294
3103
29571
11490
28625
16775
12436
2942
32650
2384
3605
1380
29398
25923
14978
18960
25575
27835
30489
30677
5989
30444
2268
16731
28425
4303
16320
19714
23099
32228
25236
20991
6608
10230
14577
21046
3244
524
13080
18858
22478
10477
2390
22120
16501
16485
28930
7834
7902
4972
27770
16893
29308
22855
14279
22273
21930
24641
3846
18090
7744
20381
18027
23485
12924
30621
18584
29873
18768
4919
19008
11721
30954
24555
21918
9096
22658
5268
4767
21294
21284
7525
19913
22481
21222
8552
20479
31952
28810
4323
27816
7966
20666
32205
9058
18103
3820
23638
24087
19152
11612
17282
17757
26765
24081
950
13764
32015
2974
15942
30140
8841
9517
18374
1269
173
22157
23218
9698
12472
28640
15678
21207
5386
1208
23947
7881
32387
2908
17506
5188
30455
29745
20741
32680
11458
12131
28726
1360
30499
22724
27837
16035
1534
6188
22610
14912
20067
23687
21580
2467
23605
1856
16444
20343
9550
886
19138
23947
25090
16963
30202
7258
22566
29537
15139
28438
9759
1873
18500
7332
24654
28292
23888
11460
12132
10880
4708
7198
26985
10567
30208
16812
19071
2094
15222
16505
4619
7805
7609
31352
17266
25113
11838
18015
19657
27758
4450
1334
6759
6302
14936
354
13034
11647
369
20600
23717
8981
16481
21650
10254
7084
1031
24112
28838
14680
12124
17119
18169
8159
29125
24879
9326
31095
22865
521
8372
7946
18806
23910
1845
3548
17108
14890
5275
30693
1928
18284
2214
28784
13806
25404
11473
28971
24926
437
28904
9117
5519
1533
16041
22601
31483
26637
29888
5679
10082
22636
5354
27509
32755
463
1206
22488
871
4966
14886
12379
12487
31565
24864
11306
22660
9353
18217
16795
10181
1345
21096
31615
31338
28108
15336
29174
31307
16889
24776
19666
15825
6111
27967
20608
1633
26314
2997
16386
30378
29848
15119
5944
15593
20877
3423
20915
8709
17674
25083
5507
11718
18570
15718
1724
31634
27069
28627
10788
17349
12932
20412
15663
5880
32165
28449
29054
12232
7875
8204
25216
16407
14455
18758
8397
29348
4530
8643
27043
10106
1526
27483
32125
3866
18605
9612
5694
23484
30581
5020
28268
28511
24683
17940
32461
26542
2209
30989
7990
30
5373
26826
14238
30086
24339
32277
29091
20972
22412
32143
4766
25651
827
28964
11038
32403
1856
22541
26853
16254
18681
17123
16480
12929
32326
21036
16658
29442
6389
13982
23434
11211
18495
13487
8110
8115
3636
27971
19127
12981
5040
4036
651
16629
5699
5954
25959
31257
25566
14448
22762
1113
30786
7844
10686
29494
23642
15373
27054
17418
17063
10939
27358
21584
18615
13768
26904
18625
26240
20990
12029
14475
21062
9134
2508
23311
19157
14036
14574
11107
3324
11122
23773
17731
3032
20359
18134
29560
16655
19712
21054
18123
20509
16175
1229
11721
1275
16134
9292
25587
22400
31157
21487
20203
25114
27608
32089
7975
30555
8975
29535
20926
1253
20379
24325
15071
18834
8020
20297
29293
6716
1875
20717
12475
9711
10796
6663
13375
28201
20987
7102
14853
29193
4594
23157
30700
20767
23472
20832
24593
20158
28864
25649
20553
14545
10385
32617
9546
5074
6730
24352
10995
32478
4490
15955
30099
17061
14595
11658
7204
14459
12160
1201
21723
31441
4137
7932
16815
24479
22218
29934
22901
27564
12787
25079
3973
19309
19251
3420
29566
15477
5163
11798
388
25609
27824
24749
13173
28533
22095
23884
18712
1955
13234
1407
10389
12643
1114
1254
20220
23641
11775
4118
3740
2699
10101
13495
18502
11558
32038
8084
10873
19285
25248
1397
6840
13971
14626
5125
6868
23961
6239
30379
15205
27234
26329
21168
5189
16644
24397
20227
3551
20600
671
15477
21002
6761
4686
29606
25887
28571
3749
27785
11372
18960
25061
21024
31386
9462
6679
5259
19564
31638
17971
23868
5739
19090
27281
11809
22793
24226
31562
18967
13258
31838
5293
27020
25315
16195
8470
9100
25895
10936
13081
28596
24112
2693
233
13469
14858
21609
7872
25984
8258
20357
4059
28995
1756
9315
20815
17253
20218
16950
20828
23554
21095
191
12374
30102
25693
1398
20138
547
19295
28615
23518
22775
19437
21258
23256
30270
20848
15131
8901
20254
24749
19916
1138
31967
23757
16420
14630
1643
4432
29234
12507
20151
2968
4488
14983
15649
10804
3446
31327
19995
26301
4891
17150
2645
30912
8974
810
20296
30971
18943
9846
2043
15662
19720
5302
8182
3761
25858
287
3510
21106
14677
29364
20936
10541
10849
990
15498
12154
18132
9736
21281
2895
21037
26054
29098
26507
20358
1431
14969
2373
8858
30763
1150
32207
27487
18390
28600
7341
24633
6602
26206
25355
7057
17741
11757
8271
22500
24363
16855
5017
29317
270
8674
5345
12912
19505
2300
5056
32652
31891
24718
30570
7908
1804
4855
7204
18746
7436
27056
26952
18423
23549
22250
24705
22642
32666
28357
25829
667
2165
29871
23813
32163
8836
15041
8798
128
10362
19097
23474
166
8963
31690
18824
19945
24406
13797
522
18330
11138
15161
26985
16375
14611
2483
25487
16720
13154
6236
2993
13898
28951
26422
18707
1750
10634
19473
1092
30181
30741
17351
220
23711
16612
14677
17275
13061
25759
19156
30192
14949
25385
32649
12563
8486
14523
27931
20687
32313
4283
6678
16176
32546
21684
6749
5709
21073
3566
15561
31893
13726
27095
20199
9802
25212
9063
482
20047
27160
16169
3784
2419
13509
6811
31054
23559
720
6854
11246
9639
27459
5127
19872
20665
2300
10343
14810
10177
28275
29783
4838
22869
14479
5161
16318
24456
30227
5027
7118
29936
29724
27917
4216
23015
19619
7785
29792
12036
5700
20969
14181
23472
5179
3572
10140
10786
5415
14770
27494
22151
23352
29532
9032
10940
11125
27717
6890
1885
636
18530
18031
7686
23012
30669
32242
30587
25427
28881
13154
29529
22613
9383
26632
29149
23371
23166
16881
27024
15056
13457
23385
12876
29707
30023
24731
18407
30486
4143
8016
9955
19994
17420
9896
7741
4003
3612
1009
21524
30249
29329
24076
13366
32428
2764
6670
14764
3138
698
8549
24083
13938
27299
4778
21456
14314
28878
5819
11859
20554
4654
4923
22773
1495
17261
16465
1570
23950
15807
23474
14816
16700
23186
6289
3036
16094
15311
13065
10032
9762
20968
25599
23668
14218
30991
28974
21584
26447
32193
26190
5029
15113
7927
22120
19152
11112
25461
17054
14020
16730
25087
30766
24477
19765
21166
26321
32694
10721
27292
17703
27151
16316
13090
30552
3704
2549
12024
26402
27349
16614
6569
17718
11213
11835
4173
28734
18162
3454
10825
32501
31965
16791
29018
20871
14572
25217
14763
18377
25386
3683
15885
32269
3729
8062
13387
9810
5839
15080
7540
909
5153
2915
690
2115
27307
12725
6563
23591
15970
22983
24204
4967
23101
21025
25147
24224
13249
770
24980
28043
28682
7548
14964
7831
32157
6506
11618
21835
11591
12203
11100
32662
12331
7797
26345
11391
6090
11141
26968
30331
28836
19867
5321
16989
3545
2711
4879
17958
12562
30822
6907
5354
13376
27061
21483
9871
8922
11058
26621
17289
27924
8970
26018
26100
14276
17856
20748
1492
24713
10092
23416
29383
12685
24281
16278
16155
25280
25101
16665
29262
5884
3062
19115
18371
6738
8927
10242
3571
568
25027
20249
17963
16524
1865
5315
1573
14285
21293
22355
1860
30304
1978
20960
26874
10338
1713
23815
13430
20787
26404
13659
6311
15481
27126
10423
30092
20674
4234
32611
8007
29030
20691
11733
2903
15553
25617
23760
18711
27107
3588
20190
21646
20248
20734
24375
9990
8133
2079
22656
27544
18311
19976
2724
12165
11082
8901
15594
31912
4538
4741
26763
8189
2291
10340
21098
29541
19221
14622
2211
11676
28559
32626
17401
12739
2980
11725
8315
18345
6436
14772
14673
25794
16452
10030
9574
838
32414
12273
5278
11533
22009
2248
29503
13293
25546
7339
21512
28333
25368
26454
21549
8222
21184
8040
19419
16462
22796
5959
6627
31045
7353
651
29402
3463
8026
19240
49
32166
28996
5067
20389
27605
23291
15717
677
30088
22666
10000
3714
29461
24125
11638
3867
16503
9298
19860
21036
27577
5350
4427
8151
24529
26086
25091
10180
6896
21995
18445
10743
22945
30488
364
10593
27723
816
16782
20062
32298
23847
13164
4488
26998
29460
12635
13003
32541
2294
9138
24770
6153
353
8371
16421
28140
21269
10006
11415
27315
10408
10153
24456
17320
597
16730
10960
30218
22834
8069
26977
21078
15239
24498
5234
22298
21948
17531
21185
27031
9027
10439
12437
1749
14063
30126
19089
26309
20143
31923
19259
24871
18549
11346
13854
20313
4369
23835
4529
3322
5396
3580
23831
29997
23712
15947
25871
30475
6035
13370
16748
6475
28450
8305
24564
878
16343
8318
15255
4870
22623
11152
2356
27914
18834
19319
9180
20772
20994
25299
2647
20845
12202
9363
24994
28625
18291
17224
267
14381
23212
26322
13312
4849
15405
28309
30584
7644
3225
3660
15151
13597
9414
27102
3461
3265
27454
31897
24922
8361
13130
10164
14485
32207
1810
3156
25873
31475
12285
12560
18239
10238
29298
14082
3179
5497
27414
6336
5253
21235
5
12199
14677
28673
25996
2937
20737
6670
11245
26807
1178
13788
19778
5179
16142
9244
28529
3409
13887
294
27348
25105
4150
12827
2737
26054
17108
27126
1415
26011
13097
22647
19181
23584
12657
3082
11962
22328
14648
16647
26538
12598
5555
6314
14426
19288
8809
19637
7175
27444
26562
27388
711
16930
24667
6311
21812
25099
10157
23974
19896
8849
21222
16020
22287
15313
7338
29847
19037
27992
19745
7132
5944
16733
2470
27269
5097
29036
10308
26064
13868
29798
24806
20072
24281
21765
21974
6039
18538
26016
3914
8216
2453
21585
16856
15605
32702
10585
7182
23005
26129
26998
372
8512
9767
19099
3187
19133
13694
21530
10576
32024
27910
997
28569
24582
2813
29725
21939
27050
29349
10016
17420
10334
29249
16248
29399
30562
22715
6957
29149
9777
14579
9830
23592
28362
30031
9920
9466
29699
10511
11417
7113
7258
5082
20837
257
27357
32225
4663
2645
5553
15571
31601
1416
27068
18026
21577
22241
23529
22720
2992
14176
31134
15338
12187
15505
23421
31872
24093
32172
10757
4404
29203
7212
16761
5715
2766
28215
32171
14458
3314
13809
12895
1531
14919
2678
21419
683
39
3317
23383
30452
6364
11930
3214
2194
28927
26353
29885
30739
21127
29018
27305
13585
4518
19443
3459
10946
18010
27803
15626
3572
16602
2851
7711
13460
17544
8309
18472
19668
14405
21052
6527
24852
16114
4037
1585
22758
15821
11309
4456
14028
10674
947
25772
8226
5785
1178
22316
14894
24424
2505
22742
5136
26261
23330
14884
27720
17243
25896
15964
17615
15894
22251
3369
24267
1125
2119
12362
16905
18136
4554
1204
24861
2926
6865
11958
17288
30849
2555
19578
15509
27647
4122
19846
3609
9847
10814
27953
15961
9238
12233
7430
12088
23182
5112
3847
6984
9410
31605
17137
25100
29059
10480
9229
28838
18345
15118
6086
18591
16820
27964
8994
20892
20287
4816
1412
17864
8027
10013
2251
3585
24774
15034
23938
9304
3637
4670
27472
26881
17698
12982
4311
29296
11388
7538
9142
13404
22934
989
26333
15429
16630
18921
31799
14118
22976
679
6635
21490
29255
29286
21573
18113
21312
24982
2772
26370
16132
18802
26430
20753
24414
20369
17894
13062
7720
22268
29206
29169
13719
23369
21027
16933
21656
18761
8307
8155
6848
30099
15106
14055
21758
19189
23078
99
3768
1220
30260
6690
1502
2666
18754
10355
21186
19704
16640
6768
26029
24676
12775
21618
12748
20155
20048
29383
10952
18200
2930
19427
20003
28218
9024
2845
16646
8571
13207
13912
5918
19028
15668
7745
18096
21825
19428
27013
29020
17664
15612
24922
25052
3272
7508
6850
1201
5824
22412
16058
2164
27213
4704
2284
8108
30984
11203
13690
2404
29471
9848
3767
28470
5401
13761
6221
24574
13365
28496
125
29290
13925
24668
1966
394
10747
14252
15940
30335
23278
263
4287
4247
10285
2950
30267
6379
6344
4226
20885
29819
3467
4714
4656
28562
12434
26819
9683
4163
21471
30141
31083
21459
23748
12439
13356
9205
20491
5456
16410
6912
6673
9238
13179
518
29069
6188
8941
21408
12919
9301
3740
31752
21331
10438
16690
11126
20394
17569
16762
9740
6499
14356
11766
14504
8069
30100
25041
27611
15468
19336
8323
18268
30441
17725
6649
978
24928
19034
32605
17064
11462
8733
25037
27880
2899
28980
4084
8095
14043
3576
28293
26528
5283
20269
31282
13068
9567
14755
15062
72
3727
17830
18382
7469
4598
22309
924
6624
29489
2310
10015
2914
19975
13031
120
31283
11114
10348
9929
7527
29485
1040
24295
26079
14319
15057
19823
7881
31515
18680
226
7790
24811
21122
11901
32381
3614
31310
21680
27489
22847
14212
12911
23136
10911
14165
10228
21628
3194
27140
23527
6572
14990
6684
29766
32623
24642
9543
31948
16003
21302
17603
41
30008
19569
3042
30602
11841
8141
24806
15242
10194
1095
23519
7055
12024
6509
23202
28262
27730
22709
25894
20105
9592
20396
23512
28063
23638
12704
6276
19172
15959
28189
18862
13020
24016
13913
13973
11373
6012
27158
13395
21405
866
30716
18034
29516
28086
2185
5171
28372
31348
32717
8601
2284
13997
14116
9273
15825
10424
26640
21833
9049
14079
17495
27039
16517
30983
22073
2040
21311
26769
27045
14877
7455
12030
27143
15025
6200
20207
2467
25019
21393
28915
20684
23054
17238
17395
4038
20225
23985
8104
27856
14020
27683
17871
13448
22219
6011
6377
27300
23303
29441
7844
7287
7936
5674
3397
5947
19676
18504
15381
22514
7932
20601
28863
28812
32698
16691
12549
29899
27810
27712
25296
26489
1983
6925
11922
7034
10734
1416
5679
1384
12586
15358
16993
8322
14557
32064
12970
17513
24183
4904
3476
20477
12492
294
11078
27555
1890
21908
9777
4787
8859
31272
5559
17907
1617
11693
3132
6845
6062
30495
13038
27372
3491
2352
2734
24005
1797
14765
28808
19079
21015
1000
27198
9368
26368
26959
23990
20556
9892
5594
15817
21909
19780
3065
1816
14612
26954
29196
29798
8316
28717
1420
12879
10582
22437
18039
8050
13159
31093
16072
26284
11843
6421
23010
28136
30538
31413
11763
26217
32555
12745
8965
3107
7767
23179
25989
26710
29363
28155
24557
20951
8814
22790
19094
28979
9667
26793
26800
11007
21465
9329
5542
27198
29660
24302
25695
17817
24335
13484
30824
23130
12230
11857
30000
4635
26502
15407
3134
749
217
23292
8156
26425
9944
8831
15975
26125
30013
16172
25928
2014
11337
18528
13863
24869
7157
24495
29030
21379
22218
2183
20892
25677
30231
26873
31832
2128
30195
25764
30694
28291
9777
1667
19468
9445
31552
5482
6831
21034
26629
21839
28965
28348
6015
2833
21436
23551
29199
20486
28166
12898
27338
15082
8314
30726
23765
21882
2669
3358
17482
4054
13299
27644
20388
12226
32365
10347
15955
18319
1458
25668
17996
475
6942
25333
143
25987
27418
17683
8607
17480
20533
24061
18067
15520
1084
28343
8922
10323
4434
16827
5674
19955
8837
2445
7600
10575
30954
23753
23424
11663
22398
23048
19608
23351
1173
9607
31044
19482
30027
15499
32276
23895
23943
2228
6369
11072
1532
7833
10861
22184
5842
22340
30820
12795
7997
21075
29628
19770
27606
17629
684
5206
7302
26700
26785
1251
25595
14396
3005
2769
27789
24938
22840
9493
2318
10193
2394
4041
4163
11170
17806
18214
3443
6293
30979
18831
20598
8722
4982
7305
15930
9116
23080
19288
15454
24927
16847
17710
297
24198
13346
4347
29643
21588
17637
10788
15358
12569
11512
9365
8807
12848
9112
2536
22774
4
9701
29126
27296
1512
24115
16417
23127
24222
16283
4690
5607
9734
515
9708
3173
5820
8363
20368
1350
21285
14300
5981
11715
8640
31039
32228
8113
21392
20051
21052
23258
3882
32127
580
15420
26639
25747
5867
17227
5972
19205
2444
26159
1580
29939
12078
28700
29200
2075
32173
16062
13759
9062
1279
16763
2752
22175
22410
10167
11434
3652
15339
23307
3439
2026
3851
15843
8079
10205
11707
24738
25664
3729
3474
11494
13109
20409
14616
16358
31547
30659
15577
30782
6548
24283
16869
4373
5865
24149
25368
1959
20776
23298
23941
18941
19070
29729
12120
17575
9673
29063
20311
21791
29386
3276
29694
15231
21266
9349
8330
24953
8856
21962
2273
23267
1354
29170
3675
16764
24407
25692
30003
25510
7802
16053
29032
11604
3232
13499
28443
11833
11440
9230
1023
16500
31786
24072
23226
16725
15563
2827
28022
2375
9191
25502
1480
23843
30317
7512
29755
32124
2568
20281
18324
26552
19326
5060
6677
27686
5789
32730
12134
18350
736
5771
21389
20999
22266
17768
28457
946
10908
6806
19326
3857
26571
17644
23586
6988
8071
13634
1709
10297
26110
13458
31936
20215
23233
27585
17970
1028
21057
2359
29357
30035
29483
32224
26760
3440
8775
10102
17585
32415
8983
2997
21741
14805
28812
19609
30703
3122
26178
17252
555
9311
30415
3413
6946
7462
4381
15385
18299
30924
13306
1135
6285
1066
8812
1452
5934
3298
29158
11791
4200
5617
30647
29345
24694
26607
27061
21667
28267
15769
23547
32164
28326
10482
23576
14721
16146
19298
26866
24255
12497
10059
27845
13123
7193
18699
14548
13662
388
8046
11251
17331
2940
11118
23659
4532
30362
8298
29995
8521
6203
15012
19184
32534
19087
30960
30416
17
20417
4530
13641
26398
6411
19521
19834
20537
8829
7471
13117
2381
29200
9923
14545
5274
25947
14767
24097
30181
27397
23773
23197
32056
19907
15829
16489
11023
32262
15311
5568
25648
19780
31525
15966
29718
9660
9473
2370
10060
26713
26095
27696
11526
19235
4904
17782
14060
12919
7483
29193
8281
16214
24952
27106
17596
1531
17707
3931
15424
12492
32686
18508
16418
26133
8940
6510
3538
20783
5195
435
1246
29981
1692
9312
5287
90
21250
12048
26117
16459
14533
12160
26928
24398
3550
8167
22008
11562
32409
2084
10065
8809
27502
3528
784
30734
7560
22064
27189
8406
29632
12217
3041
29915
15218
19664
4014
4141
27898
1724
16735
30414
7128
535
7107
25925
28534
18977
13898
29661
16234
10028
6591
7474
19464
3323
29341
4197
13417
2993
23313
29640
17408
1725
29737
14338
6438
16884
2386
6306
18144
18269
25812
12563
26918
14111
27316
31456
9081
31411
2622
9142
30372
23035
17488
9537
27319
17274
15849
24133
13743
28794
30840
2550
27502
16051
15162
7564
5290
1873
17644
18432
20018
23219
1629
11900
17380
21709
25038
6269
25814
10997
1863
1259
24688
25061
2691
31243
18654
15427
8041
11486
31623
14684
20624
29057
30112
21095
13685
6111
243
16532
19888
798
3773
13214
11714
6115
24592
25812
26563
23278
17816
26591
32037
30129
21841
32276
15664
32724
606
32178
18705
2354
5895
21165
15546
16139
20981
8121
8162
27959
32382
19839
12909
25832
26081
16392
8218
11250
9331
21089
29473
12875
2088
4075
11220
21901
26320
1613
4773
29481
4046
18229
11531
5134
20503
32190
1422
9912
23080
9808
12109
22077
17642
10429
6099
3798
32463
25292
6678
14852
29684
24920
19319
15265
14105
17093
17943
8237
19744
11382
27132
14121
736
6093
13783
7870
3205
26029
32468
26802
26217
14972
9074
31021
13128
4741
24219
11690
23833
7103
25080
2836
28338
13240
19538
12580
4133
7724
17742
12927
16120
3469
8870
14776
14832
13270
10938
28295
5976
10832
20907
28562
1984
20090
26692
5061
14954
9128
1053
21431
9763
13291
13423
9467
5950
24698
20599
26313
21746
23698
22850
11543
9957
18395
23696
27851
9497
30548
7453
3851
19317
7378
15421
27708
10505
16185
1602
19173
14642
15001
2618
32594
28900
12984
15386
23788
2848
23867
4888
5298
21484
11495
21005
1093
26505
13048
14030
25084
31246
30468
20252
7794
5356
29659
31200
30713
2280
23627
14963
11643
30580
11216
5032
20613
27580
17372
23900
9490
25266
24198
9138
10752
25013
14133
20769
5229
29723
13218
31630
19419
5106
30525
29110
16166
18403
27303
18970
11101
17042
6296
12927
1277
28759
2530
26797
7303
8909
21488
15049
29405
20925
9669
13897
20141
5597
552
2426
3798
6
5261
23912
12963
3462
19111
7962
3271
15159
15338
12568
17017
21594
1543
512
19339
25319
16719
23495
19303
16234
2485
7716
27863
26791
17985
10361
30429
1491
28928
19585
846
13659
315
4031
31132
9344
25884
23735
22661
31797
8876
7728
12223
5586
25724
7074
17282
13868
10044
28584
23045
4563
1170
5947
10415
32610
3204
15912
19843
4323
21501
23038
5867
21818
1504
28160
18958
21600
1640
10118
8894
3848
5883
9715
9404
8734
7305
21354
11158
25945
11264
21311
489
27018
8801
30889
13473
24762
31060
28246
10426
14348
3020
11649
32703
3991
24948
30561
18529
11999
23474
16236
23452
4664
10518
21144
18225
20543
32443
26947
26369
28783
22402
28478
5211
21421
28777
5058
7403
15912
19077
8948
3211
13012
24192
27627
13381
16500
4764
31988
5781
20374
19538
9022
24010
10570
28754
17931
19491
32303
23697
30663
20599
16759
25215
12181
4743
20980
20900
27544
5814
3731
2592
30113
18384
31646
30722
5129
15190
5843
6996
23899
21215
17823
5971
8149
20235
27039
25219
19257
6852
31672
6769
22870
31609
15190
6050
15365
28585
3793
23959
24919
11229
7764
31256
24054
8615
10104
29250
11773
24949
29639
8016
29639
22901
10538
8727
6681
12722
6930
1978
13269
17949
11810
15480
12082
16434
27564
14513
30349
17005
950
15611
23565
31893
10453
30078
7210
190
12187
9826
19242
18907
19308
23374
14653
26052
14965
21345
18432
10154
5589
30843
19689
30485
17803
13327
898
11868
6154
23112
22264
24761
7591
24234
17809
9734
28981
29042
29982
26405
25298
14871
7233
13600
32629
16031
17726
14770
30193
22981
29651
23865
3815
3133
16506
31324
23952
20700
17880
23911
20195
22351
13166
32424
27814
26474
31931
24479
15850
31748
16635
12122
9732
23821
19778
8474
30201
15296
9824
24513
1173
12492
15794
25946
6155
19165
4187
13459
12705
6763
30313
753
22242
12731
32203
32039
32571
20956
25455
26708
21188
20822
13280
22278
24371
19357
32430
32050
2771
5807
19874
22278
11328
32406
12284
30585
492
25896
17715
1877
503
17257
1414
27820
12444
4812
5148
27578
14538
32478
12313
26751
7756
32738
10058
11608
8994
13577
19559
29022
13995
3473
22995
26259
20516
25274
15899
6364
4989
11683
31004
25268
25145
14053
32086
2011
1913
7007
22528
30717
11526
13073
11746
1598
14374
12874
28296
12311
31741
991
25826
18400
29527
24527
29377
27461
10061
30294
27998
30847
19655
14954
28425
20191
9173
3354
1075
32670
19415
8472
6684
27965
12926
8844
1433
15721
5067
8131
4136
18249
19866
2511
19335
13212
15363
19081
6983
16430
30050
32382
27126
5128
3535
8962
7836
22799
14900
29152
9011
20814
13687
16411
1869
29230
12145
4551
4242
14228
20069
15893
8471
17515
22172
5585
5969
11586
20352
20787
17837
11023
27978
23262
10261
32413
9102
29814
3984
1517
8137
19328
13594
18803
2193
18108
1570
11534
14987
17743
5324
22781
15223
26586
14243
15620
5894
18471
24931
32471
26361
21812
6512
30718
1259
2101
1464
22860
26706
17313
15934
22836
22709
9734
2651
28643
15721
1725
5103
18684
2623
20062
9591
22828
31717
30092
18050
29379
9637
30488
28153
9294
5364
29472
20244
31329
21470
26941
12748
13859
29316
11739
24733
15016
21266
29990
9663
20952
30160
5052
8584
6829
25348
5764
5496
13265
1925
19295
30962
18917
20452
16785
4683
19441
14101
4954
31253
14061
20537
24228
2901
23655
21645
4034
28194
7701
31898
12933
8417
13541
4597
2219
7949
9736
30827
26361
10135
20312
24384
16083
22487
6444
23867
24973
14702
7124
18989
32290
6184
20668
20535
16559
7626
24192
30580
4647
11545
18233
698
14442
29124
23727
12723
11457
4612
23778
18578
28616
19807
3451
18740
27481
32228
9710
3723
13728
10960
16486
5845
25154
29289
15319
20200
4313
17304
6295
399
20742
12691
4214
1565
7621
1237
7272
25322
1096
25278
749
13402
28361
7241
9625
3564
27999
23402
24059
20962
10681
220
27855
23235
20732
25497
24570
7529
16140
1392
15890
30189
9175
22181
16462
29049
17014
6539
28361
1458
19874
19590
10993
13654
18283
10426
24482
15437
22873
10747
30170
30956
1685
31512
3665
11652
32295
10564
30414
23586
15900
7869
15911
30995
22296
25022
8203
14856
717
30331
10843
23601
7520
3061
16222
32411
21074
12087
26101
31853
11501
17101
32460
22247
20904
7376
20165
26216
19958
31013
12747
13247
22069
7691
2459
9756
18440
9317
4176
2524
19527
27001
26255
8843
21929
26650
29718
32202
6120
12990
27669
29268
16448
20864
2419
25837
16625
23384
6084
14831
27851
2598
22854
19442
5084
29550
29038
10580
28018
5591
7375
22452
27639
24977
8805
7591
16323
24653
27589
3451
13535
21131
16470
22492
2582
381
17194
2984
17308
161
31031
12689
10394
18670
14667
14141
23661
28531
12196
10235
3747
11439
22178
6134
26912
1161
26632
20421
24114
13851
18997
19190
22730
13719
7850
11886
26229
31511
2263
262
4739
5682
6536
18991
26326
5088
18290
19588
24056
25491
5509
19595
3882
6123
7223
19871
23879
26001
8514
20047
2703
2374
1633
12597
16896
10292
12356
26330
30044
5561
9911
28514
17984
20238
7083
3645
29107
3576
14680
18146
28090
19050
11159
24576
10400
11719
11883
26192
234
19903
29050
1573
15932
12385
16166
19029
11618
5566
12137
1767
31119
14417
13160
21371
21599
11007
8769
1809
7231
13987
1035
29171
2419
14986
12247
7375
17368
10556
29314
27480
17896
20482
21060
13330
13622
28531
23264
17084
27204
6755
2982
19125
16921
21824
27246
1718
8289
1951
31414
26627
24483
26782
22398
17689
28580
24787
850
14423
6182
6228
11697
4207
4887
3707
3815
19923
17108
11391
2646
16632
2735
12331
8465
9329
14501
10565
24233
7571
1902
14839
22483
1668
13545
10534
1151
3436
4640
22421
4693
370
17700
17313
29276
17228
13508
32665
82
20105
30813
26099
9468
19353
14063
8692
1977
15999
13594
11293
1254
29691
17534
12516
25106
28701
31433
19390
14982
27575
7320
11885
16294
20758
19979
16270
2018
23339
28520
9895
28615
21588
17287
15786
11370
26150
12099
4708
5022
24721
9641
3001
31206
23468
4328
7295
2382
30178
16949
12627
19965
22870
5254
20498
436
20341
3899
1440
21467
14276
677
32620
3736
21185
310
6134
14217
19324
24501
18971
8294
14983
22784
21973
26373
15563
10365
29160
2897
9508
15833
24763
4718
19426
8100
21730
16998
5898
30019
25220
3513
26916
17782
3265
25163
11819
32000
8305
1605
15883
32275
26715
29871
4948
27729
4227
293
21594
2204
10603
15422
8320
24228
3352
23562
13821
15308
17433
20324
5282
673
2598
28819
15897
4539
28083
15985
13167
26995
31413
3633
7922
126
4897
6456
23134
13045
6990
4866
4478
4305
2382
7688
26371
32347
30250
3385
12075
9525
32631
12240
1765
25221
19276
8841
6965
32142
28330
126
19953
3607
24708
19965
1232
5279
20831
10198
860
24127
6973
29949
13708
29232
23687
9772
201
29953
27239
12313
14646
2414
6503
20369
12450
4827
30173
7648
27685
28423
13230
31298
3994
4826
9574
17484
91
19991
23086
4407
27847
10873
17446
2947
29588
9258
4991
30358
30175
9886
13917
1457
19235
26010
28581
26752
4763
31745
4563
17346
26892
25634
8322
12176
4172
6673
16401
26279
11101
26373
5466
9227
3278
1218
16579
23854
19472
22740
2529
26944
14742
13419
30911
4135
13077
28931
17038
22451
11860
28096
10404
31531
1799
1290
19301
27266
9051
21189
28992
17686
30416
20134
14798
8346
14118
20064
13816
19951
3587
30813
18792
1863
20339
3438
20257
16821
11895
13214
26678
2827
31505
13823
2421
12296
6572
2570
4023
12262
10981
7647
12669
12668
20525
25798
10753
23125
3856
6277
17180
10643
15899
25077
19849
9538
16850
31924
22377
17107
568
12196
14064
4532
6247
24224
23734
14365
2825
22505
25358
18732
24001
125
2253
25159
23022
24792
11240
7645
16745
17093
2102
19847
18294
15879
26738
26115
15996
19241
28824
13483
15347
3456
24268
27739
20652
2025
22129
28220
27041
8642
1245
8944
9356
12627
2357
20812
2353
20699
25190
1502
23098
4408
20081
2436
22108
3957
7482
206
13068
18392
12287
26383
29165
12689
23111
10468
17159
28755
14163
27933
31483
10262
27039
13429
22655
26282
17839
16009
28473
2084
1688
31834
3213
23279
23381
18252
29740
19185
12978
11913
27352
745
25086
6690
27572
5251
32731
1422
16783
17176
23569
10149
32402
14040
24383
5175
13409
6361
14913
30694
4694
32008
2468
896
31757
6711
1370
13878
12106
5962
20052
5741
14672
6364
20966
8909
25047
18681
14446
20623
20874
14963
6215
29312
3598
3119
7301
9328
20539
25728
7348
29137
6659
11322
18158
27673
15513
25470
24400
12009
6054
7598
6883
567
8069
16471
12578
22907
19848
2089
28868
28090
15966
8811
30282
16024
27848
2184
27823
30398
2797
24878
15905
1262
15341
25101
25282
15628
3315
24460
3608
9731
32342
25951
15808
28927
3066
24881
30114
3472
17720
27518
3594
7248
31476
18034
16509
10734
3663
934
22905
1288
25066
4794
5001
15020
1760
8188
15035
29899
22492
7291
9299
31724
25378
5594
30641
7019
24149
15955
19777
3172
10635
27088
6740
5018
8753
11056
12184
24647
29479
20856
21750
27406
19594
30082
2051
22531
16365
22245
20481
8327
19342
24684
18224
23376
5619
10473
24212
6893
8760
19264
154
17376
28311
1259
3123
32332
14478
22027
30046
2692
17190
7577
6472
5414
20536
17609
7787
3904
6530
2790
29655
28154
32094
8971
32123
24710
18606
24295
30278
14353
4883
7068
19953
28878
15976
8229
31961
1368
18425
14770
5620
14890
6596
31069
2723
28501
31574
2660
22419
27666
24383
26384
6944
23991
15978
5079
30110
26705
30128
12933
7499
1376
24127
21862
3839
26295
30401
1737
15991
18669
10161
29456
31141
15774
3019
22281
10693
15429
179
28152
2353
31436
25186
3294
4734
24343
5617
17870
28097
22970
16835
31277
14556
8937
24440
5238
32500
11268
27975
30290
13077
26112
29762
24891
20992
10236
32511
4772
31988
4552
14496
20064
15731
5828
5141
24745
7111
826
24429
17282
10046
7469
31087
18190
3725
29684
20290
30386
10035
4884
26195
16448
22248
27771
21993
23572
28244
21491
23611
347
30485
1298
20761
14627
21613
22977
6435
23679
29172
15655
32135
28198
31579
27537
106
18211
21007
9060
1907
17388
22765
28866
14428
23339
18837
10428
29249
24466
15077
15831
24550
23691
27366
5882
18338
8269
7371
25468
21234
19354
21723
28773
1960
2567
20255
12001
16514
7492
22494
13295
20995
8155
22928
28468
4963
24508
27066
15513
31925
10678
14718
456
8345
31061
9173
32165
692
29012
10734
32097
11389
31731
21982
30915
28592
21016
11563
14242
14418
30123
29113
20862
6855
32042
13106
15079
13986
9155
5530
19751
15527
1015
26957
4778
15246
9297
4316
16868
2936
24043
22861
1599
28082
5372
19242
7206
4929
940
17260
12731
22546
9769
30751
14834
8799
21080
27765
2710
19756
26946
21818
25294
30203
27938
32761
31359
23058
11982
19221
30331
10352
5993
16771
13019
527
15767
29475
24839
11411
31003
7623
838
21582
25142
26825
18741
9875
19341
7947
8835
23108
11383
30715
23909
23813
1423
10660
16919
27415
20128
13580
22162
28201
13482
21259
4844
31717
31301
26704
9716
23768
13124
933
5347
14730
21670
4936
31796
4944
350
25634
6614
8487
16260
15719
24620
21396
19309
13352
7202
10616
10784
9956
29277
19070
13028
5762
30268
19639
16047
13097
20692
5641
29711
18981
74
16824
6352
4339
855
1048
32739
25151
23038
3641
20646
8914
10396
18674
17919
29446
13732
10135
31254
8046
29539
12199
27049
5326
3248
8946
462
18095
15186
31268
21739
2286
15049
16198
29696
14462
12496
11992
10951
4425
24422
20389
6493
709
4604
18894
31149
14325
30747
28973
26474
24978
1062
18753
10831
27982
7712
22222
3136
7156
20465
5682
28940
20225
3267
27798
10939
7849
23646
19977
15170
9411
4756
10025
7819
9185
12668
12637
5153
4135
12617
23315
8169
17691
32144
30409
23677
23655
10523
10327
14600
8873
24345
31807
4767
26171
11334
19582
31295
22929
9422
25526
24678
16840
1931
3486
11405
4193
11703
4582
29356
8097
12995
25045
29060
10266
4616
1667
2289
23040
3848
18558
22515
7591
18531
3800
18939
22482
2776
29717
2110
25395
22774
19308
6469
23519
17253
4766
6048
6476
31860
26499
24932
1346
29822
18940
2957
13700
27427
19112
28027
13535
5037
15710
8067
29348
28575
27412
31720
29033
23900
47
3631
8012
4605
11243
19138
5075
27139
634
1289
24116
20150
24023
9673
22047
2564
27859
4302
7783
9603
7356
11338
29882
2688
9275
24797
13529
1600
9994
1561
28865
8962
12693
29846
18886
19509
21001
23718
30323
27399
22873
10666
9844
12889
8112
17831
30108
32720
29654
16110
3055
16353
27557
6206
31562
28292
7611
6865
14109
3579
587
15669
31566
18505
9016
31098
21290
864
4304
20554
21083
15312
25087
32609
1912
7807
9014
30133
3478
16987
17861
3358
11645
9650
25522
1106
28951
1565
880
17891
12840
30134
9056
30690
19928
12596
9125
38
23144
28148
5475
9176
5090
10276
17094
10715
24045
5743
20672
5462
15102
28796
10293
25319
4156
29285
5937
7267
11559
17619
10692
2481
25904
6893
5367
9161
14690
683
10096
4878
15294
27476
28488
16734
31647
30699
13852
18524
22130
4094
21575
10787
19073
26199
11529
27342
20403
24409
4240
11301
7513
9186
23664
16420
29585
5659
12125
13878
32513
13114
5210
29619
14982
15433
28370
9665
23836
8693
6042
17286
8558
7571
29802
6489
11594
9643
15326
16738
17781
2136
9737
29711
16512
16166
22780
26908
3805
6756
29544
8352
15571
2909
27442
19073
23477
8938
17956
9258
21107
18195
19821
20684
800
16923
24500
19055
450
22065
9903
4018
11798
24275
4093
8538
5452
16007
7765
31205
3541
32180
22837
31120
4939
15702
19221
15349
19181
3181
14783
17551
30118
29030
30544
2956
2562
3181
6030
32071
30746
6885
19260
9874
5770
21158
20678
8799
8881
7044
17149
25523
496
3573
4608
14760
18488
10730
8780
32646
8283
19786
8481
3450
29514
18550
7469
24973
5971
28509
25715
9042
1685
2150
330
19094
13053
21095
20244
16889
25311
27551
28036
13707
9211
17205
24662
11211
20572
8730
3407
7700
5703
31275
4947
25316
18154
1868
23029
14807
24080
892
19052
4958
15903
13584
9830
12945
5780
3224
11995
23631
27084
19129
4521
19124
12153
29153
5352
10886
3647
8086
21721
27070
10240
19889
29565
21729
21918
4737
27595
11671
19940
26996
15954
28759
30600
17517
15415
32698
30805
32193
9128
15587
22478
3293
8373
30780
10715
18016
19409
1487
3077
29083
9253
13418
30583
23041
5624
28941
13004
30425
9857
26350
29837
19051
28433
18050
411
5932
14512
18144
11531
4478
28636
7518
20723
30144
10594
16926
24518
27553
14441
29076
28492
27933
9237
6796
17582
28147
1457
18906
20472
18380
23577
15456
5288
13724
25445
19587
21182
3222
2914
1982
7537
11453
29425
17641
5953
1952
18553
28188
21335
23227
1789
10738
15077
31640
19995
26641
26702
10803
9281
9808
19363
13397
8719
17842
12141
2207
25730
20595
5561
15603
17666
9464
25709
27864
2058
21781
4957
8472
8590
13780
8362
13857
24717
17274
32671
15526
8875
13740
31454
30320
22486
21381
22635
27750
11710
26155
26281
11305
21487
7932
1111
5640
16586
14718
3758
27831
16553
31694
26147
10008
3624
15529
20446
30348
27159
26719
28848
2380
6065
18725
2221
15483
8329
9761
21757
32749
31671
24552
10125
2647
19933
14873
9694
7545
18159
13106
13096
31808
22813
6353
22090
7746
11510
24230
24170
29603
2436
17598
12072
6602
6011
606
10656
30812
5558
21778
16403
30289
29787
11263
12038
16232
17416
27961
32642
12004
13797
205
13167
28473
30291
28166
187
22768
5247
18926
30456
7392
9412
4777
8442
17335
21339
18424
16395
10187
27079
12105
22125
32123
22355
5748
9830
13639
196
13313
13376
12556
5271
8546
9397
23840
4312
18118
14344
24564
21560
29392
1808
1442
31912
9306
13770
5830
19255
13319
30977
15115
31429
1338
21560
3548
25135
857
13921
7871
21910
21286
11636
25894
27228
12941
1991
2452
3755
1331
25761
7798
8033
23010
5869
8331
8656
26435
27679
26406
26986
28714
16114
29370
3862
16183
25263
20407
31082
31142
5710
7110
11689
4286
12332
14898
9372
9074
22085
28171
10279
10629
27162
24090
13205
7979
10505
3273
21239
25064
29990
24680
17653
21595
23521
25036
21642
26150
30835
18197
30395
19251
7022
23306
14326
10285
597
23046
15212
9441
26803
19926
7720
26613
7097
18376
24828
8161
21077
27189
29438
20219
3188
28258
15443
29811
17254
23000
2473
10944
22170
25899
28864
4557
3626
16127
23369
16444
29137
23370
9210
11240
10752
20661
10829
25541
11220
6012
32594
26930
7722
7846
17712
8420
15770
30426
28821
9482
4678
18507
30969
23990
32699
19197
32493
25988
29588
1000
23302
18598
6942
3238
25292
18371
28932
25404
1009
14851
17460
10156
32568
1970
11223
11693
26744
13442
22937
3402
12120
32564
21519
3519
3669
23168
32676
23114
9592
29621
2641
22754
17374
5433
10559
6787
9436
17059
16441
3306
32242
28968
12256
168
32284
22802
6361
19698
7114
15856
22054
15814
10008
28712
20106
8212
12775
26709
868
9977
18455
13399
24769
4187
1327
1190
12188
17568
25042
16577
13004
10559
27943
24814
24885
26183
5778
16468
18680
1150
12245
11017
22043
30014
18927
23288
13295
24465
20243
19595
20060
6628
9423
3767
16801
26916
15409
3325
17392
1002
10114
21759
4586
15611
20972
1899
18296
9475
28455
30903
1579
19137
25155
12265
15297
16000
5367
5519
22968
7473
16418
9073
25709
10798
3531
17074
32617
22753
24729
29393
9544
15618
19072
2938
19197
29557
2131
25195
2610
23270
21866
4787
26649
13113
6698
24800
15606
23425
8991
25942
13978
22803
11444
85
19230
21263
4888
8598
29695
30414
23732
5748
975
22137
20631
21467
11546
28413
16853
21271
25480
26980
27857
10760
18635
12356
19762
24902
8985
23287
31469
11802
28094
15088
24812
19710
13197
24067
25913
8762
30735
3295
91
14346
6547
1017
21078
24533
20101
19894
29825
25483
20240
2261
17765
24049
13609
11521
8930
12877
19258
24944
1615
9415
28100
28868
28105
11737
25873
25335
7994
22007
29634
32743
26912
31747
8549
18073
9305
27873
24009
13991
26070
15692
13905
1146
7655
14676
31268
415
22690
9483
14452
3693
30364
10875
12531
834
21504
23499
27733
18843
6182
22485
30320
17907
3008
8540
18792
31688
18387
22506
28148
32224
24807
20208
8626
6376
29644
3170
13775
10524
18075
8862
1112
18646
10933
16568
9956
23489
27467
18288
24504
16197
6985
22722
31477
9071
22315
7635
16000
28919
21226
25089
32290
10674
19864
16582
5642
30942
19894
17879
17281
22766
13400
27027
10132
2799
24058
6438
22936
24512
29682
13408
8022
29077
22097
28289
20287
15594
11023
17820
23543
1729
29729
9374
7173
22516
20616
30464
1690
27898
21269
25134
31835
14987
9560
20580
10776
12168
9791
12188
11449
15233
5713
24644
958
26431
2596
10782
17835
14819
13206
32385
29979
22042
4840
12849
11153
17419
19890
19059
2640
4898
22216
19507
3427
16827
22998
3296
11479
4009
5280
1813
21093
15381
25956
4685
10065
28154
24123
24003
23466
11696
7195
30684
12986
26610
13452
1887
10325
18020
16619
26937
4502
13021
6005
22456
14652
27121
31205
17771
14354
28055
27035
17377
24008
6209
16038
20283
7018
3650
29751
4518
4221
150
15223
530
1727
17775
27272
10131
15213
10854
1980
8464
3940
10591
30132
19016
12221
23873
28768
7207
10739
18683
1602
25892
7147
17863
2916
12986
14200
11386
11076
1703
29692
10727
10193
32106
9971
5280
19831
19709
18535
24506
8624
29561
26400
1780
11819
5212
31369
29859
24867
23140
13017
22735
4587
16505
31758
15922
8347
14274
17104
20889
8178
6563
5235
20346
11963
22839
25649
22633
6963
24140
9337
4156
26388
18423
7839
8920
13790
11246
14574
12795
29681
9351
11392
22377
8418
30869
1000
1084
30333
3644
7549
8940
4612
26601
28964
23418
28657
28818
29470
32143
1442
17186
4368
13082
14079
8669
9018
20402
6107
29068
10323
12854
14342
21243
31261
20910
19608
15205
15359
14081
11933
29142
9134
31909
20509
7247
26447
23609
20992
24405
3756
18112
2061
25838
30160
29853
29119
18861
19351
19071
4389
32449
14046
7078
17883
19231
27791
11029
10008
22941
22033
23770
18413
6303
19429
28646
2276
2394
9251
20182
15925
25131
17758
17771
19668
25650
1328
21556
7145
16662
685
13290
18609
24955
18504
4462
8302
1482
8191
29228
10656
3966
25758
17018
5073
4910
14544
2872
14674
24781
17916
7318
21313
29560
18850
20433
27302
23423
3919
12614
22685
18587
22059
29310
9591
8098
1233
22763
23592
11590
32115
14225
12904
4762
6575
25840
28064
2634
32361
11891
32117
26843
12713
7203
5909
30432
19616
32117
24668
22098
30648
30931
13550
30319
17312
31247
11809
9109
5216
21308
15233
27736
2347
30087
3874
2841
9884
24284
25073
16811
14585
22430
14434
22642
3536
6719
22291
2882
28996
30903
27114
539
9619
19028
18786
13870
8347
9871
3410
14905
5851
28351
26254
18360
22757
31393
13096
19311
19699
5940
15478
21141
21465
4624
672
24348
1823
10503
21228
7080
2208
23716
13447
27958
6157
15274
18431
20944
58
430
17818
17547
12674
14189
17936
25205
20091
24478
20617
12940
16252
29573
19675
17253
25269
1732
296
6050
16281
21460
10508
17080
30499
8288
5208
9272
18269
13570
55
11371
26308
5513
4103
15891
21909
30385
16284
15770
4182
20520
9756
16815
12278
10152
14042
573
13168
12807
14682
8345
14407
27500
24385
17493
23976
12550
639
8494
2088
31820
30153
19002
18299
16462
15838
586
26567
26966
23488
17953
15364
3138
4737
28177
1871
27466
17211
29502
2783
29647
16170
603
23928
21946
11786
7763
12678
1988
8994
27790
30937
16145
7291
21937
7335
11699
16849
22634
2471
9076
13673
695
6720
15096
4871
1025
17319
10985
1723
4275
16040
18557
15508
18636
18259
29683
25615
5852
23766
1131
27068
20124
15305
10768
17277
23547
5195
25855
10893
25792
2996
22536
8238
5579
6700
21690
5964
7572
1526
6915
25504
25754
13605
6285
10544
8609
4631
13314
5456
22997
4565
9801
5952
31409
18802
16974
30460
20618
30988
449
19707
19961
4408
16293
25929
26333
4640
25926
16172
6746
7161
14548
30500
6253
9169
4420
17013
25051
2747
13741
16721
9265
6123
16676
10841
19332
19359
9466
32709
22942
4889
8047
7376
18265
20425
10925
30446
26127
27994
902
2823
24601
29203
18983
17892
9699
26103
29596
9764
24009
27432
11481
6842
22171
8287
26199
24947
777
18654
26381
22311
4327
12356
19545
28290
22418
10561
24960
32259
32465
12948
10118
27349
24938
18655
13656
22096
3770
13854
21474
29520
19519
4738
32233
373
29260
30861
29629
24646
8388
27064
3571
15447
7571
18804
27598
8343
28161
31804
5585
31947
32516
28213
27376
31936
2535
22828
6065
29705
16293
1754
19706
23609
22559
18246
3017
6540
7827
28839
15944
8854
24579
14315
18010
9023
29657
31999
14937
26615
5011
6814
1067
7449
14194
8932
30042
11203
18963
8633
21427
23601
8012
20366
11000
22688
32097
5671
30498
10117
20583
9588
28124
8453
18893
549
11610
353
1864
2292
24481
21418
17853
15884
29910
22460
3178
722
9361
21282
12441
24825
2914
28680
1695
7728
17619
18889
16119
11984
14128
1138
31611
5576
24029
19857
18136
25401
15198
6703
17985
20774
21329
8328
8685
25655
12858
3731
403
1466
15846
9070
29979
15327
18004
10749
1265
30132
22066
31503
4445
13190
22371
3235
18148
23232
8820
13782
4903
13646
29147
28849
31413
1125
26371
29397
4895
32545
12358
30075
23344
20093
5030
3754
18277
31304
18306
27211
6276
15714
31174
44
13069
12083
15379
29605
5461
13321
29134
26768
31927
7942
23981
14639
29426
17516
3172
7858
4870
21935
19743
26256
24947
27724
29094
24185
1088
9523
26754
7638
7555
23336
23268
16616
28256
7798
15084
6061
5487
29406
29241
1716
2670
3519
8896
17944
9308
31956
25958
6253
11226
4311
31852
2252
4672
30836
25181
11551
13408
23034
22372
23645
22293
13470
2615
31638
2316
28395
17418
11915
7827
29335
25117
12218
25745
11399
332
11355
25946
10702
11542
13929
532
22615
17613
6227
21944
19104
14588
24138
18917
6231
3623
24095
30153
4229
17397
8430
9362
14554
15049
3663
19909
29113
2033
9257
3328
7279
21065
9271
31971
11308
5078
6806
13269
10822
30510
28636
4984
14237
19578
18803
15266
15861
20824
32457
21416
17325
12443
1691
22771
23512
21428
13484
20711
31532
29483
1847
13507
27047
1756
7016
17853
27291
30021
29462
11413
15954
30839
12596
8964
17069
21243
7164
6365
151
30896
24834
7735
20833
14658
24559
5353
19434
11639
6494
12827
25309
16777
6265
30926
13083
12199
32097
25182
17783
142
30984
21683
4900
22968
28496
26772
8081
1012
24954
18465
2073
9384
30666
6492
6943
28005
8153
24333
29519
5430
2810
25096
14016
1210
27472
23082
3143
9614
22879
22439
29552
19006
15573
25967
31385
79
22858
19591
17990
2527
6621
5677
27308
8900
29250
4447
8263
15971
11870
13375
12889
16672
28550
12097
3267
1628
24616
15836
16465
27804
16881
13911
20760
29651
11801
2471
12733
9436
26797
3530
3545
2208
21776
25497
32085
7079
3008
15755
27399
31061
14549
12251
27200
29275
6258
11539
23366
29458
11911
16800
17602
13775
29670
14439
24511
8139
27252
8815
22173
13582
359
31371
5471
20277
6480
1890
27167
21651
11887
18162
7759
15610
11558
19287
17551
22836
21045
2178
4356
27997
5099
12752
23026
7995
743
5986
18348
22097
16748
30135
25262
19006
14975
14235
9818
28462
20338
14355
9685
4208
20540
910
12311
3141
22692
3507
3405
28550
2814
11138
15620
19980
10002
25256
1188
23883
7878
29142
12155
13371
23903
13670
18349
29303
23940
29810
636
26450
2945
24233
11539
29632
9744
12346
21001
14484
20475
28605
6492
32005
20848
26443
4677
2592
24558
2723
19074
5289
7925
16957
22172
4689
13545
18351
12217
5603
30745
28719
7201
4915
21559
29268
9447
5015
2896
3089
14997
5594
8801
9881
19762
28399
8817
14955
2709
1663
25548
24659
10214
23054
20896
10119
22465
32578
23884
5705
17564
20934
5965
8324
30120
26302
28814
10525
15712
8734
20776
30088
22549
24233
15326
7083
31811
7566
12687
26605
23169
19919
23582
30934
25203
22839
13775
28050
18037
21406
20120
6184
17668
16192
12032
28969
26684
15333
13945
15845
30733
8133
25355
28572
22279
21143
2886
5032
12799
32060
4850
14669
16530
16406
22023
23490
20990
20231
14550
6653
20335
1872
27332
32556
21085
8056
20429
25097
16722
7586
20021
21628
6276
21556
24368
24544
2829
25130
4056
15915
8562
13293
31336
4656
16299
508
6486
9635
7365
29868
9818
1528
24038
26633
18729
24245
3045
25169
24841
24950
21043
5302
31211
15854
27420
27016
15504
6126
15619
3280
7856
23183
2910
18801
26042
2912
28844
340
7633
29438
25336
5737
6094
21078
4447
8759
11872
14354
22275
13744
28119
29354
3974
28913
27864
32008
4004
12010
10025
19566
31992
15749
3850
27123
11466
14915
16836
30692
23874
6432
8451
22970
22039
15941
2987
11766
6045
4762
27202
29762
16520
332
6303
3449
10607
26004
21191
14242
2596
13500
5236
22598
5140
26859
245
24755
10550
9600
3101
15056
21705
24412
11191
1443
12138
7804
14668
7280
26990
2277
15149
15453
31272
23517
14189
6038
5334
6857
2473
32674
17298
17539
4248
27955
7685
6934
1157
13603
16457
17907
5005
27677
27018
30690
19503
17258
13336
29123
3202
907
10436
3595
12148
7115
6362
13521
3835
3186
21986
23076
29739
2358
8838
21047
1794
22259
31787
7551
17460
11915
614
26586
12438
20743
18924
21130
4710
32164
4499
18050
8871
30129
5588
21866
23250
17970
11020
7638
30161
20382
17708
20156
14983
31800
606
21291
21019
18510
2929
29114
22510
20271
18052
10929
9335
18209
20948
16530
8609
32446
16151
22835
23502
30748
19409
1341
22196
3060
23003
28450
7001
23065
11331
23147
15586
2487
17469
12517
7444
20602
6865
23089
22411
27561
18344
13221
3569
9471
2135
27605
855
17602
28714
17391
9765
6173
22890
28635
7270
8010
29223
26533
5630
12209
14364
25367
802
11838
28009
8052
288
29162
27386
18780
23236
4016
11692
10309
20973
28615
1793
9474
24911
26026
22195
6798
24231
24850
14838
17475
2713
14603
5802
30886
31030
15225
24167
29655
12438
916
20493
1600
24231
2139
11070
13952
15694
25052
13666
1948
4915
928
30622
20590
18871
19839
26382
10058
6572
15547
20947
8515
15332
16556
23337
20985
11701
32717
5291
23449
30072
31382
15973
32272
28008
20503
24871
12783
21683
9867
5221
29374
12495
32155
8440
13228
21938
32436
16330
7834
9457
24032
30238
171
22910
29102
26124
1599
18035
1000
26478
10059
27280
23508
29097
31843
10385
15965
29608
10600
11117
140
8494
10785
8403
2121
11958
26581
7424
15366
28905
2591
14618
29912
14637
22823
22326
9065
17833
13976
31443
18520
24888
7917
4098
7311
29061
23984
31010
2183
20964
5804
21510
18031
28839
12082
8314
20808
20798
11426
11471
7854
8300
926
14815
14495
14632
18630
22479
18240
20132
14001
14653
20532
12404
19975
11614
5684
30723
6176
5317
17477
28604
8394
18667
17581
13407
32276
26399
13744
19011
24031
29690
26337
17570
22548
5487
32483
27688
31416
4892
29624
6549
5970
18790
26548
26850
4023
12201
14097
12183
20119
28987
23134
12261
7690
646
21070
17014
5566
24999
26149
4439
25159
23467
26424
15605
29527
24224
10070
15740
16515
29241
6167
2900
28649
8621
32706
12202
17361
11735
15134
29773
23270
31788
10256
22382
24295
19916
1126
8502
726
24306
19240
31907
25953
26303
6953
14496
7863
16917
784
8986
22873
969
8953
29822
17222
30978
28185
29424
25177
16522
28227
8868
9890
18561
19941
26243
27509
13881
1175
10307
18301
5590
3550
24893
6946
13453
18401
21331
7015
25884
25881
28469
17461
3844
23008
3609
5521
31404
6938
7798
19848
20329
3672
26473
3622
9983
3322
26131
11618
12745
25067
2586
15102
21035
1378
12028
18005
29942
10023
17157
2243
10721
13732
966
1018
29989
20953
9606
4838
16747
30813
29383
15737
27434
9085
19418
28832
533
4974
30913
11452
21802
8941
29606
1697
18148
22738
26976
20680
14825
23114
22021
27796
600
21933
25763
11290
5807
26882
18280
960
24916
12171
31817
3147
20821
11477
6122
14681
18817
23788
20624
16104
24610
5978
27028
29517
22356
26329
9218
9923
25736
10
242
6195
21547
5075
19149
24662
5490
14328
31323
2989
13334
3871
24468
16211
2608
21431
23202
31000
32552
31528
16306
11638
3659
3784
823
155
31002
31590
25394
26533
14614
30869
31274
29309
7537
31495
601
284
9278
7989
17962
6648
31397
10476
19792
18013
26530
20485
3047
7714
10857
11778
11737
22254
1279
4458
29230
24732
16465
8314
11765
26241
25377
1500
1133
27349
1592
10360
653
20832
26692
17502
24717
30690
20023
8150
25279
20455
25185
23261
29544
5565
8176
18195
10939
10655
32082
27704
22790
28734
15056
7067
12733
10269
260
20926
18914
20813
7711
19367
20927
8999
12654
3569
27638
12099
23346
21908
20006
8182
28954
21270
2866
19293
9044
17574
29349
6587
4436
19245
25215
31173
29051
13299
17656
5589
7838
14342
19811
7918
3557
20357
18524
10188
5094
30594
31158
16665
17519
22490
7812
30009
3875
20490
11920
23633
30100
578
12167
8173
29789
8807
1358
15566
19243
20654
9328
23426
15075
6631
30396
9653
13620
16426
1561
19052
8119
17486
8721
30421
15301
20869
7508
7663
4226
15911
1044
22170
16087
19642
20498
17671
30848
28884
5092
6623
3822
23869
9936
10515
16715
23732
6012
869
6584
8655
25722
1971
18039
20091
16339
11218
32672
19990
29804
7235
22278
31180
30982
25079
23602
23017
14404
5402
27326
18178
2995
15613
27903
28526
7995
5804
15061
19735
15089
15269
9386
8215
26414
2199
24566
21439
120
32127
30230
28601
3131
627
30696
21425
28435
2340
18618
8520
24335
19297
28563
14068
21312
29982
12895
16842
16314
26861
12591
25341
24331
9590
17432
28233
32201
22934
24357
31996
8571
1089
7123
8141
30745
24501
15180
358
3232
24222
9027
19204
11340
1701
22252
2440
21950
10197
24312
5088
28762
9211
29654
19604
14187
19640
10503
3593
32295
26749
11917
31483
29251
15156
22386
25731
4344
23178
4820
17111
2334
21378
20498
7419
18614
8404
12366
18205
14192
1198
19202
6028
9915
17691
25719
9761
30711
17478
3611
15522
22911
17306
9206
14031
25490
11443
9268
2260
30374
10924
22197
1026
31781
32190
26042
23349
1140
30817
16430
7788
14310
24188
30453
18670
27569
16701
12774
8071
25012
31826
1324
634
27588
9219
11015
17168
20801
16313
5845
29843
29152
20059
17678
18090
5444
29829
19819
14875
30747
1757
24969
26252
21014
7859
9330
19787
16187
2285
605
16740
22251
22493
17156
32125
19700
26872
27886
21892
1288
2606
25925
2493
21123
17457
4456
25670
3138
18284
20799
30689
23231
19405
14877
19407
1019
23229
27754
23907
28520
8208
27956
13208
27921
27480
12333
17580
26130
18108
26795
18602
24788
29698
14180
6175
30298
160
29033
25264
3438
5137
32636
24698
14077
31523
22587
18000
624
4253
27010
6012
31858
7021
22778
15055
823
2952
31954
20388
12315
21858
24642
970
16552
10101
6887
3047
31639
822
23185
27828
16587
25362
32729
2309
28978
22537
18444
27483
17786
21635
27612
28100
7554
20586
30600
29918
2225
27552
3096
7447
16730
24208
2366
30730
687
7739
23970
2163
24635
20521
9212
16824
30504
26902
2063
8919
9559
15715
13286
15136
14839
5101
27419
31487
23723
6358
14409
7433
23176
24575
17239
29338
29896
9393
19572
7925
4635
27086
28468
22850
10507
30947
30786
15747
15607
18796
11144
18864
29342
6705
28988
6042
13257
29453
18280
17946
9807
11509
20359
3447
19756
29762
23403
29595
7367
11932
13638
24874
4362
13550
18106
18905
18935
23108
24297
30001
6501
9161
15924
21577
29488
15857
23541
3771
8958
19814
23822
17187
27290
29802
1992
21294
16513
2193
937
23790
4805
18934
28715
7460
21589
28316
14238
18097
25789
28213
16495
11628
21117
12973
14396
2864
3046
23392
32661
13596
17520
15646
30426
2511
8486
6649
30181
22688
3894
11359
26990
28394
8213
6460
5115
10293
6631
14403
15448
9035
3986
6397
5540
21934
10892
9784
20436
27537
16397
23834
15244
4708
28550
7696
5154
32493
23791
20781
27938
11145
863
3750
24168
21254
15272
22244
11725
16917
20254
7279
31007
25184
13778
5356
7243
25309
31394
8289
20240
1979
10957
11990
28698
14151
28498
23248
20652
20034
2972
14917
5512
10050
10397
15644
8247
26686
10406
9207
23559
20355
15391
22164
9252
31192
29360
964
22173
25630
27378
5433
30827
6744
9280
3005
23631
22493
30091
31660
16980
18329
26603
28540
7440
22660
30653
12795
24753
7499
27745
6892
19016
2910
1548
12485
2435
17102
8370
22801
28371
1585
3013
4502
26126
1944
16368
5306
17047
18271
28875
23620
1367
1986
21179
4642
21414
20743
2964
22614
23901
23431
25413
24523
10840
14942
22583
21906
4599
18189
18274
4320
6538
4439
14638
26294
23041
6752
18309
10339
5383
29768
30017
4245
21285
24692
20181
2940
13432
21460
19108
6106
960
2770
27657
28205
3306
17892
5550
3269
21685
14679
13643
2164
31129
10340
26783
2281
91
15169
21692
20289
29562
28280
488
11925
11299
19013
13487
3688
24150
32488
11702
29596
20397
2772
30688
2771
22881
32076
16208
8095
28194
8001
5672
23761
27826
4539
14001
4368
2160
19096
11295
15276
5119
11199
15734
30622
6729
5521
7564
2976
24440
11487
32642
14846
10620
17881
15100
29689
4309
32435
8552
18858
7382
3996
15521
31314
5282
8454
20504
3333
3245
8589
4444
20339
17923
17331
27973
15389
19120
3753
24700
27249
30433
14387
28060
21343
2207
28885
19470
4879
12792
24058
31386
21528
3388
18628
16696
19684
8708
20108
16845
23401
16993
14443
1631
5924
2497
12429
32301
30769
30277
578
17028
21759
28298
20110
10989
9360
11765
32304
21991
10379
27193
15135
7830
7271
3287
24278
20519
16805
23591
8111
9260
16004
7044
13677
17190
13585
23787
30483
28287
4424
15335
971
30940
32480
14973
32538
30382
30850
26528
25107
9087
18166
15517
30856
15940
14460
22636
26365
31485
14960
7259
5418
9660
1644
11882
1219
11161
14093
22822
15120
16698
6583
22124
17500
24358
13317
4042
27500
298
29150
5211
19401
13319
4010
20745
19761
6342
3466
27428
19487
21698
672
14668
19724
19739
23986
22235
4149
25138
9024
12465
6778
26893
21003
5456
13108
6549
1740
4482
14640
25620
9145
28031
25238
15286
2743
24045
21110
2137
28288
26251
6621
9086
32521
3689
20251
903
5673
18823
6593
3736
20588
30469
1052
26429
25660
353
5983
4629
17955
27637
24703
13352
4832
28080
6965
22007
27824
24738
30698
3324
22488
13543
16887
20001
11547
1145
2722
2045
21909
9121
25701
799
19910
29798
626
1581
27553
6442
19329
27038
19530
28561
21379
3264
32571
13964
8309
25959
13006
25906
7450
32668
28635
6186
16041
27563
16577
9273
32521
18232
25515
9226
11624
26946
5457
29940
14337
6491
4899
5195
14657
10458
11075
26146
12689
12345
17535
20272
16917
30172
29715
12105
24252
11190
8182
22987
29715
18772
8076
5844
8341
30569
30528
28272
23648
11261
27317
4706
18299
21165
13154
8363
21916
29088
11380
3275
2290
27360
29834
20047
19080
6549
20987
27807
24879
12045
1207
30618
5932
17757
6164
14200
20592
19415
26355
20425
13159
25811
8337
17365
4570
23262
28623
14482
11164
6155
4522
16494
20388
7997
5410
18775
7877
19706
5528
25656
8106
494
16666
30830
11183
7364
719
30961
31656
17537
9421
22864
27694
3706
17254
15998
32146
1851
699
4352
24374
12854
11508
32155
4025
29105
8750
30669
25231
29242
708
30383
401
7243
5363
30163
20690
2144
18382
31669
21433
28102
11837
10768
25393
22171
11655
27670
17495
5164
10649
1491
25001
2639
13268
7426
14626
19881
11040
21204
4947
29977
23470
11454
7006
28124
8187
19356
14391
19932
4058
20893
8119
5024
3118
16837
14081
23112
4509
7459
19144
7134
15189
20345
8384
28931
12277
11580
7471
30900
21486
22428
1058
19795
4417
4691
7333
16461
1713
1621
22245
9017
8747
5320
7995
15469
8182
22990
24464
9885
5092
4377
2200
25630
20744
12011
11874
26398
27054
6555
31131
21380
12695
6792
1807
5233
257
11562
2604
17257
7749
14631
20616
30219
3829
9716
1146
32473
8091
6836
623
26404
5688
21939
17845
32326
30635
17980
21355
14949
7908
1439
6190
27192
12040
13292
31081
23707
12522
21358
3806
21873
27204
26411
11547
305
29673
12136
13087
14425
23129
25454
710
24941
4384
4456
29461
17526
22805
32428
4395
30479
19711
5300
738
21768
3311
32594
19288
5421
8570
24554
16255
13387
16829
16395
24509
30047
30648
16824
27546
10880
24491
26883
14717
8749
27398
16555
14984
23038
11895
863
4739
1707
691
29142
630
30684
13716
159
20726
8288
1333
32709
16620
16852
28952
26786
8391
701
31542
27140
4040
19444
958
12863
30939
26285
4958
7907
23721
21579
13366
12847
15165
31271
2670
5463
18761
28869
24215
24046
12522
9521
26004
11332
3024
18573
3514
14637
6456
31684
10334
13844
18287
13355
18454
31574
29524
26113
8205
2923
17815
911
18475
467
10527
28126
8145
10177
28693
27889
3084
9624
30689
20642
6506
8567
30458
4900
2352
20138
25819
7093
8752
23448
7025
29745
27769
2653
18469
26524
5444
30188
14078
23466
3392
5818
31265
16164
6164
11263
18538
10273
27776
3106
17859
8951
22074
11931
28329
10150
8885
12420
2715
7707
3785
9499
28005
31702
6625
25287
22568
18157
26310
16270
22126
13731
11306
4034
14411
14247
5752
29485
8406
19440
31011
11323
8806
25154
20740
18428
29887
29076
7066
1385
24107
32374
268
29305
6503
27579
27409
28654
17056
22752
1624
15210
11741
6930
9194
19830
16638
28290
11274
32306
23244
22079
6898
2078
30890
21363
31692
10943
10257
10746
14300
21413
24245
25648
5773
25074
21050
6534
5174
5409
7620
14386
26052
17952
20907
10722
28552
26738
25574
32067
17688
31403
5934
28396
11485
4966
31854
26641
3164
27420
13277
14149
6862
21771
31286
24451
11496
19169
10729
7402
2467
24099
32021
29200
22558
3538
2937
11646
26843
436
10393
3521
24833
8535
7782
32563
32544
19775
11202
6273
15303
7609
19981
19204
8104
15717
14809
21718
17443
5419
6239
9186
18820
3404
6877
28268
9276
31325
5453
1977
5569
12506
27845
19414
22131
3639
23072
30197
7237
6224
11718
8694
13189
15999
4276
12048
26451
20408
17118
17259
2972
12652
9144
1143
220
20592
13766
2890
29038
18334
21288
12375
18715
5026
25559
7106
11081
19871
31143
19351
21186
24111
22309
12728
24405
9054
27094
8166
22262
17169
12724
28700
10977
16191
3752
23661
27333
17962
26156
12996
32740
7339
9400
26890
24314
17635
4200
6934
2125
6473
4349
27757
14907
317
1739
26378
4922
26707
8593
12317
1638
27163
8004
28249
16850
12331
20014
8103
28326
2861
17654
22506
29001
26123
12780
14830
16447
11304
27716
6510
30485
15691
13477
25603
13149
32555
8243
20296
4718
18762
14330
28964
4966
23068
7880
14510
25666
15415
29733
6339
13349
29861
25777
6625
13359
23574
32424
846
30915
8961
14958
31350
4568
27121
3817
20911
4799
6059
18106
3774
27698
6764
17885
22207
24422
4952
7678
28651
27820
7064
6921
31312
2978
12718
11827
25626
26024
6518
12407
22159
6379
12592
32595
24093
22963
646
2856
10440
7397
13750
29259
23257
12138
25978
32694
1788
1946
31619
5415
21173
20383
9324
28952
10455
28181
30969
29697
12381
12957
32143
11112
10647
10080
5015
18320
12730
2347
30940
2026
32761
23729
3603
11047
7997
4651
20186
21546
3714
306
29304
23535
22343
7824
27033
1883
25828
16360
15849
5618
4157
8091
28179
23224
25036
11037
32454
26883
14182
22521
22896
30735
5366
24293
14888
24134
2338
22169
14887
16103
6210
19086
21112
10309
5461
29161
5961
24616
13332
9255
20754
8826
21665
21191
2207
24643
27120
11002
16236
20179
2019
6856
31201
31447
8452
30813
24868
1228
8254
21537
31204
3029
30956
10886
12280
10041
24711
3214
22520
298
30876
20631
3646
29818
19068
24818
5392
27102
31124
15540
14824
473
9367
29251
13654
5460
8298
18961
11927
2681
7447
28134
31358
6955
7050
4935
7333
20544
15208
26254
6663
2184
15858
19375
24180
1671
1966
24756
1681
25861
12716
1961
29325
128
30410
4558
16372
31526
27538
19166
31351
13570
21946
27910
8383
21051
10258
7588
15287
2323
21533
28399
19110
13922
4785
25759
32124
24002
9827
19389
15392
31377
11287
14066
32265
13539
28345
16856
6135
28018
12037
11119
30734
19949
5078
21376
6003
30890
14543
24650
22749
27357
27303
5967
13105
22985
4459
3955
5661
20181
27654
5189
28289
32487
21760
29089
2999
26795
31037
16292
31841
8643
18879
20968
5322
18195
7264
11936
12860
11776
23996
16219
15595
12439
3087
14298
29094
23075
10647
31742
29989
31922
4198
23511
22393
26391
23277
11148
6877
15553
15206
12272
20130
17776
30957
8073
21829
5418
19441
21218
7080
15717
6707
5196
1563
23418
8064
11475
31454
7763
27529
20347
25544
10107
3083
2503
30508
15079
24
4310
2363
14891
10864
22224
32482
15219
3000
28968
26592
29641
3309
14944
21336
23600
22635
21269
31727
17682
13318
22198
13073
26773
14814
29884
4318
24203
32617
26727
5114
11582
7379
18193
11695
5744
30966
4912
20567
26590
7629
4828
28905
5599
29869
23055
17610
2122
11032
25959
20333
15680
16475
15495
31997
30554
31951
3188
3630
19565
22280
20436
10901
22951
29936
26663
20983
3089
27033
17519
2112
9580
20509
10946
13278
7000
3834
24685
23374
17856
16228
18496
25842
28463
32081
23258
13227
17736
705
18115
19559
13025
30630
18186
18206
25309
21098
30988
3317
12585
9334
8822
29816
29401
5950
14390
27980
30039
19946
6753
26217
3123
12199
16738
14699
3910
13509
13884
24634
15550
29668
23311
30858
10069
25663
4425
2303
19649
23407
5023
7256
24671
991
8574
32315
7122
4605
8913
21024
31557
26731
843
6023
10830
7701
7608
1310
13081
20190
25811
25187
24676
11323
30793
12809
67
8920
25746
9206
18884
21756
17120
20483
3361
26163
31907
26636
4090
24467
13488
7938
2452
21655
25666
32213
3717
6057
26950
2211
15016
30242
260
6649
4201
10225
32757
7933
23876
15895
10895
31902
27200
1725
25622
15167
10282
5022
10936
8565
26668
9745
20526
21063
12809
22073
18734
3984
1621
17009
1034
4449
7292
25530
1193
18424
2897
2675
20624
18564
21268
16838
3586
30772
10916
23573
16846
17897
9184
32391
28356
19738
19864
3558
23033
18543
1790
9033
24079
26108
4962
5113
8619
6769
18796
10595
17857
12194
17717
19903
30518
22737
24043
29098
31408
19756
10733
21108
25470
10009
29140
32716
27186
11681
9523
28345
16173
26702
31597
31798
31470
6875
19396
3245
12129
21361
12037
13209
32516
236
8024
29180
18154
1710
32399
21534
18631
929
29907
13031
16685
6844
25037
18771
6671
13674
4898
10039
17432
6556
26835
2581
18057
29637
3294
13120
32763
5982
22463
11095
19767
8676
31008
14242
29990
5419
18996
6183
22466
9103
23594
16661
12762
4555
16597
2186
27565
593
21947
20008
5603
8986
22259
6095
19517
19500
12038
31243
21547
31225
1642
7393
1114
16403
12229
6462
25391
3964
26641
31711
29577
1986
29414
9951
29283
18886
24706
20116
13831
24062
28839
10144
21689
2568
29082
9675
18046
27103
4730
4265
20049
26652
23461
23366
7105
29499
24829
9536
9256
3421
29704
17049
23461
9565
11482
10006
8707
8191
31751
8191
28870
7936
18184
27244
32703
2525
9871
22314
27001
17744
24682
3974
20891
26723
18879
17717
1656
28410
12018
13257
17025
11732
29811
8151
18523
2579
9797
31033
23584
491
12382
12189
18570
22925
14942
21755
10551
16221
31512
14183
30679
20134
4196
20786
20210
29030
30189
5692
3498
10776
17467
23586
12525
11897
21997
919
29817
8099
396
12476
6102
21357
10648
25825
26070
25768
11494
23161
12104
8301
29119
21544
32610
9259
1617
32361
25892
26839
14254
10403
4195
20852
25819
25997
4134
13448
4793
1381
11724
9043
7810
25725
30570
23323
22097
15011
29494
12378
5349
21515
8489
8863
4145
27313
29026
19152
9454
4058
9445
11777
5722
7076
20916
9980
18008
29673
7770
24915
10265
31654
16544
23279
19955
18817
15015
28375
13779
2999
13060
17541
2185
2140
18315
28576
17864
29832
2132
14450
32746
13012
4044
6846
2830
17636
11441
28821
24709
2428
15312
31325
14583
16813
23112
26528
23148
18553
10638
23798
7199
25069
105
29596
21979
3998
10395
2968
29738
24774
24781
15895
14413
13084
17801
24616
26561
5529
19094
16750
18548
21107
2401
735
946
28071
25795
8444
10515
19114
