9000
1479
25407
15652
5130
31635
14190
29196
3392
24213
13873
7940
14170
4806
30364
18236
24688
20025
10859
18537
31339
12232
29627
15622
2119
5277
31283
9058
1032
12720
26194
7832
8679
31141
26284
22542
29167
5222
14180
23044
14429
9563
7799
30882
28889
11478
10411
8167
32392
12754
3769
10689
19796
8145
15855
21179
31677
32491
13198
3630
21996
6474
28357
16418
8253
27250
8553
18333
20447
6668
1008
13258
13922
3125
15258
24312
25370
13420
9165
12273
13741
8526
7903
845
2962
29443
14488
29339
27945
19604
27509
26214
14837
20978
13180
1844
28089
17832
16420
24050
4892
18793
4813
31298
5205
12501
18149
26873
13355
31063
15373
27458
32578
6328
22014
10094
13081
31365
9021
30438
10096
11558
23287
28198
10378
17160
14948
12769
19090
32627
13918
7223
19423
7444
5647
30449
25528
10001
8662
3831
11669
2044
20253
26666
14602
27278
19129
7283
5176
14122
496
5298
5699
7895
15459
28409
29527
21976
18159
28039
28355
29155
18172
11107
2436
5083
29218
9800
5112
21927
5310
25141
27404
4806
11354
25035
13884
22336
1646
6882
28678
7203
13208
12488
25011
28984
3904
1075
22377
30565
10277
3495
23442
25575
9476
18439
31189
14033
10300
4556
21017
13601
31209
57
8303
3030
29739
15295
319
15328
22913
11235
16742
19457
22820
9493
10262
3443
17172
1070
20654
12036
3143
6492
15354
5882
7511
12448
25434
15325
4843
22572
11370
9707
16389
8712
4966
9199
23614
23046
22305
8419
10295
29571
28890
28195
24991
29732
28977
11046
12370
30279
12016
26458
18815
4071
30040
14682
21838
26873
4714
23591
20367
1398
6898
27358
3408
23727
28172
2405
4007
6274
16670
21715
12968
2551
5933
18608
3802
23500
13161
2542
13780
12822
7841
31486
15694
2877
2336
17202
10223
470
4853
16181
20468
22901
22936
19825
4672
22029
199
7036
12920
20262
30368
12617
8772
8705
30235
9065
1769
25866
5651
441
20821
27799
10119
3521
2567
18566
11223
16456
4178
10307
18644
27827
22336
20869
24382
6950
23315
9498
2450
11731
10047
10
1005
10639
28177
551
15422
524
14948
14011
3421
26941
17419
2454
26049
14383
29475
27461
3286
4224
15721
25733
8025
5759
2841
21314
4127
27515
16677
7669
13419
24636
2189
1421
10742
27386
22028
12687
12274
10851
23531
31711
23067
13232
27812
28267
30324
9516
30505
26733
7224
29643
26747
32091
22018
7844
2600
20919
29177
240
18756
11010
28399
14547
10797
22678
28611
1351
25261
27789
9664
11483
21058
7106
12645
25891
2929
7717
28042
28
19523
19089
3542
28507
29292
26997
1968
369
18271
10186
7664
18485
2846
18022
29199
7520
2035
19541
29422
14905
5204
30729
26116
24565
27049
7010
31757
9986
259
23736
24781
6947
2114
26097
31971
16475
23473
30191
18818
9659
12839
31274
21995
4868
11239
11468
5002
5851
4141
3722
3121
20504
16927
30910
16123
10996
18862
30223
27746
9730
21256
30713
12621
13492
1985
28198
25307
29689
14295
4614
19731
8635
10867
6903
21841
31984
22875
4232
15825
24524
29846
25602
27690
23670
26815
15605
13550
20694
25104
9215
2991
1492
14140
6165
9492
7276
13263
23168
15790
974
18799
24541
31972
13891
23650
27315
16687
944
20139
15214
4933
13075
6530
12156
12507
4900
13915
14305
22650
19050
31675
30308
23970
2630
18545
3832
15869
19759
29346
2781
5598
4348
18762
28053
18375
2316
20965
31164
24882
11549
21200
14560
15222
4577
8823
20547
15229
3999
29116
27604
30858
28527
14448
22041
18797
31060
3647
15977
9634
24306
23513
15329
32180
22369
28769
23257
16986
9404
5245
20351
29817
19327
27845
27932
17340
20756
17550
5553
19286
26839
12239
4531
14347
14437
23424
20895
9859
355
29767
17172
31768
27209
9073
17589
18506
19750
17403
9242
32571
188
9048
18377
17293
25184
6132
18960
18248
15246
22894
20559
5311
2184
1802
30290
24949
31084
19326
30486
26415
31098
29501
1060
1986
23705
11657
32560
1141
4719
9266
4885
30484
4028
8499
18770
5301
32305
19650
4530
31512
17764
754
24840
12259
28855
28412
11013
25785
4021
31704
26623
15036
9537
22669
16361
12661
23720
5840
26932
20757
3692
19798
21309
8698
16031
26548
5449
2280
3473
25519
25833
19718
14889
6020
4007
10676
18234
13992
14717
22379
16259
23231
22130
5356
31810
32469
30199
23976
14021
26683
28623
8538
917
25621
11231
7647
27176
25522
30945
9895
9398
30193
25870
22308
4100
8300
13328
17911
11576
16858
3206
25235
15740
2595
22404
29683
6759
6748
1422
7051
11585
28115
24037
3434
31382
2607
26627
23587
852
21922
10864
20409
26524
19750
16821
11563
2350
14607
30613
372
13383
31311
19318
31400
16660
3973
27670
59
6267
7295
13308
27697
17491
6005
32465
21129
7558
23770
24548
1004
23706
28055
10246
31475
21080
9154
4544
3558
2392
5328
5986
5226
30813
18455
11993
14239
18089
21210
1545
5551
29571
11043
32711
15294
5724
13838
25939
16972
3113
22504
26800
10810
16957
21909
11683
27706
25764
2226
6265
9897
31711
8502
31428
31055
26594
22588
5497
26608
30497
18160
21932
3671
31647
9640
29446
4013
7408
16756
7230
32320
1439
21292
7196
31592
17602
30923
25969
2806
31286
12948
12579
32043
12510
30645
11916
85
20032
24543
12157
25144
13738
23973
10094
21678
32136
27304
25749
14773
1139
32486
24082
30074
19255
3278
2949
20132
23499
25734
247
892
25559
17807
22178
17920
20101
17109
12695
12312
11930
20685
16711
17234
17479
398
13395
31635
5438
12594
24842
2819
23941
29356
2548
31641
15466
10411
28671
485
28634
27517
21702
11572
29196
6070
27051
7515
5242
27224
21618
12122
16662
28196
17345
31242
8024
10853
23015
32028
10605
31030
25877
28535
20372
16062
10909
10384
32669
17888
32503
9301
28485
20495
30946
31923
27242
19244
18239
18787
28069
28380
15185
7964
26585
30529
23213
7257
13758
7390
2187
20331
14131
5921
7600
6532
19801
20160
8873
18831
7539
25630
25646
21856
25587
3515
30443
637
5217
31121
22267
27229
23985
3278
13736
27500
29061
9866
14129
6140
8747
20264
13041
3665
23737
2787
22275
23835
6269
19065
21472
7983
17233
19307
17041
9798
27214
10244
15626
15063
10172
31740
3197
10914
18059
24843
28089
17978
8290
20283
7037
3466
19829
7707
26354
26743
20159
8908
24521
30493
8233
6579
8298
19660
15689
27914
11260
2976
14409
23242
31322
16139
23590
22098
19016
20689
6520
32528
25015
16323
32623
19159
26164
17003
28235
29628
11661
22131
31075
20685
7485
491
19489
25396
26963
871
400
11059
8860
14533
29016
1027
13220
7657
6522
17510
29206
25616
23497
6447
27787
8086
16837
4956
22218
2711
18303
24734
19838
18649
5620
13917
27313
5158
21469
21588
11585
4223
31320
14459
8311
25482
28555
14739
29988
9206
6138
502
8040
8015
21521
29148
7024
6658
27219
2858
3955
7206
16308
17026
4339
8885
18839
12300
7968
9053
16248
31535
26168
18730
13047
29036
30835
6907
16485
27891
17520
3088
8483
27055
14167
23650
18440
23202
2012
20886
30088
3990
5468
16830
15612
20594
16288
6126
5975
23489
3943
29229
22320
21264
13790
12043
14270
5395
13343
5758
28951
7879
24631
21917
770
4769
14192
2495
947
18892
30181
28765
26649
7583
28218
15299
24895
2735
10206
288
24657
17718
27221
32438
4896
11841
4520
29896
4463
5396
26333
6038
20994
24253
170
32173
16357
13891
22022
24878
5348
29521
10186
2679
31138
14298
19641
18915
20789
4576
6715
6175
1536
25475
3112
13262
9716
30245
24758
10483
14170
13773
24922
24063
5820
9788
10633
27075
10904
1026
9489
13331
23810
3271
6431
3330
23454
8147
19830
9621
12195
4381
29411
13448
32470
9185
28523
30807
16619
22984
10513
26268
17967
29786
223
3812
18305
2013
14313
19345
11952
10084
8328
19036
31782
12116
5101
23877
12803
13601
28773
10656
4859
22284
26961
31422
22479
31395
23497
12239
710
18407
19754
7181
7989
3519
5000
11556
15717
1025
15440
6179
16547
25561
12976
18971
4501
5603
8574
21345
5596
21885
3663
19957
4215
10037
26776
31502
11473
7094
10315
11185
30638
18529
10452
25035
29232
12183
4909
24579
24995
11861
9988
6384
29167
11890
19901
85
4487
31258
2369
20455
15159
2196
25458
21122
27315
7655
69
13696
7758
24614
21690
5556
3146
32667
16448
28395
27825
26414
28345
574
28572
1600
30673
22677
16679
10328
7432
12932
2442
29960
15881
27567
3891
23285
5190
26391
3750
2244
27625
651
24944
21750
11487
31404
21323
4654
11677
8927
8676
3635
11788
2775
28108
6280
28398
31325
24463
29029
5607
23633
22794
245
11502
23449
29379
15687
4648
25610
22519
11173
20318
3840
11350
20287
22591
15909
29723
1532
14225
2193
4469
7396
27342
14164
11398
8135
12809
3451
22270
2332
10054
529
7883
15810
14350
9792
13942
10603
26484
15401
11054
2025
21429
19688
10075
23172
22222
4167
23327
8485
13800
18311
26813
18764
20849
11135
28500
11272
20993
12281
12586
14199
13632
22594
4392
20740
22205
3028
32716
21365
24290
15298
2631
30227
2890
1516
8250
8910
10187
1445
17175
7474
18051
6468
3295
24293
25680
8075
10057
26982
119
4138
17479
23932
24189
3644
19008
24351
32357
18215
16442
486
17865
17760
7765
8618
28539
20335
20277
18949
24413
12178
5050
14966
25163
6707
26120
12140
1758
18853
5017
28487
25980
12276
7429
6078
21174
28946
9687
25264
25294
12154
21074
370
937
28815
7180
20395
23623
19644
890
9394
11996
7767
7819
3834
2156
11003
252
31115
7459
15959
4128
14566
25126
11619
294
7417
30185
9728
1871
14072
2740
14066
22635
4268
29524
24228
24701
15694
32185
8659
25970
18776
2812
9689
442
13538
31758
26941
26275
31376
19708
25428
5548
15413
5623
18719
32454
18308
29594
7643
22890
7521
13118
6062
32055
11267
4227
6018
15399
13972
23602
16465
2923
8253
19747
23673
26251
13799
14985
24255
22765
15110
32261
380
12957
24818
23368
19969
17691
2666
10402
17710
6505
5853
20318
13628
29462
14515
21931
32542
22197
27571
21057
29796
29419
4392
16133
15698
24495
31420
32173
8612
23883
19642
15919
25838
21262
12088
17939
23371
31866
20007
7684
13280
31491
32180
30615
27112
20712
26667
10295
31658
23983
29052
24149
32563
21444
8258
14110
3468
9787
28751
20791
7667
20822
10440
2807
6615
25218
14451
16736
19259
9973
17272
18636
27762
8198
25543
29877
32261
15827
29095
15691
3966
10912
6252
15164
26595
23449
24620
5301
23619
2252
5169
19970
23322
19363
7527
14473
626
23063
13350
193
8729
19341
32563
9378
23276
6290
23629
14388
13867
16756
4413
27331
2255
3553
9760
8641
22054
17361
8136
19194
30042
5031
3666
1533
1472
18546
25393
31181
28098
28769
1784
26188
5945
768
10618
11628
22112
8376
29431
2069
17242
31254
25934
6728
25476
20851
30691
29395
22273
30099
10708
10569
25170
3522
11557
6620
24860
18558
16017
10918
7370
27005
15384
16024
22092
29348
13562
26028
25560
20351
15014
10858
31848
4956
13894
3484
30526
4411
4048
24309
18720
24608
24203
6922
25505
10988
6470
27563
24942
27293
28106
31409
19561
11481
6202
8249
17702
7180
603
8301
16801
21626
28970
15475
15839
3818
24824
25319
9562
29107
20279
22977
15913
12321
23149
22230
24969
12774
32442
20793
1411
21523
18809
18413
32208
16341
14561
10767
10038
24964
3806
8182
7185
32520
26293
25536
11735
6552
22489
8094
8456
4312
20342
2301
10422
22532
10488
18083
12788
1975
25899
29966
29356
29635
18636
2436
12805
12307
17932
5792
2325
10337
2032
29131
20263
9578
23556
24815
4940
15179
5211
27808
19129
29360
12197
13627
18788
11971
10734
25470
25838
7223
12129
32300
4184
19875
20768
6282
23081
4816
29145
1729
13790
1439
2789
21324
16142
15675
16502
21296
4119
9672
34
23579
14316
9745
31670
32766
22799
14090
10104
27948
8836
23176
25221
6250
32159
3467
21996
10035
12804
15240
9480
7486
2734
6383
4365
28345
29857
9924
15462
22365
10853
3820
7361
7868
1576
40
8882
28663
32632
18223
16441
24114
21084
3637
24057
8376
22939
26660
6421
13056
24141
8763
5833
19808
9608
5149
11556
5874
5744
14608
2112
372
671
19338
5762
12265
10008
24377
23595
24562
10152
10312
17276
13099
17554
8743
10275
31327
6108
22872
17175
12670
22565
18058
19670
4618
10743
17360
26540
18689
27940
9464
7299
22425
32404
20272
3884
7809
1926
17979
23367
12357
15452
25042
31655
28504
3229
2145
10575
15832
25497
21667
32320
5453
5385
28066
13240
11370
25550
15776
17263
9380
17123
6481
2930
13167
14712
26399
7036
22887
3218
2623
4121
10881
32406
11641
2932
5434
20204
14238
23640
5847
16932
22486
28386
8233
10829
22867
10197
23522
26667
30076
25971
14212
27100
32235
21893
11182
4165
5481
524
1066
11084
15578
2170
28376
4020
5582
10435
28263
9566
7833
2210
7685
21836
32402
31722
4727
11770
14768
8417
9592
242
1589
25889
11002
21706
22076
12020
17405
18098
32198
15756
686
20125
4086
13264
25063
27722
7457
29417
27660
22123
3068
8819
20514
24137
22092
28720
7358
6403
27578
28787
1101
8970
29834
12860
12501
6514
6426
15490
23053
23186
13748
15127
24427
25420
17212
27237
32564
6512
9252
19887
9483
17759
2225
15524
21705
5782
24330
27440
2894
32308
20368
11475
32536
24217
11541
31805
12948
11003
15922
23788
9833
27385
19773
30484
29843
5611
5399
26984
18465
25066
29949
24960
29018
27194
20184
3655
30857
28388
11752
29768
25269
23533
3022
11884
13696
23977
31911
21432
6228
10016
16844
3993
17585
12953
8878
13306
14811
20435
16806
19100
15003
7765
9164
12452
1435
2056
24322
31250
31362
8309
24182
16287
88
4056
13961
7782
28666
21161
16180
8585
12013
4977
6370
13911
21995
27307
7141
24444
31340
1584
24508
11162
1779
21864
797
21167
31001
9599
28330
29100
7589
1184
3906
28264
21173
2537
23606
1363
29750
15730
3437
31458
16509
30319
15061
16674
11118
19482
8629
1747
10164
20839
29104
22496
19545
372
19991
25556
21679
12021
14093
16528
21072
2145
23041
9182
28105
11668
29887
22894
31431
493
2369
16648
13956
11199
20518
3123
8650
1992
28864
15729
7855
26560
6983
30936
5310
16294
16711
30153
14611
7792
22302
25703
322
8167
7008
26837
31235
27292
8641
828
10731
31455
3661
5780
9403
29228
29036
27702
32350
4264
22302
26827
7490
20021
24237
18967
17023
5800
31882
30313
12692
4736
31908
5358
15190
10161
31678
28552
26762
16417
16094
11006
8759
2025
23894
10158
5070
28913
13269
13874
30128
2704
9992
17368
1627
3894
17031
18526
1649
26343
25538
16679
10819
17958
6175
18640
29445
20154
7606
10001
18089
19925
12506
24169
20360
3051
1727
20843
11076
10763
6586
15069
27164
9295
6598
4674
23521
21545
12295
7614
19300
16865
7375
22559
408
32674
11341
30867
15853
6285
27631
7175
16260
12450
22177
21522
177
24190
21350
260
15890
6132
22485
19594
2318
9390
30751
30714
922
26259
8991
27947
29763
30221
31634
22499
23134
15681
11526
10097
14348
14438
26237
24497
8607
21075
2401
28042
18699
32296
2622
27441
23995
11342
11395
4018
13680
23068
10360
14763
8312
29877
16013
21813
1148
30645
7299
118
24296
29535
32055
22250
2
15207
3967
5457
23121
21225
4589
31333
19527
23908
8225
17745
685
20163
882
32029
27542
28028
8605
19651
7334
3100
5669
18886
31727
9470
20923
10781
27286
30386
31542
9254
21267
18510
15739
4677
1716
10506
19972
20012
27325
884
23514
28075
7023
25057
22657
10170
8479
23858
28580
20594
1470
19433
17902
27323
25563
30758
28099
25102
13749
31721
3948
8912
25940
5596
8273
32206
22490
18621
30137
11078
957
26404
28452
15414
5776
24010
2371
25457
17776
7331
19297
28363
3081
2103
21845
17871
12915
28989
25375
24827
29722
8314
8163
9290
31496
30981
10586
11610
17057
15823
11266
6118
15200
19916
25200
24496
15569
28546
20108
1506
17754
10722
10969
6690
27824
12704
31733
11995
9834
28966
20513
9604
9762
3677
23130
27493
32484
24354
13374
30446
30640
17844
21484
23118
30038
23860
25137
1261
19014
9356
18667
11864
8234
10795
15587
3960
10884
10268
32363
28621
15057
30408
28564
421
19578
9705
14137
16453
28531
19869
12458
4210
1601
16190
17490
3555
16993
8336
28913
12711
29841
4285
22002
14475
13137
10575
27468
1972
25418
22319
29376
8027
10771
19306
29429
8023
22321
20655
29518
25853
5343
21007
31503
22313
3023
2758
13689
13555
24776
26057
169
18589
28113
24438
1992
23775
1433
5334
14356
6842
19895
20873
29956
26023
25312
24997
2017
15655
9664
19892
19990
13867
2188
25192
28066
27071
28210
8083
26067
15304
28025
29696
16427
31321
14992
28834
30655
16993
7081
11953
11864
20019
13127
6657
10774
5312
7189
13573
21033
11419
22283
1381
18118
21154
21784
3252
6481
6713
17027
12057
28100
13538
8163
25192
24159
30834
8488
30639
1250
15751
1309
6598
26475
21055
11022
1640
2016
1310
20399
9566
17434
32381
24978
17337
32246
16685
3493
30165
15175
20169
17735
30070
21992
10544
14633
18191
23888
28660
18133
30436
19381
20228
6323
1826
28283
5570
6752
14245
29158
15819
16253
703
19341
8254
7826
8467
10890
615
6352
28101
20252
15970
24045
11318
14746
7508
19515
8136
23592
8436
30030
10005
17760
8726
18268
4422
12987
19804
21147
4138
15422
2007
25282
6759
2725
8831
21213
732
29099
20998
303
13423
32244
23908
10406
30500
24389
15639
13556
23265
15259
23315
19506
29124
15329
2598
29521
21859
13957
26796
1072
20170
6539
4500
9737
26506
24855
9706
13302
8201
2360
21570
32213
27415
24812
31740
11055
29411
2032
23784
21492
734
22859
10542
6189
29657
8531
27580
5530
18683
7849
2979
29326
18473
6717
26528
5212
3755
31696
25187
30239
8715
26782
27130
25984
19724
31609
9054
31299
23534
21827
27560
12629
29710
31870
26268
9432
26836
22504
25981
12576
18244
29098
2000
7542
20173
15466
20353
26067
11408
11746
14272
25853
11635
12453
1523
28425
19855
11566
6571
24326
30542
28219
25469
14673
20715
27446
13451
18099
16777
4419
18234
21616
9854
4216
17708
3262
18830
4203
18231
31433
9386
19133
11724
6636
21931
7858
27797
13982
25101
4424
9084
6454
22697
27363
12477
10855
22722
22638
23210
12424
7634
30433
18985
897
29614
31688
26951
26363
20893
7180
969
6316
14562
9242
5291
17499
26320
25314
32121
26015
25357
508
31753
13790
20831
20272
19330
11957
6331
5545
2344
893
878
8297
4898
14736
17208
28546
18113
16791
4446
21752
28764
7438
13291
27843
10870
22109
3229
6077
31615
4714
29494
6252
10084
819
20393
24678
32101
27720
18616
22334
6574
12730
24703
3699
10097
10654
5317
15938
29186
32188
10679
16048
24427
1501
15059
30676
29263
19493
20282
26103
29930
7425
3033
11582
29032
15582
12860
2225
1282
15167
31966
25240
5282
13561
23573
24424
28667
867
60
6226
29427
27091
26664
9012
30608
7359
28198
27576
21605
341
14910
30646
29818
16326
28182
9869
4334
23717
20195
1392
25239
18311
21172
4120
29450
16378
1329
1476
24276
22766
14822
16941
24582
31890
18664
18634
28462
26251
4602
4232
31636
17696
27338
24117
929
2367
30245
7241
22283
10411
5898
6128
7497
30073
19078
4286
28931
8195
31271
16399
12194
9549
4614
17892
12482
3533
263
6519
12944
11410
12898
31348
15520
18865
15322
2152
25479
32670
7058
23712
6537
31280
1544
13217
20096
14887
30650
5589
31345
14423
16385
11212
25302
17884
15138
9072
21236
7072
27459
24743
9384
12854
11945
4267
13258
17186
30135
24041
7652
22124
4511
279
4128
11738
22808
20109
12374
26900
13033
24157
15359
11652
29716
12917
4903
24225
11673
32100
11701
29613
6469
22273
8742
17040
8659
32034
299
6392
19260
17950
20756
10242
14264
31433
8604
830
17010
17735
9027
2344
148
26393
4632
14681
26998
31903
21789
17465
31465
32640
23031
4379
16636
10543
32578
5755
20857
9538
13116
15450
30433
21391
29532
19637
28491
29076
13479
10918
19380
22682
17216
16455
22720
14078
27610
22543
8442
9010
9375
9811
11742
14413
17927
29971
11952
24121
15188
1234
31639
15293
411
16575
4983
21106
21528
4329
11507
26606
30167
10026
5671
25251
30854
24111
4801
11325
3293
24498
10073
19654
11553
27071
16225
8483
13425
29170
18199
26470
1265
15571
16520
26785
16464
8761
3854
30479
9359
28419
16888
424
15477
20592
7607
4593
26615
4901
25741
31022
27684
28850
14347
2728
17208
1130
5315
6919
15944
9568
28407
7276
9699
20775
2172
2423
30425
30594
12823
19433
7036
31652
28418
13968
21754
24941
19023
15
24311
2250
20836
11959
8837
28380
11168
230
28905
9215
18306
26416
16643
9326
23366
17731
8145
26699
20303
14372
6525
8874
19174
26142
15662
30626
2430
1361
7935
11739
10302
930
15272
21443
12063
30524
8297
6390
16545
26939
21539
32343
30140
4734
20018
11765
2423
14536
14540
23101
16885
14696
30367
6293
32716
31878
18911
13448
21644
1504
15964
17493
7493
7975
9351
1754
16955
29139
32030
4342
8540
14115
20168
10805
11813
417
28326
15700
15613
16347
27238
22712
12850
31589
5633
7323
27779
30581
29674
14768
30596
31153
28108
21895
2673
18494
28593
8528
29078
5508
26320
11066
25133
27367
7563
19149
28629
5349
15456
7243
25702
4622
643
22723
19606
3018
16702
31790
1105
27113
32371
24501
26231
16879
12183
24472
17228
21736
156
32375
3689
10727
27435
30100
8374
20598
2145
23785
27601
10061
18083
15084
6653
17250
20996
25121
10385
19060
24148
24945
6684
32738
12146
9772
556
6070
23642
10732
25217
19401
18951
29470
8754
2718
17929
11117
20508
28152
23413
25294
5920
4525
10161
10861
14326
20173
19270
14237
22101
29524
14952
9415
21266
16823
4783
1285
2071
19824
14457
3318
6748
20375
15718
11130
23198
20017
21336
27382
15295
14304
32388
12786
5281
9635
7148
24789
20740
13154
8239
31982
15162
3398
2491
15855
7131
31354
14182
10333
18439
28722
5714
24985
18255
8402
4073
11120
5154
7620
5349
30354
26617
15501
612
29956
9586
21178
31901
8789
31632
8113
26785
15037
9626
23166
8187
11837
2581
21116
29342
7184
18604
15869
8166
11338
11915
27054
15478
32610
22152
4116
16421
17123
29083
6699
32348
6842
6523
5650
25960
29563
32433
13407
24411
28067
10938
3330
21589
18001
10194
25000
5709
29922
26049
20451
18211
18608
19097
2110
4325
10778
32654
17769
2303
17410
3049
16106
17192
15431
8913
23275
20186
24689
26331
4140
12690
29662
19269
18835
14183
26154
6576
19246
31658
15409
13121
21365
12000
4839
32166
23106
20680
2421
28542
9079
9852
13931
20560
28318
20852
3740
8239
17133
22058
4707
8497
836
3183
7323
23756
349
10832
25739
13634
20536
32268
5269
11705
3053
27812
14034
24921
9505
26191
5352
11331
9907
6490
7452
18818
11785
976
29012
20019
32257
5730
11619
16446
1099
15791
11896
14669
27002
25785
6621
32762
8850
20446
29920
26704
24059
16895
11100
16849
6281
16712
20094
8595
5037
16519
22580
18861
30615
27915
3715
5130
24235
23235
10998
9550
13071
29656
729
30889
21801
22704
8614
25864
5815
12184
19522
2053
7099
25466
16668
3625
3214
16218
17285
14660
17168
2720
15998
3021
2229
8236
19969
6847
12139
15170
23469
30045
21830
22036
32626
31579
20672
27857
18260
29053
26713
306
22811
25857
8981
27684
26500
24499
24921
12038
7349
12795
20828
22198
17319
10865
1634
29016
2318
17634
18650
31950
15728
31574
21119
4292
29605
1273
6009
3919
19734
27864
9321
12931
17836
24124
29676
19101
4509
2759
9441
22524
31122
24419
30012
7284
23614
7516
31065
6981
15781
11102
5018
1425
29536
32726
1263
32716
11166
6307
9133
11859
17827
37
5718
14794
30656
23734
24453
3837
30308
26038
14209
27604
18201
10182
20209
15202
11989
29338
4777
11408
30684
6674
13150
23807
18743
30199
4484
29450
21447
15765
22951
7285
11179
24798
28794
17286
13836
19547
2467
23663
32011
5999
21441
8138
25454
7203
5171
9835
19136
5185
3251
29013
20104
25423
7903
25388
24947
10856
23450
2007
22967
30169
10322
10670
4538
28859
10546
26307
23131
7344
27316
30355
12007
2533
26736
31369
29167
24857
9707
11298
13324
31399
31300
3625
26614
349
29759
32189
9957
6804
5127
11648
16264
18506
24328
24764
32748
16329
25908
31637
10874
5109
31516
21689
24714
7027
18514
9956
14072
31087
3359
17690
13940
15704
25665
18801
6033
11925
31221
7916
28639
17764
11267
12775
15530
30901
6026
12547
5137
12503
10892
16419
8916
22249
10939
29072
7789
15101
30045
23303
6792
20404
15709
27839
8967
147
6469
29493
9834
31034
22535
13873
1490
2021
3690
16013
18310
20585
32478
7970
16796
15898
3129
10262
14849
30538
6459
12252
19300
5290
23126
7950
4324
6812
8244
13816
8126
31362
32275
15592
3040
20494
16415
15931
14508
3467
21880
2965
4094
13663
2967
3612
19439
16487
1042
30813
544
4950
23840
29564
4012
24948
680
1297
16447
19320
16016
1647
30082
8784
6318
16693
6263
24416
12605
17027
24669
5042
18649
19017
3216
23861
3077
27128
27027
21459
9426
20229
21461
21531
7234
10473
20919
15294
695
9957
12254
11106
713
16072
20149
17686
14893
3438
458
28622
23593
2475
32358
14901
32303
12525
30229
8960
772
6208
31907
18278
16847
17011
8324
4666
24165
20367
8179
15022
16851
25106
30376
26296
1956
1059
17753
2206
4559
1443
21017
1724
7889
10590
32738
21159
21715
17291
19173
13175
4541
4317
4353
6635
23471
1485
23810
21243
21526
14900
17831
17056
10935
15867
6049
23009
5427
18929
2317
12855
15457
16420
13368
8350
10635
10490
1740
12366
788
6045
30368
4066
11458
2572
4061
25405
3561
29940
2524
19929
12192
1499
24737
7258
22579
21566
18498
1692
31687
29355
21022
25897
11611
30535
31110
22701
1288
9090
27813
1076
28966
29356
27923
21858
7864
22342
5202
15836
2383
6692
25112
26936
14122
32385
18240
9737
16574
12553
30130
17849
20991
3067
30566
4584
18730
24208
19184
4577
21079
17864
18970
9155
7751
18977
3940
4543
20431
30936
27425
15020
12586
22764
17153
5178
10350
28330
28214
27280
5370
20649
2771
11512
22573
29712
24150
13734
32277
32546
6678
20266
20893
19791
15706
26763
12935
28298
22697
22933
11762
15638
23334
19943
4058
22660
5785
21757
30504
7656
23418
28881
2513
1889
19436
12747
8426
599
30551
24001
14875
32421
1625
14678
5452
21937
9918
5831
14561
23012
1173
30145
10213
22171
22885
20373
20192
7031
32457
18454
29704
1294
15455
23990
31020
19914
13442
7411
24513
5285
32057
5599
12977
8016
11183
25873
21909
20458
28587
17495
10180
14956
9480
12920
10659
358
27794
15945
27088
8707
12234
13434
21482
27820
10484
20974
21249
18837
7743
14082
32361
245
10709
29540
10409
567
9824
23604
26939
11114
19743
22007
16199
10000
22461
4802
29759
25448
26320
14464
6710
17508
23867
32579
10011
3525
10913
29477
12239
12309
6873
10191
15599
10954
14524
11600
15965
30238
25975
32062
26765
13315
31703
17838
26196
1097
32606
11303
483
10160
16899
8686
5173
25296
5672
1033
21470
19109
12648
28197
31736
10968
571
19453
20667
32017
4567
796
30749
13226
15484
1169
16187
4962
23701
2181
23021
26375
4435
907
26463
21960
29355
22370
8308
18532
26655
12082
22
9609
26756
7470
25566
1027
19385
12071
13219
8105
24054
1550
6107
1423
15778
31025
6587
25325
7771
29144
3553
9693
19225
27567
30827
28346
15421
32222
22408
18925
17492
1476
27227
9630
7361
4065
29395
5571
15262
13996
28772
19249
472
17310
18726
8414
19030
14404
32079
26972
12678
11331
7330
9782
16518
3138
13891
11661
9310
24559
20636
7699
31706
8113
12707
21247
2398
13787
31552
23366
411
1138
12241
6207
11065
5972
10547
9141
11185
21475
10037
14667
29355
3478
2545
26248
14177
29607
1434
14017
25964
3530
12654
12058
31539
15700
29719
4570
8181
10088
28546
23076
31676
20612
28661
7684
25645
4442
29133
18430
24445
9836
25241
29120
2406
24911
6154
9145
19105
2763
9039
6458
10597
2968
13755
15706
3570
3964
11235
28143
2024
7300
6878
27287
2822
10821
7509
31404
21858
30988
6607
31531
17838
1491
23245
27176
20389
5459
9946
5916
31987
20012
22357
30462
8701
29689
5566
29160
16828
22118
26793
572
18482
11378
16160
15275
23249
23019
15531
24144
25750
2110
4658
15053
15815
3074
28028
19503
9424
22565
18079
31484
17326
30781
14192
24476
10643
5967
7692
17347
21207
27710
21080
5076
30482
21463
23457
23854
14507
7692
25
27637
9417
23024
11193
10050
20209
16898
6440
19101
3697
27736
31461
14908
27569
19760
8035
25514
27673
18849
29804
3867
6942
14711
8936
26494
14493
3961
16459
422
14601
10578
25613
23492
23950
26601
7279
28651
9699
8804
14069
24758
23512
14381
26837
22931
16407
21909
8229
20397
32683
9156
10585
27398
628
5647
25587
14323
8552
19055
8243
1615
30516
30117
29315
13927
16167
7408
1988
19440
27497
21630
20918
9445
5222
29893
2919
17356
20687
17754
7544
5943
172
22521
13930
10858
22387
32178
793
31922
1932
22075
10386
30292
9527
1143
4086
24510
10794
1147
3804
334
26465
29979
12537
12297
6880
28607
19033
14519
28709
31216
22726
2572
3006
24672
30517
28813
23534
12410
24920
23732
8818
4453
22410
14936
29242
27831
615
3588
8532
28857
14622
29989
13319
24386
9331
13136
32533
22315
24705
1943
8765
24642
3638
11910
30129
31276
10050
24215
21863
24416
28310
9898
3900
3993
16861
18029
25448
25301
18045
15710
25302
22999
19752
414
22058
30971
4661
11010
1727
13141
10764
31348
25543
8430
23224
32447
1937
29188
31515
27987
5502
32521
5671
32302
22096
450
13706
25880
1864
27813
17521
4631
21922
5291
1774
2926
19782
12922
31889
10877
5110
24118
8808
11363
12245
7235
32324
19668
9888
31909
26578
16840
5763
29269
1758
13924
3125
20680
22206
1938
20631
390
13802
26545
2800
17284
28601
5541
6957
6170
18312
20676
13721
27818
2993
25416
10992
3128
16585
24198
7329
24161
4540
3437
24741
22194
21630
18458
4455
10072
10115
16990
328
12255
20455
22605
23557
28944
4700
25143
4213
14356
20805
14910
1687
6269
5171
16733
13962
23593
31825
12227
16740
23724
9891
6982
28353
5802
29594
29000
13107
11110
16410
15264
21844
23166
4127
24933
10168
3537
13851
8137
7013
15983
11487
11067
21985
15011
21849
12536
23081
17181
14060
1488
2891
26346
3806
31599
16501
15433
18224
25375
19029
12866
30072
27668
2735
12963
29496
12657
30665
24661
25230
13544
10299
2189
23424
25670
25533
19249
6687
15583
15700
11759
9682
25170
18119
10618
9572
2250
18530
3151
13990
26523
3556
9341
30124
3465
25947
25988
9789
1931
23116
24343
32207
15670
29106
23925
5596
29906
15605
32027
6724
29565
2882
7369
9423
26899
605
23207
26224
25433
27273
6130
10522
26426
6929
6876
27300
13670
21844
14398
15030
7892
30055
17525
30919
31247
4054
30842
1207
4980
8014
10536
32078
26575
2550
2133
1074
17870
31829
26810
18826
8812
6777
22005
22338
23067
25945
12105
9484
24945
13315
12850
18643
32664
7766
11951
24835
409
28028
20915
8407
30483
9454
11634
16037
18843
28852
26824
1275
19018
8260
30079
13219
29716
8662
10947
20581
5083
28037
5626
9999
16368
30937
32212
5364
17518
28944
12901
13368
2271
12532
27784
28259
10776
20303
531
8778
14223
26082
12125
5729
21039
20694
17305
28641
30976
11293
13302
16429
8681
26187
1438
1461
8367
25705
16343
14531
18784
14027
6283
16203
30555
9332
24296
23065
428
7978
472
32727
16100
10513
1741
2324
4716
22495
25502
8901
7802
23650
1500
3988
2175
32057
26174
24284
6904
8755
769
22960
534
4784
603
2345
29111
25769
25209
12023
12748
28032
6922
18507
24039
15618
10900
3735
11880
12296
31498
20478
17265
32011
17810
13640
12112
7634
29507
21065
10383
18970
14260
245
24125
9679
15084
25429
3897
703
20543
25498
22379
19381
3040
30307
6749
16133
5262
22909
2485
30191
27440
32046
1332
30425
25571
16427
10944
2753
17484
5768
8631
9720
6195
8952
4547
7539
25936
19574
18039
27471
29322
26911
32726
10438
15364
9218
11798
17301
19627
28971
13497
7348
21581
3242
24963
29769
31533
14887
19625
613
29468
372
24429
6225
12871
16516
5556
19943
31363
29423
23174
24649
25807
13197
27779
3351
30371
8730
8726
6271
20902
10084
30769
16640
23450
17596
10153
4757
13017
18492
20394
18460
19244
26543
9788
25731
24475
9015
28592
3389
24001
18456
11747
6511
12413
21241
11902
29157
28777
3211
7474
18032
31486
13470
13999
7210
1108
5114
20567
27746
23254
4792
14707
12999
139
18419
17901
6542
15450
9995
5933
21268
2809
12177
4892
730
10025
29032
905
21937
26587
25765
30509
21923
32228
13504
21748
14013
14096
23153
31106
23645
24111
2084
9019
17019
8033
19142
20508
20374
11316
30242
23674
910
17147
25364
31076
16206
879
3794
13911
11520
15935
8215
16290
19324
21699
23880
22383
14084
22549
2912
14755
8048
30257
1869
21110
8435
28700
7350
7374
13925
2885
8816
15667
3097
28280
13943
22646
13958
32216
16116
29024
10651
19383
8523
21233
13317
22515
2115
14460
24501
16235
20359
30972
1704
15915
29744
15746
19101
15179
25906
19740
6049
17181
29343
22797
28067
16588
22273
20105
1822
25312
28263
10997
20839
12257
12828
21207
5182
3630
15640
717
18550
11330
22526
19478
17119
5666
17848
28912
8560
11961
8593
31810
9847
32387
17398
31838
30687
31003
7485
25937
26304
7287
24499
32115
31544
1192
14109
30853
25921
6635
24706
23707
20830
5030
32739
17564
14799
13494
17239
1882
8557
30736
17534
31545
279
7421
1885
7779
28835
17957
15562
11125
18224
4130
11513
26890
9352
8652
11966
27942
17896
10776
1446
18815
28149
7055
16183
14305
13861
5268
22136
18471
20606
10601
6006
18401
6304
14817
5664
25555
22257
28071
22652
20904
20117
22594
21956
17042
27866
9398
22016
29887
4919
9373
11265
26052
18050
13844
2234
7426
2318
30922
32234
17131
23918
16216
18908
24450
23006
22323
29037
9969
15393
11071
13954
26501
29940
2874
800
23817
28233
14267
27511
30097
5339
9508
13371
29405
32351
17668
2749
25840
1772
19302
23227
4528
1300
28745
5278
26559
9067
14693
2852
9386
22020
17089
6606
16583
29161
12888
10219
1466
24893
8868
4872
11301
21967
9228
31301
6256
4719
13188
15398
24370
21702
32338
23833
18519
21933
21452
21041
2099
4208
15828
2340
24831
4785
18950
29104
279
17817
8890
23654
30640
8371
6957
8713
5610
6460
25633
15625
26579
28611
9419
22716
26694
14273
13387
16826
19070
8394
16401
8036
28437
30190
32489
23271
16132
30067
885
6231
17293
17469
16852
13831
11275
27266
11731
27709
26523
21639
9070
729
14145
14459
18108
12000
10230
14869
20768
30054
31952
3776
19672
22186
5777
6915
7087
5799
21525
15812
27340
226
14210
11125
8367
24426
7763
26695
1014
15201
31706
17414
6162
19514
21180
27229
29327
15081
28502
545
9852
3485
9724
9683
451
22443
11483
310
23733
4699
342
24059
335
29428
26065
13080
8693
29034
23035
3431
16925
20665
14238
12081
20218
32524
13980
8480
14454
3323
17960
29792
23028
2588
31266
19293
3953
28186
8899
3654
2799
7848
27160
31544
8466
9285
20997
1294
696
16010
24664
11231
28601
5210
4475
23419
12413
17272
15956
6365
2712
2658
13499
9936
1950
4621
11256
13159
23799
14231
11287
20956
9274
18552
4770
11040
20371
3878
30496
13686
16756
22560
12307
26596
4891
22155
2413
27510
7977
19467
21463
30123
23011
11635
9343
9642
8684
25998
29506
15928
19529
9257
29668
16868
20956
17258
13440
25562
17762
24774
12205
20227
15333
12008
16071
23463
31185
8730
14672
4624
17647
20775
18106
30498
1794
24729
15254
23877
24946
15322
3311
1846
30551
28217
19005
27645
10122
14535
4573
19990
23379
3996
22078
16661
30473
30291
20921
3115
30459
964
7166
9569
31362
12469
21739
4303
17811
5864
7802
1580
6627
9999
1186
25615
25030
29868
10881
7147
15664
9728
23568
10796
22634
24447
13837
25357
10509
11001
24273
11194
25395
28095
25407
22027
6818
29006
9336
23262
17079
20088
2455
29025
5862
20228
26400
6206
4496
15267
4925
21923
11714
7889
11427
13061
32179
4023
5090
23541
10468
11982
7515
16739
1993
4024
2225
28146
26777
25118
12459
11364
17773
19988
8924
18805
29907
26166
10209
6946
11936
20850
5146
23730
32304
9578
3447
17410
8701
15505
345
16174
24975
15757
28066
28913
32715
6464
5429
5583
19108
4087
18005
18451
16989
29330
1544
32620
91
16287
5589
32255
19523
26135
12701
7731
3284
20513
2879
12401
3539
20037
11883
10553
525
19858
32759
28143
15541
21612
29107
28201
12908
19149
10017
6458
14685
10898
6290
21875
2751
5552
10365
31975
9057
28276
14405
16812
23957
11630
29673
892
8347
13582
20021
2155
26887
9162
6568
11483
21028
8193
3050
21541
3283
25196
19401
13562
27842
21197
4395
21563
4209
23031
1543
9504
2273
6501
27809
4467
9158
1584
5997
22257
1397
25337
9024
15791
2494
14478
1400
17710
21170
10014
22950
4736
7774
30988
26335
6811
12638
12152
21570
12882
10403
24888
22946
21236
9103
16841
24898
7174
15236
4111
29882
23510
22084
27475
24339
1905
6892
17605
153
23194
28516
1152
24481
25794
16912
3045
11640
27880
19788
3905
10184
29274
32169
19382
18418
26743
3988
6967
16829
32124
13389
9797
31421
3659
20006
6389
28269
12374
1604
18927
22373
30630
19158
26502
1470
7757
27946
24887
5600
31786
16439
7327
15106
14771
23144
18193
25954
10403
10843
5018
2920
3898
22229
25239
17699
22991
13940
30212
3358
22956
23832
11030
3660
23250
13887
22760
13478
13239
23537
20260
28639
16025
13115
8646
32381
16418
30745
12188
3149
8748
16755
31578
13484
6364
21743
9759
24316
23628
10342
10514
18081
1989
20645
6853
11175
1166
31393
7359
3041
11916
6817
24229
30065
2966
18566
31506
15746
11191
23612
6944
1944
14753
30550
2589
6597
13746
15053
15815
17861
25639
4599
23064
28884
8957
10793
7412
13925
10794
18120
4765
31229
15079
10837
30516
19657
4897
25530
23123
23891
19017
18875
9951
2249
9880
5800
18426
21704
362
15266
23262
21121
17844
3060
20603
30983
23432
6423
1159
3004
1136
6898
9101
28310
32663
15895
1898
22021
1564
15377
5699
7906
27319
15365
13384
20662
13821
2648
10732
14955
32122
22086
7372
9356
5489
21272
22317
7440
22182
27839
4794
32001
17217
17530
19603
6747
9673
7152
30830
27101
20510
12932
4240
20876
13992
15033
12865
9686
19921
11421
2758
16260
12817
28209
28852
4879
27875
20010
14461
19145
26439
5653
29253
19747
10221
3192
6552
3740
7931
29584
3529
32242
982
15427
16426
5728
22499
29770
27872
17251
31898
6563
14861
28026
6005
20581
5019
25924
1116
24359
18821
6830
4269
9782
28593
26459
12815
11039
17181
10481
30916
15457
22211
23504
8836
21269
29706
19019
7552
14527
14024
19609
25656
31531
15733
3024
10270
4721
5561
13026
28227
23721
23062
11534
28747
185
21148
12872
537
10313
9689
29462
20079
10685
23686
6472
148
8033
17936
26824
8991
31178
29004
27950
31701
19161
25288
4210
18087
19310
3756
6829
22941
3287
17179
7236
28429
9868
9857
12921
19295
29597
31163
9756
23775
15823
11694
27484
296
22642
14615
3208
22112
15921
32680
8258
17775
19151
31873
23785
27993
30240
24830
24349
16242
5285
22977
3959
2681
27325
28355
24636
11829
169
14926
14537
30035
29817
6119
23979
15663
12517
27818
18097
11410
3849
29098
13865
1513
9589
20022
17800
24924
1235
10472
22483
32143
20213
18789
8473
29868
23573
31962
6656
27167
19929
29924
21470
3013
12048
19600
20935
24743
17145
2128
3156
26509
22670
12707
13096
777
31843
15774
32352
29864
3166
5474
25908
2130
10791
4448
24711
22222
10010
28135
28215
102
19727
23070
8996
866
27570
28278
17536
2716
16228
14658
8726
28861
5550
26826
18591
29398
28929
9393
17793
25191
6527
1957
15929
9306
32679
23430
32491
19703
7099
22765
3611
1944
12074
28176
9740
22668
32343
24187
15580
27089
20612
24567
7793
31756
5169
21686
32072
4906
19029
30961
14468
21603
22727
28327
21450
913
31191
2116
13095
10002
1566
423
15429
12023
13281
199
31530
1097
16855
27572
17107
12837
6493
19884
10637
3728
18391
2051
27414
13528
6633
15800
17769
17283
22644
20441
7177
7510
13500
5925
8548
29226
802
7758
7098
21066
27657
8247
32295
7801
1174
6601
5164
1436
375
1101
6650
2860
30024
771
10936
24555
18718
24842
3006
10515
25203
18408
8487
18781
11594
6703
592
5843
31501
19572
15193
5004
20834
13203
3630
23372
21506
17916
17204
21909
10868
14501
25629
13595
12524
4941
24145
18393
4597
3678
15274
12319
10579
15714
15868
31461
9105
24349
19474
14149
27479
21373
23982
20340
2776
13117
21733
18770
26886
1473
18482
28082
16691
28528
30265
18766
13449
29461
22512
15912
27050
22787
28277
3743
2205
19134
30952
23960
30025
26507
16463
7395
961
8446
17524
6862
1897
20970
5227
13477
10035
4409
1604
22739
15000
8795
16057
9168
4562
20991
14660
31012
24637
13463
8652
13740
8150
15240
11339
28291
17503
1339
7862
5659
28590
18097
25079
20108
29442
9856
29054
24027
16283
20576
22340
8438
17963
27318
5143
21570
26179
1400
29063
7656
20843
22689
25624
24087
10642
16381
19736
27434
21942
13294
19427
20651
31412
30835
8520
9513
21872
4575
6572
22364
31443
18116
31905
13856
24447
28222
4440
26871
5243
14054
31115
8805
23226
7781
18832
4783
2834
20712
3741
10123
15367
24313
8620
10499
6852
25465
10878
259
13663
26939
2525
11915
32017
28981
19435
1946
16874
3487
23559
23872
25557
5935
25074
10402
10646
12738
4306
28838
5502
6891
5364
13634
23702
22798
15816
13234
23375
14779
16027
4474
26302
13744
32737
17172
22265
23948
5462
7228
6892
21305
30840
29527
23844
4189
26112
2003
1272
10001
10613
9021
31224
31911
21770
18190
23067
9539
23200
607
1848
11177
14525
25029
10677
18225
20086
1211
8045
22846
792
7595
20152
25371
6701
1602
18930
25751
4931
3472
4580
27639
9689
29381
17878
27153
8743
22727
20239
2548
1755
12330
3786
16867
30904
32438
3496
10968
19675
24387
7464
19057
24423
19019
32744
25187
22666
11712
26830
27644
22191
27567
21233
29434
19287
27768
27827
1800
9863
16831
6240
25906
23959
455
5269
5701
29197
21168
20735
8552
11709
23946
28428
6308
19807
7376
16648
956
5700
8646
10621
17333
23879
4494
32047
10451
18590
8958
24785
11176
30652
24366
4590
31359
7032
23252
8697
8381
24285
21873
15643
31904
20472
18179
32617
21076
14013
20502
26742
17931
17855
30255
12414
13616
8605
6562
15006
3264
26855
28269
16212
2815
28578
12405
2772
4388
19858
14656
22673
29928
20446
7450
18695
28596
19507
6769
18460
10403
20399
28795
9691
6177
16789
18335
4592
6031
14129
9455
2834
32395
996
25032
20739
31268
27966
23354
15511
13625
13751
32371
16333
20902
3633
25324
31258
16371
23947
6150
29894
26467
5498
4760
962
854
26347
18795
18360
26588
1856
25481
24635
21410
7807
24990
44
9987
21776
9743
9975
19354
17332
10986
25947
26045
1840
30060
32743
27993
1293
13597
4774
14652
11963
18905
5469
11646
634
26901
15315
31076
7194
1842
18091
23138
29699
26772
21512
3878
16384
5185
12827
26898
25310
21630
30603
9153
22953
6941
20193
31835
26372
13401
1711
16977
31338
2723
8853
24712
18547
11968
23096
2092
27373
30686
5169
14911
5666
21181
2951
4286
5727
3175
19389
20097
28771
2082
30651
17918
9471
23202
24123
9596
1767
23176
32574
23552
20377
3833
20461
27122
7394
15855
3079
14380
18002
28751
20082
1174
25486
6895
12251
27208
8962
32385
24122
8550
8175
3388
13583
4396
16927
15308
5253
395
20839
6913
32737
11405
15585
27847
18091
17960
14271
16536
8347
11043
17796
30663
24061
5020
18659
21259
485
9571
17986
24982
12206
27917
1783
2423
16745
2384
11699
18860
4560
12154
11830
4870
12553
30792
15145
9222
27178
12021
13820
16139
25391
7380
21916
30267
20086
652
12458
16031
18628
18723
15541
5320
518
13082
15859
7695
31090
32248
1021
18504
25812
8494
9349
13209
23347
18136
8944
27300
16498
6283
26236
16419
29336
12287
9678
3825
6400
27613
25885
11271
16911
32478
20360
30246
4316
20846
8882
15984
14698
7430
1765
29701
8026
11702
1469
31607
9746
10410
25268
13721
19878
4841
9566
32749
29437
4391
27827
4953
6693
7401
1172
3679
13351
5483
29502
29847
9393
7634
24823
13646
30966
30589
5477
25582
30496
6596
16818
17062
15226
12303
10876
12156
31229
23455
16212
5500
11149
13594
26547
27487
16530
2331
13929
25209
29285
10343
30808
27454
6841
32590
1626
5940
32352
25415
7375
24946
32414
5374
24084
14496
24832
15657
3348
3808
14793
23728
16277
32453
23761
2807
5369
16339
31895
2028
21217
23464
6867
2044
26405
16124
14502
20883
12874
11877
14356
14537
15968
18836
509
30799
1336
1579
2077
16478
1656
22953
21081
16989
5123
15399
17336
22922
19123
16128
8600
31600
10835
18504
26148
4130
1911
3795
1657
12611
11732
28895
26376
10840
14308
21994
8774
11554
9822
8067
27369
22854
987
12472
1892
3223
19838
10547
26114
5707
26613
19386
11874
27334
32539
9680
18947
28429
21285
5942
12884
27529
21737
15180
28235
16847
16951
19981
3016
5184
26639
13110
31598
17057
5668
18308
25579
17590
30759
31533
21835
22910
6203
5937
16637
21466
7293
28996
13482
16266
31040
27703
15748
1553
22816
16206
24662
20362
13759
28503
32392
1349
19362
30486
12327
8917
17367
6247
30238
7463
8060
4341
2845
15004
31965
12318
13756
4398
6071
6372
11730
21535
3850
17292
32275
14833
718
11199
3169
5339
11144
2797
725
15071
11951
8773
24443
3761
17031
18563
29246
21062
3684
29951
19715
18666
26449
17009
29701
26194
219
9458
8620
24736
13150
3010
31259
17497
29073
29590
15106
9892
11403
4914
16015
2905
6356
294
25316
12451
6194
6486
13412
27475
30448
108
22397
2746
10027
25613
28992
4904
8533
21459
32279
25156
28030
5062
21307
23635
14595
3420
4211
26173
5202
31698
27572
21549
16327
19708
24634
24122
29493
29378
25633
18112
13941
14040
22894
31359
24550
17595
6616
15780
24845
5223
21008
9074
6141
19174
22403
29140
3828
20498
15759
26969
29935
13431
32044
16089
10298
24022
7490
2388
5517
19285
32153
18309
25445
4596
28306
1532
13906
9885
24425
32548
5157
22533
24481
7176
32357
26495
29903
16329
24709
155
22070
18415
24561
18428
24953
27100
19654
19685
26665
26467
17300
29710
7852
5255
24628
15896
5462
6866
5315
404
25609
3169
12394
29650
5004
24540
371
18108
23747
7269
19342
13568
17752
13624
6650
25857
2808
21979
18991
27269
7191
16692
7589
29299
31429
22413
7700
22699
3763
29460
10439
15835
14020
28561
22151
12335
14838
3891
15920
6600
9458
5592
3796
13405
23568
22137
13172
25381
29243
12238
8138
17781
1663
15610
31972
17858
30030
11530
3609
16657
1394
9825
23989
15254
23886
25156
28669
25917
22424
16739
28640
5245
12884
2345
24897
16290
2843
2281
6918
24271
18118
21550
2694
21992
13634
18304
20790
538
4205
16580
1997
16397
22273
29207
16038
19572
338
30285
11618
14731
16920
32408
5707
4572
22058
14129
9473
15585
13235
21756
22704
169
9383
24298
18619
16452
11222
8893
3626
26623
18834
15972
11717
25555
4334
25654
14658
6921
23038
1814
19548
10858
25391
26743
11092
19182
28990
29100
24210
32758
3746
32672
8649
10471
25325
19229
12293
747
4890
32377
18878
28243
14660
12193
28200
6381
3591
11398
20944
20158
28850
747
4527
4893
21188
28621
9000
2426
638
4112
22397
5333
12265
6153
5213
19455
26537
16077
24252
9561
18135
28299
30203
32412
30370
19944
17534
26376
27494
14019
4352
7734
17904
16302
18419
26399
18091
27867
22852
21494
2198
17028
23086
27035
21406
5465
29844
14628
20681
12686
8080
26249
28684
11882
3085
3988
29245
28913
5948
20597
20218
22611
16751
19650
29765
11597
31843
19955
29335
10156
8624
19720
20739
26752
12343
13511
10807
22002
4965
20850
4403
19886
25015
17313
13200
4955
25696
1043
29256
20532
28559
7787
26081
11743
22531
22472
18079
10728
15931
22672
11301
9924
29684
19167
791
4560
3666
23274
22058
10948
8278
2087
26112
27525
29023
17484
6029
13026
10482
29273
12976
23912
23520
11703
8480
22623
17471
14412
31341
30675
10169
5155
19748
15370
7100
17931
17472
411
11061
1200
9983
560
16513
21579
26860
2429
14153
30271
13062
6451
2962
11819
20811
19013
20984
14937
11458
14496
26307
18442
4271
16989
9289
24614
5465
9668
30843
25768
10307
29220
9131
32610
23759
25285
30749
9860
980
3367
31876
4443
25681
2134
6442
8661
26868
22275
583
23650
21327
21329
25188
209
31334
29714
29650
4663
7830
22557
11575
4885
7075
22648
21263
2038
21736
32080
30387
10083
18348
10729
19248
20920
29354
14327
30271
1585
25944
12712
23199
27960
28376
7126
3518
6293
7319
31904
24148
6038
4246
14056
3587
10197
15799
12220
5984
16824
10370
19962
20550
20905
7279
9891
17717
9292
20970
2308
5765
20199
29400
16470
17622
30079
10238
5033
9342
31047
29414
6608
29127
130
17973
12835
3717
20601
23803
10960
1162
16594
14825
25450
30938
10088
7714
8557
18359
27485
22391
6972
24431
30134
6705
2680
24047
31338
32143
28800
24873
5349
10255
23758
13215
8266
31985
24804
15876
5924
13921
27970
31186
7095
27738
21890
20847
14809
25680
15749
2788
4040
12670
14339
22966
14816
2382
17933
28452
26543
4278
24302
10098
24350
14086
25586
1111
7146
19258
24461
18237
28883
24758
18941
7472
11576
25774
8605
3977
23503
18167
29868
6802
17800
19877
27321
27950
7223
22563
21411
9019
12946
15853
12548
22895
31808
16112
8984
27381
18910
14763
13723
8236
427
7637
19644
5876
24922
22200
22717
27899
29043
10944
27525
31520
27683
31753
17071
15521
18659
22487
18099
21491
12748
21944
32728
20321
26706
19708
9079
11198
24620
31356
7083
28323
3740
1679
61
3668
11257
28125
28603
32236
611
25600
28877
25949
14641
710
26773
12650
985
31455
22588
19382
9375
15546
6528
4462
30913
25502
21433
17505
27321
16693
13487
1370
28274
29472
25549
13421
14581
1470
5272
27597
12542
26802
9088
16201
14176
13082
9331
8277
26162
6136
22460
8509
28913
3738
10012
2874
23590
21537
11085
23874
2571
18609
12430
8938
21933
4528
23732
10819
8518
26359
28253
15059
13273
9823
14892
19846
20420
28562
24235
3544
4474
21258
15619
7300
28313
26249
1264
6953
31213
31685
27857
21668
25477
25850
25003
23519
23892
31208
29511
8327
5716
14105
22129
29558
18766
22974
15728
13748
15323
17474
12206
24489
29150
9323
6823
29669
11841
9797
21405
3297
30682
22285
12195
3578
10288
31619
25914
5182
6115
16557
12350
20964
8828
29261
11930
31669
29541
5442
15910
21763
25568
19315
7139
2103
1834
20999
21173
26721
23324
29550
1359
25231
32362
3440
29398
11518
31949
15327
27275
20236
687
3050
7927
15261
16839
189
22040
25287
7567
24936
9999
9101
23802
17519
31937
8621
15881
24831
8448
1861
29014
2796
4889
25005
29893
29615
12672
19423
13414
17491
7318
13366
20488
32494
28339
30461
25253
10728
11075
28768
25365
7425
20428
3923
4229
3938
4204
19429
19765
24013
18630
28965
13032
18265
21890
18285
6059
26264
4316
8319
13554
5691
179
13304
8190
23573
3099
21089
1502
31166
18447
24087
12115
10500
18346
10538
27012
1550
25360
31817
31877
22918
15184
8032
5561
11399
31676
20109
2510
25397
20470
6647
7897
6496
16260
8866
28096
25341
6696
5508
30925
14156
13297
13474
24249
28464
8215
7766
4755
32734
21776
1709
1312
29315
30863
3704
24181
30369
21740
23049
26322
26514
21601
12424
12443
14453
13569
20086
7178
9489
30558
31004
11772
19838
26237
8631
22592
24265
26408
17861
27588
16103
22616
6676
30018
16098
13095
18086
11880
12274
1084
21043
1729
7550
15597
12518
12669
13544
23062
24388
9540
2750
3713
12712
30656
3683
14071
8783
25179
26517
485
9029
22543
18891
8883
14096
15836
10339
10018
33
15973
17414
21924
5860
32051
20292
6656
1113
20104
9327
15800
22186
11046
4197
20864
22058
28738
6875
27787
2738
28695
25046
3073
5945
1350
1739
2004
10990
30655
6053
17221
4373
8877
16360
23227
10921
15348
31357
6920
4708
13073
20889
15084
27380
21992
30513
32226
5938
31983
16142
28432
13191
10999
27758
22797
31150
9136
23135
26747
19401
15620
8081
32724
2043
14907
15399
12315
6710
23619
6199
14151
27493
1305
15142
25776
9734
406
29385
32350
18390
30218
22215
30552
5891
32448
871
15214
11821
951
18007
5724
31667
18171
29240
19381
19307
13301
4301
25639
9316
21037
26577
11156
12496
32553
19314
30779
21058
6455
12776
4459
14338
10162
1072
16443
15314
31988
19040
20822
27022
5152
2237
25060
14843
28880
21164
28339
26956
10843
32669
5491
19357
5865
9790
31035
4363
12163
7760
31997
27591
13791
16081
18820
29716
23208
2855
20317
12056
21641
18338
22942
30240
10870
27140
19185
15138
17203
28592
4261
17327
12178
11097
15001
13767
24415
17405
12932
16518
30887
21931
21596
5840
27953
29073
14883
28743
10624
9867
4357
15832
21465
30055
19441
5026
3570
15022
7311
27993
7666
27877
27757
180
10516
11989
5274
18759
31662
26746
22037
7130
19090
21289
4235
29877
554
4765
1356
27798
2256
20933
28503
32520
29694
30493
26248
17357
28411
31806
28071
1278
18135
8794
29593
2096
25717
24002
10993
13798
29371
7941
128
32518
26224
22976
18915
1245
14398
4464
24470
12789
25718
17996
10487
29897
30596
20072
27016
3676
12975
20300
7506
31108
8614
32354
12715
23700
17172
11000
20067
31713
21275
14595
32356
11870
21736
7475
404
21938
21052
6788
6343
2377
7947
29523
17380
29772
3865
13691
20392
20272
15338
2133
24444
26437
7021
30778
18507
19361
23204
30145
8567
3140
12791
1519
8996
29321
17056
14562
31014
32761
28092
4137
27373
10069
11436
12920
4856
7774
19702
22282
5638
26178
4066
2320
24197
1148
128
11480
24905
13155
25798
32689
29138
10776
28417
5862
29635
8121
943
6898
22841
23569
699
28255
13430
28144
19285
30712
32225
13151
10827
31928
27048
13027
32665
10104
8479
7891
16652
4423
3828
13937
1353
31200
25965
3199
1015
30118
3025
28307
13119
31408
7469
32458
9872
14369
11949
20070
17191
4747
26806
3490
20566
26649
27215
17228
1597
14759
19535
19445
27284
32561
498
27163
17970
30070
5435
23627
14791
23725
7405
24941
5400
27723
727
25913
19084
5640
18758
22187
28714
26171
25203
8067
2761
1504
31455
24359
7824
23350
31587
7893
12116
14231
2781
28085
22850
8908
22639
18364
15473
1570
15121
29561
8641
29407
16440
3697
7241
1588
30041
9303
16360
7717
14779
19823
24902
14228
9108
21585
31096
3352
13855
13289
25937
25600
10008
31108
27388
29041
20456
5723
15083
28204
25513
28958
11220
21058
4379
24409
16111
3215
24036
14915
10681
29921
11968
1437
6894
231
25023
17697
27022
23857
24500
16793
29847
8957
4965
7248
9062
18380
9830
22987
22084
753
15577
20416
8470
24654
9396
9457
734
31345
14739
21907
14417
21655
24427
27489
19473
8529
5587
24718
14342
567
9492
3145
4397
23232
25231
1933
27728
20710
17370
3124
31462
12347
21318
31513
9484
13698
8034
22203
5351
14206
9143
16839
10324
15245
23855
22662
6431
26651
29022
25291
24960
31141
27764
24560
19060
12135
14716
17185
681
18513
4698
22568
10067
17305
14057
1977
925
6218
