9500
15551
24921
7465
8953
6662
30494
6074
27621
5160
25379
5171
8800
19813
14918
26196
16304
9963
31659
31298
29220
29158
28040
15375
19372
22390
10358
3696
9287
5034
8141
13298
12988
7983
19292
26922
32199
29848
20951
24593
16435
23200
18693
8804
31120
68
8438
16950
17373
28137
8738
24796
10796
264
17078
4627
17044
30383
5147
2135
10164
1778
16709
21022
10479
29355
6605
28486
13996
23042
10515
25763
24882
15442
23348
17932
9375
12885
880
10973
32474
481
14841
15105
10933
20448
17451
32131
24136
31753
14240
16274
26434
12373
5749
23810
20939
32050
26977
26231
13486
12470
17749
13027
11298
22043
27888
17987
11526
21886
28256
11236
21733
11592
20045
31920
11793
5057
15215
22366
14487
1031
16457
31455
19798
28027
1655
13705
27022
9290
11609
29760
9835
16053
8736
24360
19444
11185
29592
2391
5253
13606
13769
13360
26644
15993
28238
2200
4031
13363
2505
1039
16672
24089
8509
22571
16334
22348
4947
15795
22143
20135
15597
20170
27229
24258
15172
23430
13755
1006
10122
25822
2437
12001
17749
18643
7716
9641
13286
26827
17259
6547
11016
25836
748
3812
8603
3078
26757
13668
19607
12604
31042
3302
24714
3806
10678
18689
2781
4252
9264
14458
2061
4264
22013
28501
32048
31214
16673
12236
22015
29807
8720
9820
28020
10767
16146
2337
3302
454
12680
32030
9090
20785
28840
11962
14726
32165
72
6484
12153
17821
19980
20887
6748
32422
4428
10331
21855
22
2276
32488
32199
3550
7865
7515
30797
11183
305
21744
29101
12444
6002
6281
18342
20375
28483
26626
31924
30286
2991
17394
14052
28501
1818
20513
16111
14388
1048
15702
11570
25578
13664
24937
7633
21629
16079
6262
161
30974
8658
18033
18441
11660
27700
11165
16737
22278
24938
8737
20706
19796
24195
30958
5664
13510
25845
21463
22761
19094
32765
22079
15571
2182
5066
16747
5111
4230
28740
16336
17270
23387
750
9346
32177
509
15812
20062
24702
17
9683
26158
32202
7185
9548
21873
6298
26494
22958
32684
28725
6020
15648
18984
31586
13757
7974
6263
5197
312
18687
21561
1384
21754
3084
22453
13213
18477
21744
20045
25439
3165
16496
10122
27359
26174
21807
27032
24667
7983
4633
24228
12006
13714
12519
9133
25665
21242
22361
23390
1153
314
25008
12118
31373
18968
9094
12848
553
17997
19564
13090
628
11231
27800
30472
20102
31536
53
20349
26451
9163
18422
4602
6660
15102
27891
11231
27707
14668
11737
11143
13084
25352
23771
21452
19371
23431
31226
28789
274
31842
3257
25906
6388
21546
32684
23741
6129
32068
24376
21505
2415
12038
14169
24084
22050
8305
30360
23141
23119
22585
16315
25371
32317
11144
29221
23866
12464
11493
11455
24312
6215
13919
27945
29426
20049
32537
13665
18897
5613
26232
19529
23197
17858
24124
22022
14840
2122
7368
9285
5916
3223
18030
10159
8570
2079
24214
15370
22597
11390
13546
2831
14546
32664
6955
26892
19658
15912
21916
10859
7203
24786
24043
29219
32608
31437
21907
12936
23348
26635
17142
17860
7847
17399
28687
8810
990
28144
6367
31119
15803
29582
22530
23367
18078
27597
25842
30190
23337
9836
3454
31068
15473
29602
1605
38
28980
22815
28169
3081
20292
19710
836
11463
18070
10840
22556
12678
8070
11964
23779
1353
5391
11289
445
10369
32753
26735
13513
3906
27661
25770
21571
3683
15876
3377
6189
19071
32557
10378
2141
653
28284
10046
10827
6244
19283
20632
7340
914
32595
12431
10860
22222
7150
1292
17702
23470
20951
8275
24730
30342
9051
26987
381
25729
12937
5657
4251
7993
20094
18111
5206
8851
12901
25860
21810
17873
11673
30988
32665
4975
1944
26835
4719
19609
12864
3779
3809
13099
14119
21637
21499
3007
22472
13702
8615
5474
3936
14956
31393
2059
25634
26868
22232
14588
18738
19467
14972
25368
18116
28850
1279
28088
23585
31336
31580
28580
26350
24431
24127
24672
6497
17674
20879
30661
2637
12299
3074
10823
15229
30146
9147
9812
19528
27802
18781
21311
7363
30794
9293
6815
26222
2868
2655
2050
5246
24975
20887
14260
19372
7433
13885
2725
17596
15538
25281
4470
19673
22913
17167
22887
2501
23655
13068
15768
16652
2071
7576
25078
9348
18869
5069
28403
8802
12704
23459
28062
5815
17318
2183
17680
1067
21085
27855
12125
14864
27228
25165
207
7847
19243
30499
14421
29746
14042
17353
8150
20004
20868
31591
22136
13644
3844
3501
22492
21073
14830
449
4696
2061
21288
21283
12161
2046
21418
25430
32622
27433
27361
15137
6956
8781
30729
24262
26474
763
24976
189
29937
24104
25726
476
6906
19922
13184
27976
25693
20003
16966
977
17610
28186
18322
10910
12981
17387
20660
4209
25640
18703
24849
16401
30386
12750
28437
8839
28286
17716
9547
23004
21925
1115
24262
9611
2755
21921
23015
902
13295
16513
13658
20605
31594
1330
16729
27805
7462
10633
2224
20755
11792
19936
1278
6190
32643
22840
8569
15426
5863
23979
32545
19950
26826
18996
18623
4726
7868
9163
1587
7139
17101
27131
11922
2335
24444
2515
4308
23674
10476
18007
28177
28510
7603
5441
20754
1772
8110
29554
26846
18241
4686
8866
9572
20203
20635
18093
20919
22292
9307
25652
16002
25555
21325
4362
7412
24383
10810
28014
16853
10514
30418
7474
2210
23445
23248
22528
5353
4393
17028
29672
27622
10897
27976
20565
19716
9243
32731
12681
13275
12947
15539
27058
26125
6629
9827
27050
26443
28055
27433
31808
8243
18492
11456
24227
3721
30789
23636
24007
22146
31567
20139
2983
15065
12972
10557
8489
31560
14870
20227
24192
11076
5552
22571
28337
9732
9464
27363
17059
9475
19960
15078
22463
15189
14863
22753
21055
11503
23084
3320
13124
28913
25135
21712
15286
4222
14785
3969
10590
30603
13696
25691
16102
27880
26156
14193
6738
17925
23025
20938
22966
12152
1316
20436
5
18673
6363
18169
6977
9327
13894
8160
30193
27265
27305
865
1448
30656
3258
1599
24280
18213
32060
9173
18064
468
10694
32589
6691
28770
21925
24318
27694
24301
23237
25808
12896
12446
5108
19153
25479
20415
12550
3560
6929
8594
1907
9611
13221
20217
13381
31931
31500
10555
11512
26959
5345
4497
1176
3709
2169
25776
1102
19368
2612
13976
12332
1534
8776
2253
17844
22217
23140
27299
19411
6126
1512
4526
10074
4561
21530
24990
24432
29859
32666
12683
7360
17849
16706
22315
30457
7890
15261
331
28109
81
11173
24825
14703
22012
28916
24364
25868
7477
26123
16119
9474
19935
2501
26728
15469
14703
24255
4928
12138
26490
3022
13965
26755
17926
20470
20197
26716
7931
20987
21559
494
22880
21161
16965
17390
5841
19788
17901
23103
6147
26793
15247
19188
1757
26100
17942
25682
24566
13138
17785
15230
17873
7460
24290
24210
1930
3947
25460
10148
8493
19421
11413
30308
423
18417
8776
1520
8016
21841
14303
16568
17035
26342
4589
22590
895
24845
29852
11057
32446
15197
11640
10211
22682
5166
28490
25153
25635
26721
6492
2817
21041
31537
3311
11869
1922
104
16518
28181
25659
17915
23960
11074
32144
6530
31415
8717
16286
18776
13289
32062
11053
17415
10482
20501
22833
13693
32151
27638
15947
30242
14467
22550
17354
20276
30509
23795
3616
8314
23908
5576
28430
20929
15264
14441
17233
31784
25101
27014
13038
24559
13349
5804
17441
7285
18136
31508
14371
2014
23506
25741
13411
14928
6639
9635
21983
16940
19439
28406
24249
951
19197
12798
15626
30013
28541
15881
17037
14542
1582
30010
29526
17422
9114
16049
1030
27264
22939
9207
6556
30483
20810
27108
7034
6260
24388
8510
6966
22616
4758
16483
8804
28596
21588
15506
15493
11287
18950
19013
23678
8522
27417
13433
495
20762
24618
25695
2542
4625
15626
17290
9085
30571
22341
20249
883
3203
14963
19126
30938
11162
4398
19301
13991
15970
4957
17068
816
8928
12940
24331
12637
18636
732
20946
13563
7732
4699
24182
31840
25099
13557
29481
21803
32367
1462
9443
20794
15121
8325
19758
3680
13063
5394
945
32495
18846
10190
13280
22838
906
22344
1294
15980
10990
21412
4442
18159
25807
6430
1086
18717
18298
13597
3897
30497
1422
30928
12805
17900
29664
29247
5201
7764
16308
25791
5518
24392
6572
11369
6183
22712
22302
29889
26626
8811
29370
13251
1262
21871
10461
28901
19185
5180
26324
1375
18253
12254
13364
25171
18905
21731
27317
2235
11683
5272
22135
13457
14057
25526
20438
51
29298
7623
31122
9895
5233
6223
15271
21283
21643
26603
28296
1811
31932
5388
4135
10459
29928
15185
11582
19377
16242
23524
3825
6442
6797
5461
18403
6700
15999
1986
31696
19718
6447
28167
5229
32672
17320
15515
11858
14943
10424
29586
32686
6756
18556
25585
23061
27959
25595
1704
14357
11598
20432
9482
12009
12647
16967
19854
8296
9709
15785
12725
23390
18695
26516
17790
32350
4873
4252
9684
20041
997
20694
19706
10062
20778
32616
24500
11873
23278
28859
30930
32546
21813
17328
6278
27008
11941
19870
12955
4861
2611
10343
21633
12324
3004
11177
11832
4048
8840
8808
2677
17144
15583
28004
29857
31574
27243
30257
11312
21224
32597
5514
24127
18957
15173
13316
20034
20153
18235
23256
26542
777
13576
4912
9573
29688
7777
19313
6191
19241
30703
21357
24696
12437
897
18538
15730
19839
24238
15262
3221
27850
31841
4116
22459
17907
15402
5173
13444
20538
5885
14499
19227
8523
4424
30250
5872
29351
11935
10957
18323
14105
2336
12194
10133
4322
2954
15394
17766
6124
14925
13740
21128
24958
19071
3064
18280
21325
12554
31163
18168
29903
14592
7928
4831
26737
8598
12985
419
13093
30720
30308
1418
17491
26241
5449
15759
6202
5085
15060
16177
28310
822
25164
11777
30995
26618
26680
25287
28882
7905
21338
27995
23603
26821
24592
32469
27281
22758
15581
26822
8942
17717
30883
10119
7704
3883
27867
3383
11325
2077
12439
5502
25381
22678
31378
20761
9546
1794
9570
2782
20604
2142
8280
31355
31326
4148
15962
12628
2516
18062
31875
15090
18164
10751
12505
21704
2998
2764
9855
3817
28175
23206
17207
14784
26727
26351
20857
30718
30026
2899
27447
12249
32760
10525
606
31276
29113
8487
396
17687
26901
28833
14962
14994
24498
23372
3502
19476
8140
459
3027
652
22323
26909
30168
15821
16106
13346
5198
18969
5733
28228
28401
21466
29777
1358
13315
22962
26714
21549
31895
12877
11292
17950
22691
29324
13109
32347
27203
29895
6567
26219
14489
28248
5603
3287
5372
4834
13732
8683
319
23703
5762
32063
27943
14564
16708
31897
11126
31432
8244
18557
21237
2133
23259
9083
11534
7637
6849
21144
14045
2716
12609
6211
31336
27124
21477
7359
5584
18822
29392
3757
6048
24185
6125
857
9648
9744
23494
8070
7796
4244
25130
3987
21115
5698
26771
30779
9180
32469
30044
25584
25755
32556
22064
23996
15464
15131
4878
14529
32013
2162
32408
16064
29307
10433
29978
29657
12323
7118
32635
23239
24568
374
7715
19877
24325
17808
2556
17546
27732
26261
12708
27044
13409
27382
5071
14925
11596
16562
610
2149
16202
4939
2288
15115
20143
3123
7920
21267
6749
965
22267
24223
16359
17848
22216
13982
26159
27371
9711
16361
13587
318
12326
18703
12603
7471
11330
21109
20653
29874
32149
8961
29651
31171
8546
12535
30941
2274
29742
27760
28851
13519
3917
2244
3636
23691
6967
17447
21855
29991
11084
14081
14271
14969
14635
8656
31875
22313
18203
3860
9485
2070
3984
23444
31147
31014
10904
12740
32275
13701
28400
29928
6876
30285
31693
29483
13767
7392
25003
1142
11716
28279
25606
13131
30184
10641
2979
24894
16287
16764
30286
9246
11000
9919
20423
21713
20923
6652
12014
14633
13141
1282
17262
25336
6850
24186
13475
7620
8828
18549
9875
19279
19907
14322
18012
10927
6933
32467
7780
28028
28959
14090
930
11978
4647
19194
19672
11860
31202
949
21734
20914
29442
22272
21843
11786
27779
32178
26812
21596
28101
26003
6559
14885
14452
20259
14084
24760
14294
4373
4160
17320
14657
25295
10352
29435
7592
24785
15965
3805
11154
796
24766
11651
1636
14866
20293
20275
15164
25619
21125
864
915
29537
28462
11390
223
22258
452
29453
20326
2574
21897
22610
7974
2408
32377
10627
15668
8882
19364
15826
22088
30469
28175
3457
28104
12351
32441
6198
3275
2808
6681
26239
22164
4439
23582
31095
13276
26720
21123
4527
8708
22684
24687
17388
17632
30939
28572
27294
11441
16892
20084
3597
26880
16745
28574
2828
13610
25101
3678
2571
19874
23190
23489
1660
26930
30092
6027
6187
22814
30528
28075
10795
10494
1069
3743
12171
28720
15144
32488
12787
19116
7799
19691
6965
16608
13043
28712
31536
6339
20518
10008
87
7279
31189
15992
9836
17177
24050
28755
25640
23992
21146
28188
6777
19602
6176
2591
8005
613
25506
27798
27276
31663
5845
9668
18552
17712
23440
5263
1688
26025
7795
8426
23405
30123
11928
2912
9713
24417
13594
22922
15893
7552
29936
19106
27408
30414
23372
30077
21702
31440
23559
4728
26908
19280
31289
1040
18967
152
8037
31504
20986
10380
28681
2136
12922
24231
2605
5820
8044
39
245
1790
20705
10227
5326
30226
13172
22866
9693
6204
11334
13989
21412
27753
20000
28044
31948
26334
27595
32654
8868
23685
23444
11380
1182
13207
8068
21154
30099
2616
6583
30549
3782
25402
10666
17353
12664
210
7380
29636
20287
18196
7845
26760
25672
15322
14453
26303
10687
12302
20074
24641
23888
16497
32759
24930
30149
30598
26079
12020
7124
19446
2133
6860
7413
5200
17618
22077
18925
14545
11206
16974
4964
16905
13012
14134
14715
7031
22890
5930
12860
7248
7822
2112
4593
8000
8593
32308
8334
4361
27606
6775
19743
16827
3259
5835
16321
21335
32098
6939
18934
13390
128
16961
17854
2135
11605
15603
23831
23611
3149
8478
15194
19261
24196
30403
14664
7936
24803
4487
17028
3981
5791
10882
9458
26210
4430
26697
15162
16890
21205
25458
31229
4769
32324
1853
25643
13211
13923
578
20178
16519
10882
28824
25320
18490
32382
13962
17361
29815
486
4108
7614
3965
17419
23083
249
20295
13218
31172
12461
2515
10550
24553
30325
11880
18945
3380
953
16223
359
19357
8187
5042
27059
18786
20701
12628
10246
17607
14802
8031
27375
14273
10901
22153
28919
574
22185
5016
28754
15073
30702
7745
1741
9250
9692
12445
31851
9228
17840
19323
24704
23428
18513
22359
6014
32352
16679
26332
26131
20205
287
26155
4175
3544
21023
1010
25612
19444
27768
27339
11261
12840
14140
10304
31646
7284
13399
20773
10066
10746
9561
23168
10055
22323
17570
19036
14695
20328
30485
9500
13935
20762
13175
18789
8720
18172
20747
3301
21705
25639
29165
6788
22907
13287
19991
6365
28746
9739
7036
28352
28590
9360
6766
9918
6868
22771
3980
1575
25335
20725
21041
32469
17276
2891
17212
15864
31544
20759
19205
26694
20426
28502
5482
23192
3266
3827
3095
32240
1206
24384
4923
22195
24517
4773
6634
27277
14586
9750
24965
32595
32067
20477
32426
1074
21804
28940
23224
12275
28522
8824
28509
1173
30405
1058
28033
21835
16599
4411
19664
27786
32664
19876
26735
1633
453
29974
18751
18063
25236
12577
9044
14338
1901
24508
6802
15620
21045
6627
6556
19113
15529
13789
1510
18411
599
32468
12486
27619
8646
15281
7889
22092
18391
17451
25888
19872
2718
32601
12547
27846
27910
12531
14686
22421
46
8849
7424
3006
17611
30390
834
32632
24126
18224
8420
928
21272
3719
13072
25620
20221
20156
16165
6406
30121
2252
25772
14311
5098
21
29960
24706
14145
408
30237
7191
12678
592
2357
4719
2912
20752
14885
2145
20825
20010
9063
2970
21237
19608
27199
3380
17199
4952
14565
8557
1501
2304
2166
14206
17143
24100
9309
13268
3324
7878
2986
22840
19568
28238
24399
12446
26770
11800
7579
17181
32631
14189
19109
11001
5883
28335
12666
8895
4143
13709
30422
7405
32641
14773
25963
14810
16922
16097
5918
11535
5345
27126
7356
12577
11561
17846
1074
28489
14703
8295
12763
8442
1114
11404
24937
26988
7627
5782
5134
3352
9375
19939
31132
19696
32742
8540
692
21972
27848
26021
9627
12170
3776
27320
3905
18865
20057
21028
15752
31282
17116
4440
18884
10490
12946
23297
4569
5444
17725
7362
16803
10996
15915
2342
23722
14861
1121
24557
3856
23326
15616
24235
26739
11711
14455
27622
30142
8143
26812
5747
11697
10606
12600
16671
26961
32627
2360
20604
19083
4175
12527
2528
1521
26198
30223
31725
315
13294
21876
23971
20806
28517
27120
19764
15092
17691
7520
13565
27890
19548
20230
20072
17685
12808
1309
5685
25742
22041
6683
24140
13267
19805
32369
32531
9080
11167
2386
8259
8760
17620
19881
766
30204
1511
1604
14488
26420
30795
32111
6651
17620
22622
29746
5812
3995
18890
8824
21911
27106
16761
30081
576
31303
11344
21303
25859
26042
14221
16791
16794
9481
7260
6868
5539
18818
3969
3256
6381
5921
2472
16905
9415
13108
13089
23265
18762
27191
27002
23876
20879
11610
629
24066
22454
19135
5209
14140
21000
11679
27698
31654
29193
8706
10794
9276
23284
10133
30848
22333
28803
29222
30118
25785
18634
25033
18655
8883
6706
16956
4565
18669
31753
10978
4194
10765
24307
12185
15836
13017
12829
25526
13824
26100
11313
32412
26412
2511
4203
27063
13905
6026
11692
3062
4476
20743
16195
5791
20281
13257
981
24942
13293
24470
28120
7640
31708
19715
9207
10180
14078
14508
189
8536
31082
19425
21527
18671
27499
30550
5381
13199
22111
19374
7135
15541
11481
26852
12198
9698
6110
3276
21144
4776
17058
13605
22006
24701
21164
11943
3610
16872
28984
19636
24044
29621
5699
27159
17085
31761
19838
3428
1077
20414
2001
25580
28933
8598
25320
16148
19798
880
755
2429
19758
31288
22956
19000
23469
13037
354
3053
6592
6758
21113
28924
25385
28450
12832
23984
9368
2101
2221
17595
14547
28197
29205
18518
28842
10109
31676
12045
29402
6726
11047
29487
32746
22905
690
15856
21764
11963
19081
27050
22005
3444
12433
2791
7493
16334
8634
18217
23084
14643
22843
28165
4673
30014
29817
6343
17874
30718
6359
12419
2619
5187
20985
10146
8037
13006
11280
21374
12480
19081
17292
6261
19296
11042
23092
11845
32635
8246
29999
25649
47
8119
17513
25055
11203
11693
18334
19001
24144
31545
29571
20329
822
31714
16471
19578
26154
25938
13322
19602
27395
991
22968
7170
23128
27113
20187
7344
2786
9620
4191
24520
3677
2844
32469
18924
14624
19877
29737
8287
5728
16501
10690
12349
23760
19537
10580
28739
448
16049
15203
15453
22177
3747
4811
28114
10229
20210
15982
5751
9994
5465
4462
11857
5141
16559
4103
14253
13225
30663
9635
5390
14187
12794
12592
17656
28863
16835
31162
27615
1170
1778
21597
12062
13800
28525
31669
10020
1504
16946
4993
12557
25179
22851
19090
16147
2368
12277
32656
20168
8411
3233
16127
22321
28378
13737
912
17597
19852
29302
7948
26855
25067
17323
27237
4835
10887
17163
2616
1266
10002
24311
21796
4193
18341
10843
32427
16810
23355
10071
17037
29022
1589
9600
10354
6242
3725
22844
15923
24334
1050
7281
1743
19674
32594
30166
3473
7901
12708
16413
10181
23091
3788
17689
4125
7128
11733
24950
1112
22394
10152
22963
29754
31871
28294
30835
29580
24911
28806
26856
15114
29060
13769
23623
7323
21442
3245
31739
15226
16993
3920
18178
31348
17730
27598
26862
4299
4786
32728
19182
16587
17953
13674
15897
17282
2863
14555
3234
13000
4726
18501
32370
23404
13025
18253
29440
23926
10338
833
15147
11235
17094
18724
6339
5032
16604
13793
32522
13699
4346
8582
27502
7745
26012
19417
31210
15735
27273
29424
2613
3667
22210
32266
3264
26938
23888
23256
31702
18014
8434
8852
24584
5707
14213
12467
870
3055
19940
27091
6252
6747
3922
30724
17260
12343
22169
7354
12005
6177
23286
2055
5475
3627
6939
20936
7564
31887
14742
18894
1884
11064
22832
12774
24678
2730
10564
30587
27815
13602
29796
28840
13430
21634
31325
6063
22460
2457
23492
8566
19140
28361
19973
614
12994
18810
18185
32241
18200
6882
28675
14314
12792
21872
30453
22533
6450
23656
7625
18260
21953
4528
16788
3031
24924
12311
32731
9674
14846
13307
14140
23331
25295
23146
2511
4935
32494
27088
8132
21196
20326
7566
9821
9962
30157
1523
31737
31032
8988
4360
15989
7138
31422
10438
21171
25074
27166
11804
32498
17565
11759
23931
32631
24373
27905
32164
12825
5100
6240
14954
26407
10973
1434
2115
4941
11466
2809
15669
13666
27194
6531
15363
25171
474
3780
11868
14269
21333
17353
9517
14064
10325
20646
16187
22638
26459
20913
28414
2399
12620
30626
19261
9555
15717
28680
22679
30431
3520
26020
30566
12595
20634
443
21551
8683
15245
17199
8151
29410
14144
28590
24868
21429
15139
19362
2398
23952
21701
18266
531
10596
29235
26827
21052
21094
29075
22613
2858
19707
24683
30166
27171
8119
9489
4942
19617
8616
25945
31298
118
19530
8497
20382
19564
23118
10368
31375
17023
14481
27969
21311
25164
31842
16414
16241
32309
31348
15515
12731
4063
29430
9082
7632
14498
26591
27001
17148
20238
15539
8147
601
24823
17561
30932
12831
8927
30795
26913
16917
5535
26477
2910
12843
6201
15466
8694
20141
307
17852
21813
4551
21246
28170
617
7098
29668
23829
4151
26261
21057
25158
13529
8344
17615
6113
12474
1944
2166
976
20785
24437
1199
9959
13039
21474
4186
22839
6835
7938
31291
7045
22779
32555
13159
23927
12462
23437
14140
3827
25411
16745
18114
9549
14475
21140
31305
19395
820
31938
9887
13993
15409
27628
3994
9782
8574
1555
754
27590
24151
2852
2112
8130
9615
8040
17525
8587
28284
17778
30408
16508
17825
3176
9355
18210
26180
1803
19752
11392
20338
18726
23893
24647
24961
21177
237
32542
28242
10756
13481
31000
16967
7842
18978
4022
4096
1799
30626
17524
10798
15684
23486
29006
31957
17398
19599
8906
7389
5123
21707
5614
25525
10302
28687
12547
28417
14606
30409
16861
29249
26729
16562
890
26278
4395
22824
14664
14945
24075
1807
1583
8035
23316
18198
2698
16127
2165
20037
32395
30814
31084
10993
32311
30108
25838
27932
406
30334
25700
7808
20435
11916
19001
30644
779
21125
26876
6241
31036
11377
10084
22833
20499
28974
2501
28998
16457
27406
11902
10089
21008
3541
11203
21618
10994
27116
30368
16010
8244
25454
25543
7559
9987
22693
18072
5890
26011
17658
14000
10107
22517
5121
18360
23049
25998
1963
25451
22901
15017
59
15301
20744
17379
85
22275
22382
20805
25953
25080
13657
24809
19093
27862
20205
6658
15910
19816
14825
25749
12245
16447
21912
17514
31995
29284
4511
14162
1695
4284
32032
27648
27872
19352
17585
16599
24879
23899
8554
21563
20755
8539
15209
9047
4067
2025
32717
10332
909
1039
8324
15411
27578
12514
4874
25294
9839
12206
13392
4529
18394
29840
16188
8558
14204
25761
25153
23581
2450
25750
26031
20503
19173
155
1882
5912
12368
18081
14406
11606
2487
28069
11613
338
30444
2932
31589
9003
15133
30808
15673
20551
28582
20985
25979
16043
5641
22886
20553
13788
15367
13753
28555
5991
27006
25040
7216
8581
14247
31778
26306
19491
21574
23172
29215
13894
11937
19710
32149
164
28748
28443
11119
17924
25696
24869
11253
6857
32298
10926
28553
23421
14509
21706
7499
17514
21375
5474
3978
7789
9691
27276
23536
5949
7247
8597
5137
26534
14004
2115
28178
19473
29894
14539
1385
8657
3998
21554
32660
22515
15391
29280
6082
9721
16399
12635
687
27179
21193
8424
4367
7752
24440
19835
16620
20330
704
23372
16414
30846
3987
23112
1066
31674
7129
23343
5821
18637
15216
22954
7407
22105
7201
6662
14734
13487
29857
3075
32099
5151
16250
6708
13439
4655
19599
2071
25505
9805
3581
106
31403
29908
16126
6785
9226
30908
10316
32342
17177
28620
11593
579
27772
22367
12078
5197
9855
15660
13471
923
15467
23000
15638
31076
21874
20904
11992
14547
29598
17794
1447
8618
11672
17980
30483
18313
27786
29732
11160
526
27504
2689
5995
10052
13869
1792
10061
32031
1321
11691
8228
24845
30130
23454
5647
23574
31835
31343
32407
8435
173
21263
24805
16453
25272
11411
14769
25300
11594
1603
8906
29410
4473
32614
16593
2374
8094
27392
10828
15825
13298
7623
27842
29309
27225
23734
21387
28601
24856
10327
17511
31876
5820
6603
23648
18403
17392
30646
9405
1328
17511
1316
15881
27439
21976
27653
4967
30531
18065
21693
3223
6733
18538
16211
16723
14255
24882
26453
12447
25149
8743
163
25816
27215
32170
18809
8835
2202
1465
4590
9776
25876
29095
18361
13810
7158
23460
15102
5880
58
2714
28674
22476
22423
20984
24590
14783
3150
30196
6775
16961
4937
17759
8160
11410
32096
12029
26479
5440
17571
14668
4191
26263
13224
9553
10995
32705
2160
21198
5547
13846
31471
12229
3064
2675
15
29350
24517
4326
4648
22093
1404
10944
31828
13006
19954
8726
25787
20376
19253
18655
26148
9808
12579
5408
30395
20662
10680
27330
2521
25872
27073
20224
32381
13943
15303
4281
9106
17220
13301
24280
23703
2378
17833
24242
26877
31908
25699
25240
19001
12230
21816
7942
20334
10352
22304
28927
10869
29086
2807
26250
18175
30475
6543
20996
16716
24200
21214
108
22926
21534
12266
24973
20011
18759
1044
11551
17829
30208
21855
4094
22553
28954
2808
20536
14421
32490
23789
14419
30271
21995
15691
44
32176
19887
12894
10108
23064
4620
7053
25050
22168
22612
22126
25571
23055
17525
18612
23848
27413
26389
32740
28671
22369
26049
27544
6282
11876
19423
7570
30370
771
10367
15838
13090
3683
5458
5798
13976
26848
13713
5628
5416
29985
22260
15359
7220
30886
19160
32276
6980
11809
17214
24538
26880
30196
13031
10170
30946
23886
23518
9324
23693
20562
487
20218
22037
19240
20910
32594
22742
5504
16977
29545
31246
24230
12008
5414
32192
19329
1963
27388
23226
15111
10926
242
6477
19163
31922
3916
32099
3687
734
14120
23215
25036
931
14538
5173
21063
3723
2873
5142
2361
18848
29183
32277
23383
17227
540
19056
11813
24898
28929
5361
5392
16584
17189
25120
18063
644
12186
30932
15953
18942
19305
5239
18566
3698
1790
7950
21929
3937
6855
20934
12594
29885
13067
10825
6533
26957
6917
19704
15241
2729
14237
11513
32248
29328
13240
7886
30546
18452
5631
17994
30782
25917
22706
31009
993
31634
12872
16419
1473
3485
26111
17733
27191
28492
15408
18924
15764
16950
3443
7915
16741
8051
26922
10658
8343
17669
18802
14710
9432
24838
26545
14524
31466
3423
31404
13868
7582
11340
13775
31774
11257
24561
18168
11303
23442
11824
19204
5321
25262
14288
25068
3526
2023
26605
23042
20056
22846
7455
27023
6679
17794
1286
31547
14107
17302
15089
26786
23482
28681
10033
27868
6224
22098
9001
1692
29932
31976
31928
4653
20947
22312
18919
19884
32332
12176
29033
9198
1789
23523
29504
3590
6662
3479
15614
4392
15099
2844
7760
24774
15476
29589
1599
15102
10947
21502
30167
31097
23001
23219
18273
19623
21402
11585
26206
924
4485
17221
28082
31428
26715
7957
21073
24735
12356
27579
25245
8470
28368
28421
19400
29448
581
31316
30633
16583
16194
21625
1496
13505
9432
17029
11239
2520
1380
25505
6322
32358
32399
25239
9851
8685
24618
31794
23274
7292
4700
2081
5014
13402
8748
32133
474
20207
30258
31590
20782
2469
4090
23413
30752
28533
11228
23729
26721
18723
20937
2651
2569
26712
13046
6502
10816
5330
2234
25167
6281
29347
4181
8280
14671
3304
9375
5919
6505
32404
30852
29944
31332
3006
19675
23739
3575
12080
9223
7281
22196
17337
5572
4111
17982
31231
23193
31793
31937
13766
28999
30120
10787
20801
23343
7594
1972
24927
14565
3098
1971
15745
32354
27859
18105
5186
10976
326
24830
26561
6484
32744
13790
21674
1131
14819
21681
7201
19944
5331
21927
4430
18978
20968
21815
8840
29664
31116
12830
8806
8440
21243
16114
26293
27494
8885
6294
12677
20646
28370
11323
28100
484
26758
454
2083
26825
21547
6134
26595
1038
23435
8664
5337
32420
22728
8304
31527
32171
17738
23810
2291
10051
21798
27150
11160
28725
15955
26772
5929
16802
23955
16628
5382
12628
13230
28565
8825
19481
24941
12067
23711
11831
7240
26580
22971
11789
18922
149
8121
14253
11751
15220
13922
12792
24756
19907
7972
31679
18516
31065
1279
30902
8013
25274
5590
19166
16873
11434
12729
5878
22765
13508
11935
29038
6573
32142
8226
4570
27094
27066
5905
12103
12166
13929
24139
25693
29034
25231
14145
29332
17007
14826
27768
29566
7360
14891
2623
24732
13226
20406
22933
12758
28315
30027
22752
1253
18468
31172
24721
22517
21356
18524
1823
11092
7901
6201
21795
2655
11093
140
14116
1096
1988
186
4852
15523
12353
30784
11593
5787
16417
20296
6688
26810
9229
16058
17692
31161
2554
4189
12765
25284
15384
30065
17680
4155
14550
19159
13482
9334
26116
3743
19478
16747
24431
3356
15308
2772
14536
4634
5932
3430
11612
22694
32245
10321
15226
25720
15404
31262
2487
6762
9744
19942
32705
14226
14919
22498
21928
9889
2325
5876
1185
20428
4743
13135
27967
4308
255
29821
12380
30634
13304
23738
13405
27656
15569
31435
22665
26305
28582
29303
18353
3861
2131
30844
10509
22536
9906
11986
29810
16999
6143
17795
12882
2429
2668
1340
3978
6563
8818
23769
23416
19644
16422
12493
3058
3557
18572
9622
19933
963
25690
23928
18826
22371
4180
18639
5857
13506
25543
15912
70
4259
6803
7110
8533
26747
1322
8029
9733
10408
20749
6937
16065
23929
6018
16522
29956
11621
16820
1959
4158
18799
28219
29952
10591
18790
1343
6181
30859
29940
10712
29111
3203
29992
3490
22352
1667
19493
21520
14631
17743
22751
27103
15992
10502
17266
24956
3939
22438
24121
2305
26231
2349
30608
2319
30656
13879
5685
29456
2285
13643
25878
20188
1953
14911
3295
19841
32292
14535
20152
19181
21188
18135
7219
16489
27528
14524
25593
535
9551
13233
22062
14016
27864
23010
6043
13050
4351
5658
15395
12711
7211
31259
29614
17569
30535
1787
29351
5795
12672
16443
11056
9136
16806
27255
17893
18021
16206
13101
26524
15424
25969
2746
22160
25658
11290
26882
19000
12459
31103
31456
21252
19087
9043
455
21241
8516
19801
30208
3969
4121
3577
31467
27438
6060
21860
19474
29013
7309
24290
17110
18992
8913
6809
28708
25278
10893
19901
23530
8643
25630
24541
9060
26802
10358
31953
12720
6294
23556
21646
28555
24505
27464
5927
3349
24640
2366
19466
7140
7497
4251
9163
23555
3928
9149
24340
32329
8561
13478
4722
20507
27107
15211
5385
345
6020
21789
30132
25628
23629
27381
19845
2580
2540
7231
27040
4508
2937
10885
5267
30593
8720
22912
26879
4982
4531
32680
14384
13933
4277
6818
23806
8861
26926
616
26691
15604
22637
21391
9583
3935
9127
12613
26710
21658
17217
18230
19765
17821
14524
18527
16315
14153
19550
5169
1025
13435
22914
26846
28297
25473
18022
1029
27696
3685
3286
8734
8227
21290
18953
24895
20551
21619
13298
10828
19938
3799
26456
9889
9521
16518
27044
19416
12358
32193
25066
4722
20333
10165
25595
8110
10638
11236
29597
1031
423
24622
21210
21012
17447
2619
3785
10631
29027
6132
22576
18372
25597
22094
1232
21425
1212
27763
18679
3392
17277
30451
19147
22751
12112
23273
11836
11399
1029
29881
10081
21388
2016
21054
18643
12071
28520
5341
26445
21976
31712
2992
12755
2016
18575
11001
30604
21790
15859
27352
29383
19916
3240
18350
30930
29389
168
29291
9593
2153
23375
27456
7449
11182
23907
28664
12584
3812
24174
18028
21978
7017
20646
19205
14746
1894
25586
6377
32614
29142
32561
3118
30356
11261
25417
17929
11932
13273
9626
18411
17474
30775
10327
25503
16557
25030
30333
10816
12135
19457
4515
14119
6565
14925
29464
22815
29616
29175
27016
20509
12327
9489
31022
9048
11286
25446
4722
11531
13921
2799
15537
360
12627
22061
7900
28431
9075
18713
3794
6639
28768
20671
15393
1980
21286
11740
764
10178
4045
22954
31850
32241
11031
26320
11898
1412
29305
1120
25208
10011
8298
32590
31934
3873
1952
11969
27960
19606
3195
23592
14872
22157
15303
4314
29574
17644
763
1238
15962
13749
6324
31943
31095
20004
11326
10115
24755
30633
28996
10176
16781
25237
1160
17327
24954
16106
13877
20740
24108
18951
17392
30436
16580
177
25921
14931
28813
18772
19497
7107
7173
4544
3851
26304
6152
28681
20271
9341
21816
3380
16266
7205
17638
8746
23630
21544
24458
1797
11993
3376
8355
22282
17680
17098
27164
21214
20253
31126
30197
4603
26319
7275
29574
6834
18790
17938
27189
2070
17571
20966
30944
9694
7196
20291
17042
4067
13803
9812
9151
27389
15038
18593
6580
12582
17383
26375
18398
26191
1813
31283
16171
12814
5502
31820
16133
22675
30437
28777
21862
19635
10450
1871
23833
13143
26333
30796
13694
4822
23586
4894
1238
12905
19363
13457
8919
22386
851
21496
572
745
2537
28060
25282
29957
14849
6967
23587
5762
18755
9358
10981
10935
10578
19716
19341
7252
22800
5043
14554
13229
6403
25661
973
20326
6924
25655
14602
1307
14691
8007
24179
18055
17070
20968
13273
30413
5729
27595
2750
27181
1830
26586
7123
14869
2419
14755
2749
7561
2702
19396
6588
9192
7991
7553
9203
6273
31443
26270
15278
7729
25873
6063
27847
3816
14138
31996
24083
5989
22355
26744
5811
30758
13219
16348
7460
18629
22382
23580
18157
17410
25532
7613
30383
12043
17409
13488
29782
31576
19447
22906
5913
12910
20544
26226
17270
530
6401
17667
1116
25716
15586
32505
15615
11880
1119
16333
2619
2846
13869
5765
28584
7859
2113
29592
10942
20902
1369
23022
30929
16546
15927
7629
10620
13949
28737
26939
4711
5797
4067
15007
7543
19523
24433
24361
23523
2908
28456
5160
30969
29889
31317
2929
9619
7429
15663
21991
22304
25704
10510
9070
23222
14519
303
19807
22136
13053
8153
32018
17269
4164
4145
29647
27348
13203
32121
20736
23628
6006
8839
20781
28423
22456
32682
13554
30155
3557
15126
12636
16152
9020
20364
1096
13925
3350
2543
3701
341
30894
18308
16779
21789
30987
12013
18329
23860
22533
15600
30348
25734
8427
30933
8058
14216
20489
11259
4530
17311
26471
11058
8663
31471
25461
27869
11932
5325
31500
21767
14576
24142
10260
28756
22803
11453
14833
15057
18207
14917
5191
18801
6675
18442
10572
4589
30818
20318
10552
14218
20824
2641
28720
29147
9403
6617
14391
23431
5416
14975
5567
30616
8331
5218
20458
15909
12090
21444
1855
4617
30933
14880
12876
30218
25822
17319
10894
8744
5305
31074
4489
29491
14188
8554
24347
6401
30963
521
32631
32627
14312
27299
31545
2454
8448
14872
4454
6772
19456
11732
18508
32567
15919
18813
17765
1893
29625
8756
27261
12047
1686
26936
31577
10925
18717
12362
24354
13659
10515
17525
32028
6647
2569
7473
236
29869
32277
2844
3413
31951
15186
13883
6864
8462
15021
2941
7109
17984
4709
9389
883
1357
6923
30572
23375
18395
17901
18326
17840
26197
23288
10447
31884
9108
25448
3968
30868
24302
2124
14502
25396
18447
23774
11216
23751
23791
13495
16376
17232
26981
13864
13284
17113
17760
25921
3272
24767
13378
6264
26344
1971
24604
29475
23058
28880
30987
3650
14563
28868
27529
2024
8430
25614
13304
12871
7405
24751
8903
26373
18593
21350
20323
5503
6568
13584
17478
20381
11971
7711
14844
15514
10210
26478
143
15996
32695
18917
28444
16040
26932
30360
32121
31022
31887
29182
11308
4974
22585
2040
2165
6423
31386
15148
22323
28672
1014
26369
28609
10262
12819
1917
26562
4799
1197
17892
11597
27868
17189
26451
2855
4865
30346
9114
7499
20693
10102
27335
28080
31489
17958
28316
14280
27476
32616
21336
22554
13253
23507
11576
6399
32558
3099
17695
11293
22137
17499
15680
15023
1723
5035
3870
3286
8842
10471
29624
1618
15996
31738
14720
24054
26865
2313
32056
16664
19753
29860
20420
6036
6365
4505
2213
28390
5224
18570
21709
13899
8776
14671
28040
31515
8788
26202
13771
29632
4706
13469
1214
11530
27617
32009
14913
11545
32592
980
17417
22909
19581
20605
4617
30635
3793
16374
2503
21647
12639
17060
20244
12697
11196
4489
15864
1485
19045
9623
8331
16123
27902
9984
14720
9536
11870
1317
4033
16633
27826
19314
27679
26491
21577
19249
12375
13536
12864
7959
16468
22942
17101
7224
25505
20433
13505
29240
15146
3219
20720
6188
3721
15333
13261
12847
15065
13098
10961
28091
30569
1924
22421
28712
3445
24438
1445
32083
9546
12954
10469
26064
5000
13360
30170
3869
14159
8518
4656
26385
8451
14524
3216
22749
28018
11228
25712
2032
29607
8200
22680
18191
23869
2299
29969
29867
499
10689
26902
20667
31015
13820
4719
28437
5343
27194
26536
6507
29309
5964
13136
16128
24465
31779
27274
13823
8269
16328
30984
11665
1342
23109
17986
14081
3532
14736
18197
29412
20797
32220
26488
1441
28217
10552
21465
29950
13371
19688
22271
31012
10556
28024
7625
10208
7984
24161
26415
14630
28618
10497
20623
19092
21700
32004
6752
11425
18817
21855
31406
2951
11535
17508
18673
6486
11175
28461
11349
21632
17951
23199
21180
17340
19759
30071
17605
2318
8390
8631
5090
29913
25192
19398
28347
7823
10234
19535
8795
5332
3098
32232
10480
30992
30662
10401
8492
12795
22350
17775
4505
5472
11430
11835
22779
25285
7914
8113
7590
4592
8369
12219
27716
22201
17212
14115
12042
2978
9801
32415
27202
28134
10918
9345
1093
12761
2548
17051
23047
20988
22483
21530
20613
7711
3173
2960
29412
10159
28130
20232
14852
6404
9192
22276
21354
31235
21702
24561
7764
24802
11482
21258
24047
11944
29725
14203
17459
32606
9741
7485
3538
29343
26332
19677
27931
15433
10146
10397
5668
14788
11017
12484
28682
1168
769
2383
2868
30880
16928
4363
10622
30542
27535
17211
31546
30032
19496
21896
4564
30905
21910
22008
5409
25092
3940
28468
5110
21628
30211
15594
31100
789
4677
5739
14316
1348
22361
31049
4030
9953
6875
3477
438
27953
20252
25145
25595
26633
31009
375
4402
7642
18969
4117
2967
27781
915
3731
17467
19824
19367
6249
27833
1428
5080
21051
29293
3253
28268
25994
22426
16479
28723
21792
15877
17559
26824
21749
27663
14940
9473
17243
4902
13777
15237
7991
25054
15765
13055
31969
15521
13747
32022
7466
7610
31168
12881
19956
22743
12511
2450
802
30287
2083
26403
28757
30125
3432
21001
18811
9880
30064
31856
20611
15124
8477
28625
12226
27177
3724
30340
25986
3857
28781
25643
29061
10723
19453
7720
16033
4668
16874
27938
32065
29660
21426
9489
979
22538
13044
17759
17215
6928
20191
17941
25057
14108
21653
6414
3148
6367
11405
19631
9873
24339
9009
3759
32364
30712
7984
6
11432
409
15635
21193
16498
32744
30560
28847
20086
23498
3133
233
22737
3823
24507
27210
13233
25353
26627
18605
22771
16916
20616
30179
22399
29757
2949
24775
14459
7858
8408
4410
28944
30503
3028
22905
1066
25199
27215
21159
23336
20886
6102
25923
2519
9938
25386
21696
14167
12050
3706
29073
3755
7639
14390
19861
3763
9206
24110
26959
11495
24040
9958
27588
17485
26232
20321
28298
32695
25106
3655
27862
14255
32647
16324
19890
23420
14754
24763
7977
21691
8676
15844
2198
22416
19830
653
7925
10110
6417
25583
30162
27510
28388
10429
16093
28096
7981
22137
30700
2419
26341
19006
5381
7579
23291
10278
23376
6995
21055
21981
26419
26696
22150
7811
6125
7574
30224
23625
31901
26801
988
28745
25172
22740
10090
31465
22749
8663
1363
21488
32005
3983
1842
26963
31363
15750
31985
889
13021
2435
22901
14497
13966
22787
14466
15081
17998
5823
1553
10480
20783
27581
2467
10830
11043
3990
2769
9718
12220
19267
6142
26590
15204
28339
5244
19354
17801
239
5384
22171
29706
31240
24223
31334
18715
4181
19674
27366
25109
20941
24792
32209
26332
26995
16658
2124
29951
17027
24315
22088
21387
21822
8824
5284
23458
655
26141
14108
11749
23608
16544
19766
32405
9041
29285
4091
3269
26825
8112
15978
22418
32500
304
31053
17892
6303
23209
6751
13757
5364
8442
7320
7827
14801
3920
1140
22724
23760
30554
14400
3319
12190
16194
5722
25038
25238
30238
12664
3985
3454
1357
17396
11013
11112
24501
32214
1312
14481
8477
22987
21943
29210
1449
6036
19319
4061
12984
1811
11630
23358
21427
25857
10895
25526
31856
30935
13235
22260
362
31370
18696
30505
27459
16790
3735
30087
2085
23386
14910
11762
12636
27914
9162
30566
15806
24385
20047
1025
3782
18793
31442
70
13936
15394
22495
3374
5788
15939
15902
27394
2307
13697
13782
657
10883
25009
22647
29193
26103
28955
8883
31604
30940
27211
24649
12329
14340
2722
10972
7094
5857
20191
22959
24170
15898
11941
7735
10897
31952
30306
26843
24522
28432
1275
27191
3373
30675
29201
372
6736
27752
28094
21889
9941
32080
22183
21418
4129
13938
20262
24201
24658
7834
15237
32455
10646
30126
1492
16394
4601
12211
16933
9213
28052
18057
14720
10681
31926
22141
4486
31736
17971
8880
20296
20076
24272
25909
20646
13963
7792
17182
29027
3620
1989
15458
9570
22303
13512
23236
21159
30153
13038
30404
1704
20131
22350
20930
16959
23609
14317
8419
29847
15516
7898
17771
27836
26348
16456
14663
30509
4867
4939
16875
1888
16596
13763
17357
8004
28960
1301
20838
6345
25207
18523
26003
14010
4307
9151
25047
29746
12826
7325
13090
12542
21165
16970
26037
10319
30327
11295
29823
30721
20441
5568
18779
28082
23299
4968
20770
25366
29810
18748
20681
29114
21223
28977
9360
17238
28601
22891
29327
28535
7682
26311
30431
13806
26515
6912
15290
2222
19084
23541
28763
10066
30160
3731
12330
25837
16585
2912
27692
18392
4311
31759
1695
31883
16680
20120
14675
4255
18509
15417
10487
28562
24316
524
16907
13677
17774
3688
30420
9954
26250
8473
17541
21122
15883
20554
13707
25678
8207
13877
25971
18729
26863
3779
2071
10108
19777
23794
14946
11346
2954
10878
31460
28478
5315
11078
10047
22921
6745
2652
5826
23769
21716
21174
24132
25490
18148
10487
28995
24050
2136
20314
7136
4680
17611
10332
13071
2065
4527
31725
25623
22672
28709
30218
29709
28733
22585
25206
4109
13770
19409
2507
28411
16502
30063
4988
21190
30926
15239
29074
19762
28078
950
16054
26644
29895
13617
1177
10530
5681
21318
14826
20826
25693
17899
19022
10496
14386
6127
32199
12744
4886
24716
25599
3265
7853
29028
25233
21786
7716
30597
30692
6040
17713
16297
24132
22189
17623
7379
12888
31565
10401
20928
31194
6408
4023
18517
8507
15093
27988
4294
23260
86
29637
19760
20213
15733
2911
3361
32139
13649
2810
24563
16970
5576
8496
24276
1781
21096
23487
2615
9687
14726
2717
26985
31747
27135
7270
15387
21883
14989
31991
20528
8791
1296
6408
15251
16124
29105
28641
11164
9987
9868
2680
25726
15090
32187
19076
16271
26521
6110
32014
12995
24173
3600
11243
3309
32241
19086
17979
22212
23163
6062
21318
26776
26247
11402
5377
14924
22205
16026
11612
14027
9863
20137
8646
20286
8097
24459
4038
15430
21568
21571
27855
6673
2850
32659
16727
19582
26615
9067
1118
19957
13015
11967
8290
11739
20501
9322
27409
13002
25469
9769
625
28400
23407
28700
31629
22676
13666
19655
29402
19197
13184
14648
1982
15814
30362
23101
14821
21571
14353
24421
12626
8525
15301
29890
28244
19115
25586
24547
24538
17009
28483
29229
19327
2052
12745
2004
20487
19550
21129
32122
13405
13335
5724
4370
23229
2326
359
25048
22761
30006
29971
14607
3917
22742
12139
30640
18781
10678
9513
7423
14892
6151
3319
19262
13109
16559
27185
25441
10297
31840
22519
21130
4214
15640
24656
17731
2615
5391
27758
22771
15544
9362
23183
7811
10098
6548
7220
28346
2048
23782
30863
21234
8568
6710
12686
17746
13364
19702
8125
12601
907
7131
2926
13709
25990
27724
28725
9991
8682
11501
21993
10549
1340
10118
11858
1360
1354
17430
4364
13853
192
25306
26893
16207
1004
2656
9135
12043
12088
16574
513
30259
15901
31518
27441
29088
10315
14666
5362
7585
4727
11323
8527
24070
25883
20343
17702
30134
26290
26814
16825
32108
26877
21225
30115
22014
32500
23221
26366
25887
25356
15347
17159
14774
18135
28454
17808
18206
3834
4733
27162
5538
8531
23556
7756
21702
26052
11193
15429
27622
1883
26439
20808
9115
23896
12335
17380
18510
21407
4107
12246
27858
24466
17776
26232
27198
26256
20506
1319
21738
2174
26752
12011
28494
1090
4102
20579
9583
789
388
30069
19781
28936
28041
28912
8514
6168
19291
24303
4329
8487
9794
16796
5505
26661
31812
17966
3491
6449
1230
12863
16909
29709
24852
7642
5364
24274
22203
3197
27488
28823
9928
5669
29705
866
29139
18081
18517
18746
29728
18337
2347
19870
32095
28353
9508
28992
9757
4822
28942
947
31961
27895
239
21278
22582
23997
17051
25454
20450
8246
25295
20850
20510
10170
7311
27380
23575
15550
28398
2493
28351
30028
17803
484
1329
26739
11833
6387
7590
2942
8411
4565
19365
25445
26751
8417
23893
7323
9404
10014
3985
24639
15079
11677
6469
6944
31031
2644
31918
14343
11850
3703
14809
17290
18272
17889
24732
23175
2045
28504
10719
24026
30996
18620
32642
19384
10650
14442
31002
24515
13413
22272
19873
3512
29062
26053
3892
29898
23760
18108
21928
9233
29645
28293
5775
7471
10273
32586
2287
20938
28661
30431
1326
30575
1189
26874
2151
19500
17207
5937
16294
30920
15557
23233
29104
30154
8234
10557
11167
29360
15195
10107
11330
17509
9194
3007
22491
25161
2797
19009
15181
14197
2878
15795
2392
13109
25700
2777
4402
31292
23951
16504
22214
11666
10441
19048
4053
2235
5293
32091
12703
18840
9113
30508
24247
12298
14194
22476
18663
18715
30525
27028
15203
26438
23562
9377
6361
18806
15515
7515
30820
30980
10462
26412
23903
25981
5295
12302
27047
19620
15187
20745
20848
15302
17318
10018
17311
5758
32093
21417
21759
15784
22053
16697
5699
6670
26199
20511
11345
29272
14837
26719
32611
23265
18270
15091
21980
8966
13957
19677
17284
4968
19041
14479
26232
25875
23294
26401
28103
27873
3547
24697
11966
27474
2882
14675
31863
10371
30847
14325
17144
27963
24652
5575
9317
1866
20581
11926
12689
25173
26295
147
19655
32713
19064
4695
18804
11443
29448
32086
31153
5910
17615
13597
5626
29235
20406
5225
30200
7462
9215
2085
24435
24352
16491
3439
28910
3384
1934
21469
1228
27203
11229
13186
17699
4122
20355
28237
16420
29785
23777
4003
14931
16398
19071
30907
5493
10341
1494
12455
13535
1167
5201
3741
7349
9680
17544
5270
25619
3279
24280
11324
16556
141
5500
10489
32728
10189
25648
31637
26047
30957
11034
4739
19771
16948
12285
24097
28626
29669
16002
21237
23125
29894
20243
3633
3181
4681
4072
19556
4251
5494
1804
19726
20245
19311
30643
25763
18231
20610
3166
31802
21397
19259
23458
32249
4229
7818
27017
10667
2168
24791
22334
17706
4673
3989
4298
6185
24522
16425
10930
3958
10850
6796
8920
23900
15892
6308
29860
19439
26647
16336
20976
21174
113
19641
8325
26123
10521
3355
5797
23213
3470
18047
32588
19408
16959
19697
13075
10965
19082
6942
22111
8074
7762
28610
5346
5379
27601
26706
14976
24359
4990
26873
22316
25553
22224
19304
28630
27486
22731
17478
20169
17577
16830
5328
8317
28155
24792
10247
28426
22870
8094
14182
27926
20768
5763
10082
31916
28373
711
6843
26180
17363
2170
6690
6774
28116
8528
7371
24631
30264
13065
1394
28227
18013
22432
15527
6018
18929
29461
12604
27198
29133
8074
15234
13911
19991
17180
24252
17008
23737
22083
2098
10968
21374
15408
3328
993
26302
7479
22396
21044
6628
23925
6966
29907
21945
22906
23138
14221
251
24839
25460
17829
17163
16641
14409
3114
11666
28146
11167
8472
12737
24101
27100
27264
19145
31630
15731
3907
21160
24795
31525
14002
21507
14270
32447
8468
8760
14445
20524
25221
8098
10978
9661
14362
24509
1630
1217
21456
12155
27992
12194
30527
8048
2616
23903
16099
21627
22054
27068
19261
26305
19391
13415
17650
1835
22510
15856
6763
29452
20555
12543
26012
20481
30025
22983
31735
24644
4213
4638
21913
28674
28745
29288
31305
21895
31138
16303
23761
3240
29219
1284
14132
21063
8677
5317
23614
21387
27901
3106
2238
4509
17527
19258
23168
11289
23896
18703
24503
13450
1735
32688
24166
28116
11472
11591
19733
3159
6420
27858
29547
2468
8713
23862
2121
11960
27406
24275
29284
8500
24816
15622
10275
31647
8501
19098
1266
8991
32587
22210
25946
20668
12015
16311
26230
28351
31047
2355
26847
14202
24051
18358
10607
32353
28005
17804
10619
22236
5617
15062
22984
17431
1839
21755
15356
1378
10528
29368
25630
31855
25946
15179
15658
6497
25805
511
6361
26172
28541
25098
9677
25885
5385
20514
9287
19485
2279
23988
27454
14223
18584
19626
27777
30588
16492
9191
15653
12679
17746
29509
8615
11540
5148
26649
16745
22922
32508
16409
720
2045
32744
21497
25831
7155
28026
13794
25662
24607
30210
17332
3692
31554
10964
7843
27849
3770
1106
4636
32296
1895
8603
18130
29176
8868
29281
15329
23979
29340
31402
21887
31021
13446
17657
26170
8095
32147
7524
8588
21473
9732
17873
12057
11728
26732
18587
20591
12053
4326
12263
3284
8935
25106
6473
11483
17393
4830
23345
12421
32599
9484
31358
7070
12307
31636
30171
19588
27045
24099
3210
29528
19722
23468
19935
3831
18808
24009
2381
2467
29924
14118
19188
12827
27885
24104
14142
4581
2825
14029
103
8043
1758
25957
27981
9693
9100
3767
29480
24038
13752
13137
23758
9644
1542
25317
91
26213
15073
24787
13875
29346
18230
7128
31579
32684
31103
18751
15747
1307
20159
10774
3191
21231
30081
16367
19640
20878
21283
14951
23515
11500
25490
9067
16014
3467
3112
26345
4505
23875
27526
893
6375
18467
1582
18179
18757
12123
4170
24643
27120
15902
29135
13132
6108
6182
440
10663
142
14528
4383
11182
26180
24895
21438
326
28158
31683
24231
4742
9081
14496
23284
8016
7834
9024
11076
26807
23871
15601
25933
29886
4649
1784
26950
28236
8388
21199
11536
16213
6363
10166
8153
26122
28670
20876
6715
3011
26805
8929
18613
6920
18918
11249
10640
29184
2322
22733
7798
29643
31414
13877
26938
18857
6535
18057
3768
25481
16358
2369
26313
21842
18045
164
6822
17591
2643
9640
20553
30382
27449
16135
14064
4504
6886
1452
25068
17980
22619
23668
10043
341
9809
5608
18761
26174
19334
6541
5174
16533
28548
22858
27022
32374
26461
24850
10131
21902
4234
8781
12268
2921
22443
20019
29091
27371
2251
19736
13520
32082
22580
20620
6432
14774
24278
16233
32266
6609
10779
15318
29228
31250
10263
9636
15165
16127
4611
9210
31808
32240
18001
27795
2858
6077
4317
6316
19199
16032
8367
29837
2001
8636
4552
10042
20451
1781
996
2075
7998
18803
1131
21996
26727
15197
410
32226
11591
23762
13512
3461
10410
12834
21154
9504
17389
19645
392
28063
23044
6129
12770
8112
4801
2966
24076
6462
19590
17800
9195
29837
10328
28210
11100
8127
26045
27331
12786
23814
7812
17383
5327
27796
15382
18025
24038
30441
21631
13945
21719
14210
23153
16703
16049
21382
9063
18724
21113
4022
31512
7267
5767
16469
31443
14239
30926
24403
19486
1439
5887
29365
8391
17907
26928
18660
5146
12064
14050
15603
16618
25113
22054
31596
14862
3524
31708
29679
26903
12877
31376
9882
26996
10283
11472
31657
19567
25021
13327
27788
26951
24870
30136
8506
2535
8732
13079
28784
16707
18414
12912
24445
788
6631
22114
19024
17982
9468
27016
9986
11269
13202
6973
21005
3792
15466
20120
14793
31559
28738
24279
7064
26816
28107
26600
22800
2494
26613
4030
2112
21457
3174
16457
8441
8583
24402
15468
30758
21110
2083
27163
9740
30781
4029
27937
16705
24512
2821
15036
12133
8201
31847
24425
15700
8802
28772
13045
29029
3940
8150
23044
14681
18772
8232
6801
11068
14616
28528
31600
27828
20240
17273
32739
11291
20583
18772
29043
13008
5286
30319
20076
16341
26967
1706
28417
16048
25831
9380
21952
20825
24367
20084
6264
8637
13754
20968
409
8567
109
30715
14773
29891
30086
32285
21486
18753
6789
30052
22611
18069
10618
31769
8685
6959
18707
978
19417
17504
20252
14964
21081
17758
30356
3424
2737
18290
5637
10824
1394
18372
9329
21224
1995
21870
14039
4751
935
13872
25332
9480
23294
17523
29873
5142
11527
23644
8972
21994
14743
17178
7221
17761
18695
27951
4651
14221
8294
25365
19351
19063
20909
17102
29259
9981
21827
21307
12868
16575
31811
13500
2823
23035
31324
31590
20599
4055
25769
10335
25463
8715
29900
6164
494
27624
19371
19141
14083
5436
30096
13286
31829
1729
13539
13835
10789
16305
29616
15931
24437
12146
21856
9713
4334
10406
1393
5141
1632
24642
12298
32364
21225
424
30536
24778
6388
3186
22506
18803
11131
15440
2491
12773
9865
28707
24455
6804
13382
26336
13770
10359
3900
14116
32030
475
11911
19153
12465
17631
32027
10953
20064
8900
14717
3599
25315
12165
19141
4052
6254
7616
24688
19539
8752
26193
27576
32127
19369
2443
28028
16121
4989
7827
26717
28012
4343
14583
20779
5458
6830
10031
14220
29860
7972
28894
24968
5809
25755
7622
14346
18442
16637
20721
29858
17524
24729
26439
7599
17227
3176
18064
13257
31706
18678
18312
9231
2074
26908
3940
748
16487
15195
29240
3206
20718
18645
6430
28827
17110
21560
5886
6621
26741
29189
13428
23885
28142
7211
6855
25683
14720
87
5785
31600
22177
896
18835
10961
12269
29152
5398
27635
23913
11056
26346
21249
4775
2965
21595
27706
85
348
29724
7053
28125
6501
25118
17627
29629
8511
17615
28443
25998
26749
6399
22383
6107
11659
5906
3815
11496
3620
28313
19742
15225
12474
15621
3749
10919
17811
27562
26258
6158
20321
2000
8637
27377
4649
13152
2385
32250
29048
11975
15820
30253
30378
29008
715
17254
27381
25046
19191
8152
15097
24317
12403
23681
10346
9446
27078
17000
11812
12196
15056
31705
11522
30821
12243
15733
30897
10218
22598
21727
20365
9144
1882
15054
9204
19146
12747
22509
10226
30604
14705
12673
4409
5899
8405
12282
30626
15222
30481
28339
24373
6105
28723
11899
21341
14415
7861
8478
26259
13871
4360
30202
3307
32309
25772
25386
3980
29661
15903
3559
29829
19090
17130
21755
4698
20852
17087
15430
9314
14390
25430
22624
25748
427
6295
30058
16637
21982
17401
30957
32328
20454
28130
16276
5810
14523
21830
8464
18414
6010
16253
609
9524
24386
14086
28961
15066
4414
32647
4107
13211
32256
7586
13735
316
10691
268
32644
12667
25204
12768
19136
13850
3068
22868
379
23074
9911
12209
15135
10728
26792
12148
24117
16163
573
13137
27144
286
23951
8683
6905
997
20601
12169
227
5096
15949
23148
2956
24994
4823
17979
11545
12238
5410
12856
3709
14829
13434
27836
1800
17904
14860
1511
6361
3179
13460
2508
31432
1351
21019
14887
8128
17133
24331
5798
2548
19405
11078
16940
6092
6600
18509
18902
18367
11174
15241
4688
26104
11600
30870
27015
10458
4171
17740
14572
8964
23193
19142
26444
15505
24667
4571
30971
14724
32657
17579
23124
25451
14098
32087
9948
28108
6574
8842
22647
32536
11960
23949
20550
3720
15818
25147
26498
22145
11463
26795
3749
428
23216
12900
19033
21941
11877
8300
749
18565
7337
1357
1005
14258
6911
23809
7038
13680
11345
12448
9626
19593
25899
10884
8024
10492
5035
1901
27300
9707
21454
22829
14507
2523
1169
31089
15450
30626
23038
32128
20597
25183
30733
1608
21837
6152
13270
29785
32291
26618
22875
13570
2375
32271
12623
4211
11634
26807
3392
31440
17100
27632
9737
17328
14608
24425
27542
29425
29070
14631
9232
19466
10498
1779
395
21380
11191
7498
31089
16330
23028
7243
25672
1978
18918
7585
6115
7972
26481
5004
16155
7991
20031
10342
21416
10502
5370
2788
6796
5092
21909
6390
21272
24959
12746
7789
20254
10701
12786
16930
27806
29070
7523
22408
19592
22383
28591
7860
6639
21528
6528
5339
22638
32345
17946
3649
22904
28895
16726
24343
19556
22223
2985
10804
15483
3562
15542
28810
17442
15763
25058
17626
16441
6837
26297
9695
29629
1855
18398
23875
889
4970
9043
31415
9436
13867
17117
22803
12702
24361
20451
5760
19021
21968
18282
10724
9741
15811
18653
26663
9942
15951
26467
11466
446
20792
3472
14593
12730
18045
3879
7663
10209
8036
22777
32168
6361
9216
16976
5136
6596
20167
12214
23349
4817
19631
13721
9140
14042
17963
3119
4589
717
1922
3727
26618
18319
12486
31632
23625
20811
27986
31349
15396
23567
31477
3995
11449
1695
23737
3791
5128
6664
18603
1146
2541
506
5261
2988
30088
8234
141
12339
29322
26882
7387
14541
15690
18862
20068
9961
15854
12375
18892
17665
32572
2487
12470
9769
10895
26513
21071
25644
30367
12101
15995
6758
27004
20309
4967
31826
20355
3285
21138
26982
23944
9598
7933
6567
15717
15095
28417
2432
8330
20419
26177
15092
6126
9060
1518
21248
27678
7727
30416
23691
25889
3279
14086
19910
2858
14579
24224
31395
10025
1623
29874
22531
22119
24120
30369
8489
27051
27194
24047
3866
30019
23467
20570
13706
23115
20901
4045
2514
10310
31224
24923
14307
26871
29923
27985
15771
11371
16773
28416
13866
4750
3022
1421
22332
25769
13481
26853
24464
18432
1034
5679
8228
31316
29739
26078
2545
2861
2195
3265
17003
25963
23747
24317
7435
27280
29709
13664
19102
22171
26572
16270
13830
9774
13497
15346
10558
29691
1999
6370
16164
20690
11529
4996
23857
32074
25252
12315
15519
14059
2798
6534
12390
26522
14071
14388
27216
28208
23895
24173
3064
4971
7958
6877
20355
14345
21923
11856
23569
3665
8860
17040
12746
25617
2509
23959
23782
9829
26881
19737
29429
22970
29341
17980
18125
32516
4346
25663
5558
6979
15055
30829
649
22687
10497
26168
1486
16080
25506
8121
25964
2057
32747
19688
31797
30924
29754
14965
25740
25823
31417
28048
7306
8457
20873
30296
10019
18066
16143
21019
30730
27335
3831
27202
29154
22387
1752
94
24909
2809
5355
16383
16980
29692
16741
24208
5250
20194
19666
17072
11660
31612
17815
20569
31078
27852
29106
31899
2884
13204
32342
29112
5404
15903
7099
31996
3456
21319
24624
23507
1023
30902
27284
27958
10749
9772
17701
15734
6658
14798
27976
4978
31965
5533
14049
21081
26140
30863
13037
4886
2402
18132
27563
23276
4787
9599
26824
24964
32255
6095
6430
2144
4708
12444
8793
3953
29805
16918
11983
14371
11162
507
3654
19498
13459
9482
12038
6560
20886
15473
29774
9421
421
10388
7248
12305
15121
2699
2770
