7000
7590
1348
1034
6421
18114
23597
27196
26448
7592
24143
11731
1492
6579
8589
5065
13871
1932
18493
5963
12460
11533
1205
2158
17734
2346
29647
32275
26621
21653
15227
22033
27509
31540
31792
24734
31289
15768
398
30342
31174
20311
14782
18257
15544
22306
31101
3848
14875
1034
23081
6549
8768
20621
4327
13612
19917
4111
21561
14761
12780
5413
19377
6737
15924
5494
3851
9983
29506
27337
7065
15560
17778
23345
5285
31021
4068
28577
18643
9061
5475
13536
8618
2724
15223
3068
14372
14176
23687
25901
4145
5172
9863
17500
23002
2976
13190
13701
27319
2288
24777
10767
3030
6536
12146
5681
13555
3916
11620
27004
16705
9780
18961
16671
19732
20569
26784
13085
20427
22445
2756
21659
26288
13092
15141
91
20424
11783
16008
18206
20306
27400
29106
26610
27573
10937
17549
27755
18691
28281
10246
21006
18504
31531
6916
22905
28487
8987
12190
4280
16306
18393
16582
15220
21677
19900
3980
7716
10506
17468
30214
12514
10826
15127
30208
19595
25615
864
14826
19090
22510
30759
4296
31390
32449
25621
10171
7504
29859
9318
7312
21909
5364
26204
32678
4423
9604
14418
14979
21436
10290
18091
29795
30042
32172
9175
17950
1451
31692
9615
20208
32014
4253
31525
31942
27392
7875
28864
24964
4381
18949
29289
7417
9447
30626
30245
9810
26641
16195
15030
11561
3457
12530
13745
16912
23939
16083
32555
22774
31835
25829
21217
15978
8495
109
11920
13814
16688
28212
7154
11815
26475
11498
22319
7080
30854
3394
28927
32226
26555
11442
25291
23396
32268
4906
2469
19587
9784
4004
9045
7648
30190
25076
30074
1808
30444
31630
18640
29242
13663
21021
16920
9281
13271
20061
2944
9018
29065
21734
31347
17437
9905
14313
7145
5454
697
1167
28449
9716
11220
30216
10912
29354
20716
6855
18425
17094
21353
537
22693
4376
19130
10796
15186
26602
3221
10326
19168
4612
17587
14236
26309
9702
29202
11527
28427
29188
31707
13740
28556
7471
3272
32292
24401
17776
5653
21098
28937
23162
14991
25062
19642
17130
23393
130
32666
8245
5336
2244
1939
26665
24007
2191
29599
30923
1600
17414
27163
15597
2476
9564
18888
29761
30157
17055
21881
18334
263
440
10691
32353
5010
13619
32635
850
22995
3432
28648
18109
18746
28600
11627
5286
5894
1855
11368
2909
6478
4701
3763
23016
1812
22120
24867
27158
23151
7919
24171
10357
32179
4845
31440
6126
23996
12992
13526
6043
13865
27150
27379
31490
6988
14632
12416
9612
27760
10392
26880
2935
18026
24344
30059
23664
25539
23999
6788
16570
31752
26406
23519
28194
28596
12664
32154
344
22931
6821
25057
287
31475
3701
25662
29274
7254
23447
23789
18586
16078
23721
7335
27035
16161
23918
9194
722
29827
25419
21311
1048
14707
9814
9994
24768
958
26189
1620
12338
30775
26665
31255
4328
17647
16962
3182
25855
17917
4936
31341
5998
15543
12545
11336
23038
31085
22486
7828
20567
2623
24327
29934
2391
9323
31366
3806
25140
4319
597
20622
26935
14825
25822
31722
26359
6588
17240
21713
3437
4282
2692
10161
22097
26878
28439
20187
26984
29273
5755
54
8776
25490
2766
31672
14125
28450
11935
9872
29141
7485
7855
11268
11015
15822
27716
209
15665
16309
9733
11448
2370
3431
12414
23097
23033
1408
17873
1549
27124
21404
13041
8616
15929
30750
13418
21355
30222
20186
30162
19572
21055
17430
25960
3181
20195
28570
3012
22280
19009
3769
30794
21632
32662
1501
10290
8361
24969
5307
31445
6029
30943
32714
26049
11615
28570
25906
29960
7653
4799
9002
15103
30004
29372
30042
9055
22754
27104
4751
28322
28408
1607
8318
22133
15670
29977
13291
9082
31782
28702
1819
3832
21411
21933
8786
3973
3543
23464
3775
16286
22404
6841
21077
15385
2992
7463
7493
17656
18306
24163
24731
26987
13528
18818
23643
29427
8892
25654
28973
21644
10486
312
14712
16752
27597
13867
5642
31745
5010
20114
9326
9053
27787
18930
12124
29885
13404
6441
3023
30616
1373
1151
17026
31773
3008
26363
20406
25954
3980
27401
795
20807
14466
6501
27223
16437
29165
2603
20043
19736
10231
21185
27618
6923
8921
10075
25799
32166
13013
24966
28718
7555
17861
4211
6636
16422
21339
13783
2300
31316
31847
25003
21832
22031
734
10417
17783
28658
1547
15518
875
24214
11506
12542
31390
24371
18844
14971
17802
23036
18572
26227
9735
31796
703
7745
13217
5473
14251
23269
19869
22915
32075
25724
19532
30259
18228
28947
23610
27449
16114
5853
27984
26708
13079
27307
14703
3028
8021
4334
16214
24308
29541
4044
4505
31865
13273
25405
172
11138
15580
29776
4737
26119
1850
14600
12905
4519
17621
29741
30228
27678
26187
25751
9471
527
1358
18657
30363
22265
4049
16776
786
12831
8737
16635
15146
15437
554
17796
29702
30368
22545
31752
21138
23469
18681
29693
22249
19647
29908
6954
27716
19878
19622
2024
2200
1768
24489
26666
20866
22700
30178
22882
19367
564
7798
3124
15063
12195
21055
22620
10302
23256
16209
14343
28383
28114
11175
24764
13906
6891
11003
4152
27596
21523
24959
17218
10178
12849
17034
8496
7131
8235
9172
31390
27800
11869
28393
6946
3867
17491
8221
3784
14039
3250
20694
13489
5003
1279
3637
3008
7409
18939
24844
25937
19316
16439
18847
17893
16399
25204
26538
3908
162
4842
4104
32690
14552
24951
31072
244
15015
27521
29453
2639
22094
15057
31752
9124
27578
1901
2404
19080
26206
25843
15074
24051
9240
18976
30769
31987
18034
25408
1223
29609
28333
4429
12718
21069
15542
1459
18580
27165
21600
30021
12668
22369
28427
30199
6116
13031
18499
21187
628
12483
15601
14717
258
10033
5238
3085
6315
16681
9947
26814
4890
11216
10321
28267
16738
10160
18083
24194
562
17408
28203
19350
21327
12602
26354
1576
27267
14023
27699
28767
8500
4586
4706
28816
4633
901
9020
22774
21517
5699
21973
31380
1370
7674
18118
26944
13810
22777
12565
20111
29570
18679
30162
22829
7213
28019
31961
8499
30914
32129
27773
32696
13295
15528
3026
3607
31600
3241
7764
4227
24068
29783
8779
31335
16614
1584
7441
13760
20448
417
28055
22540
14450
19717
5813
3512
22191
31552
9640
17764
18875
4353
25495
20853
23043
25831
13414
30576
4999
8801
4271
22201
4725
7557
13930
14748
23196
1130
15387
7914
28154
27630
9839
5178
11790
25961
9342
12352
27870
24014
22391
8963
26878
2617
12882
3287
14414
30311
1486
20662
11248
20737
14985
16904
632
27559
2227
2997
17284
28461
30214
7231
17772
29538
406
13558
3326
26567
9323
3935
5391
20889
28336
15842
29594
15886
24857
3402
20174
755
9596
8006
9761
24044
24641
23350
26348
17745
28526
27796
5691
17729
12376
18247
22237
18289
25260
14153
3744
4008
5924
1168
32115
1446
11948
24221
11634
17882
317
28313
15527
3591
20430
10241
21831
29078
5681
13739
28118
15496
13278
475
32009
20443
14126
12031
12318
26813
30191
26169
22535
30681
3045
16258
4042
11630
9579
23564
16462
15709
28820
12814
28730
20777
32433
2203
17196
9995
31469
28455
28218
21773
13436
3461
13945
28144
26404
14664
11408
21479
6339
31692
14989
28071
858
6173
17375
13218
25129
9142
16924
22519
22249
28517
19474
30782
8511
384
1879
11830
7234
16388
10546
14882
30861
20237
17734
19998
30666
31488
25348
24308
27852
7392
19522
26936
8442
18522
6648
3232
6679
26874
24895
31895
23921
12688
8957
22303
30695
24567
28901
27968
13499
7870
30843
6836
17694
21207
20190
1071
3248
10968
6727
17575
26833
27881
20357
5506
20176
26307
10873
3468
14165
20904
20857
2086
22619
18007
7606
3907
1804
400
30267
10123
31203
32606
30562
26465
21523
13766
14958
13059
1691
8627
27680
7623
27463
9144
661
21750
27218
9769
4623
16498
7689
13928
15598
11417
13818
16183
20881
1639
20359
12344
7953
24699
7761
3333
32163
26964
915
6538
3808
16866
5535
31606
1780
22880
2242
25547
22918
1431
31076
32115
13222
15454
18288
24622
14556
21293
24148
29532
4160
1343
2378
29078
29990
24689
8458
24777
12483
474
16481
20445
27476
26575
27103
19519
27665
10231
10498
12194
7672
20437
9263
19334
22624
15465
12058
15140
4850
21026
19463
10234
5106
12370
12340
27592
4919
26287
9859
10297
26718
14707
23078
8477
20639
16794
26233
328
13981
6810
14090
29947
11872
14665
13036
24944
17823
26120
2932
19002
9321
31941
11508
20564
3985
19537
6799
7097
22317
2995
2059
6151
19949
19501
27135
24442
18713
5026
29266
30534
8638
32137
892
21263
10269
24153
31900
17689
32704
1528
26121
31093
10884
8996
32648
9556
29044
25032
17230
12698
532
28212
4904
21900
29594
7360
21828
10438
7506
31876
9920
19853
28523
16209
23907
22058
27916
15531
31105
24512
30973
17969
15825
19211
4772
22875
29145
13397
3874
856
25312
11135
29841
27403
13503
15024
10211
19295
15781
29603
25542
14827
17845
12179
30109
9935
26822
28693
1388
5134
150
28933
27653
216
11670
1784
10070
10689
24555
4623
18012
11344
27072
6378
25569
13614
4172
51
21982
4885
18161
1561
13552
17771
6992
24576
6476
20661
12270
25475
10323
30059
15069
1446
16157
28011
22458
27705
11084
18079
17870
9884
1102
2474
10603
16575
20842
13362
1024
9869
9330
11858
8243
29995
32439
27823
31726
16472
15936
10782
2560
32206
23000
11750
5505
23362
19643
1717
2459
12541
19823
17535
16707
6936
19538
18107
15095
28306
22050
2362
29175
31936
1224
26751
211
23506
31643
13982
28132
6188
24713
31983
26395
20827
16180
11543
3670
14530
14116
10740
26111
27949
10444
8882
12465
11505
5208
25283
9754
16949
20482
23035
520
21483
23639
31338
8468
17781
717
31216
23817
15785
13482
20351
8838
2484
27079
11367
21285
13281
30632
3557
4129
7557
25088
27572
26972
9442
5017
25065
29815
7786
11900
30150
2047
24328
16294
13756
6098
17751
739
18369
5592
25414
1213
24664
1474
4252
25826
29462
8190
23597
29222
21448
4712
10919
17099
31194
10439
24951
17096
28953
6274
25907
31449
4567
10359
29112
3468
12906
17794
30728
31282
8111
23864
29669
15270
10174
14588
8482
19399
195
2240
20857
2236
17470
17359
25942
30084
25331
15151
2642
2455
30017
17660
28264
21203
17105
8222
7038
2984
22378
13171
29592
25502
31277
15379
19892
28561
24186
13482
27695
27296
14120
9080
20696
14542
20683
10262
17236
27052
20096
30669
12723
28977
30306
8067
6966
23402
28586
9941
22539
9857
21972
17842
26908
6962
20114
13
6859
12294
2205
31545
16192
5560
9240
11134
9843
22391
890
20798
18789
24585
10865
19510
4669
1924
7042
26487
2576
435
32506
8799
29818
4264
8972
26890
31581
6332
15915
2772
19498
17429
21905
15524
15705
22951
17560
8784
23525
11297
11261
24120
7784
398
7667
29860
31409
13602
5099
18423
11070
12045
25597
29740
31273
12986
5840
13464
4531
18308
23781
11543
29387
25862
3653
30609
26509
10544
10336
12561
19676
28477
12977
7712
24029
32267
715
6698
27210
29654
14062
1824
25123
19540
4976
23747
28812
17483
9343
19715
14489
23785
32047
9307
26778
5011
14990
12732
15869
25036
22748
19032
3744
12872
833
31214
9271
22115
1461
31664
13245
23031
8557
17485
30039
937
31601
18635
21637
17390
30975
9166
1195
14025
23975
29912
26800
26984
25058
8459
15116
28866
13791
30169
12919
13954
28593
3955
9094
18124
7538
5829
25959
18491
4381
10665
11725
26287
6677
5375
18963
30025
1255
18355
21529
7191
25293
9157
23757
11308
23490
1602
3788
25236
10198
25628
2895
11292
11880
5437
14492
10834
22476
491
22211
12136
30280
22335
13496
14991
6206
9687
22433
22871
26751
21471
24437
27030
12243
10278
23975
5863
6397
23457
9958
24479
3360
29755
29448
9307
5677
4345
2156
8190
26932
29406
14891
26751
21738
10109
913
32427
6325
2624
3821
23338
325
29836
11483
18640
4344
19631
26734
6551
19435
3257
18758
19225
24818
25727
27302
9034
31093
27267
10133
27465
18797
30999
15562
11447
18594
15773
14143
270
21421
17224
30288
6734
15506
12608
12828
22956
10443
1999
11103
28921
27500
18873
14983
31362
30095
17860
32430
16854
13235
30591
31007
27174
17705
2441
23034
23298
24625
29346
26429
10844
9014
2934
24462
2020
20534
495
7105
19543
20935
16454
29388
18791
30814
28793
17655
32135
29569
17069
13127
9271
7717
4394
1710
12823
695
29095
354
19547
9340
30851
16622
8614
11835
12380
18173
28738
20341
13223
20793
29480
2737
23578
30592
21426
656
346
21619
28464
11222
9261
9499
21889
13345
28715
15405
13874
20485
14665
11389
25216
6281
22259
14372
15120
14174
14333
31061
6203
31100
5169
15588
5494
764
18005
10483
28920
10368
2287
18294
1957
8959
27682
7838
3035
16130
17162
2227
9918
29285
11937
30420
10362
6798
30486
23012
2739
26378
15828
8499
32237
15345
14263
11164
1908
17521
19192
2020
15847
26592
27517
10732
23085
28951
12565
11409
15449
16111
12535
26690
5069
11667
8913
13542
241
5093
31879
4113
13856
20788
26364
17707
6093
27543
29467
22617
20201
4920
22215
31168
25546
1745
28851
21205
10151
21685
11048
14113
292
28864
8267
6339
8804
15667
13477
20398
15473
29001
15709
17012
21807
26893
6282
4577
1596
14587
32413
15209
3001
16293
28605
24670
20359
27010
7752
15658
32209
30270
25705
6693
7056
26015
11703
15681
25770
31562
31683
10156
24821
9018
30140
5529
24718
8741
6048
10280
29339
7916
24883
13574
30631
27527
24045
19658
23704
18841
2628
18258
23715
17112
21239
23548
10568
2701
8873
4069
22035
11088
7706
22724
4528
29649
17936
9455
7247
21642
22888
31198
31043
5350
22741
9444
20701
3954
5060
3256
4272
27938
23125
28527
3424
648
3636
12716
10816
6465
25412
77
21542
17112
3237
2019
11171
3264
31886
7465
15766
29874
29895
11633
3819
30508
4479
24700
22759
17443
26858
31403
14588
32089
26379
13027
20508
7500
22636
24517
20223
20221
26146
7624
29323
2150
26645
3003
8690
27968
13979
9246
11482
12635
20181
28452
6121
28173
21338
32040
17841
26013
14103
29293
29471
27852
276
15677
8040
13143
16531
11406
3232
18524
5230
15385
19918
6201
23030
161
7194
22851
16140
17861
25802
15909
1263
1653
21301
20249
6751
14074
13277
9289
23826
14158
18466
22265
8851
12913
32427
9842
14670
15801
27433
3076
20679
27409
31950
7742
6173
16109
30311
30946
1225
26977
23072
7670
12763
30561
26840
19182
12734
4034
19141
9713
31246
10693
26754
13884
3849
19275
12674
3399
8970
21978
28821
598
25809
21322
3945
17631
22267
17491
9470
32354
31580
17165
19493
2611
11170
30613
9927
2814
3466
28548
3170
7868
5796
19362
2165
20095
70
20577
12631
10478
1915
5723
1358
10995
26985
7378
24257
165
27269
10978
20941
16248
11403
32317
7884
26552
20649
27221
30877
26632
31647
5161
14816
30807
14345
4941
2150
29228
3095
21368
224
27843
1336
20467
4538
24499
6166
9203
4656
14773
14700
2464
2267
9874
24625
1652
28766
24662
7071
4378
3513
7733
6027
8238
20125
13236
19235
18425
12246
15942
12709
25368
2986
3250
28452
13463
5637
29837
13948
8591
8084
3844
11953
19837
16506
4012
6478
29857
8249
23967
29617
7521
1320
12996
14372
23270
22440
8360
17765
29011
21685
20400
9685
322
20386
12790
8838
15723
16245
3603
9530
9191
22641
9166
29894
3658
15979
13536
20993
21448
21148
29701
1668
13912
26806
26390
6671
14195
15748
18320
31767
29200
30652
19287
22656
29412
3429
10975
16798
10822
22743
28867
2473
5291
2776
8202
5965
12481
10328
20639
31515
6024
27122
19151
9638
4080
7622
18162
1440
14834
16869
4474
9900
26554
2510
17556
18343
6185
20290
8069
8831
11108
10251
28917
30912
15075
4606
3535
1063
25045
27524
28321
17088
12055
28217
21025
17378
25429
23925
31092
19058
30147
26037
5520
24255
10116
31257
7832
18984
31790
16257
25909
10844
26831
29923
27697
6723
24885
17040
25690
5526
13198
31945
26861
10622
9283
29497
13328
25220
31770
21109
23605
28806
1411
342
21661
26337
21515
12178
22546
6662
23828
15521
6831
5721
17545
27276
10667
13595
18791
21719
8792
928
16155
6822
13417
601
27599
22468
14045
26435
24207
10128
21927
3765
5142
26049
22041
25780
10467
23537
28097
17652
17163
11462
9665
22749
32382
15252
20785
19907
15930
27042
4426
6365
20036
11478
22834
6720
18801
10728
26101
26619
3063
17381
23740
32523
31112
17029
5156
13508
10046
22592
4178
13338
29918
1386
29311
30707
69
5279
1325
32751
9145
27512
12141
7902
19360
30003
2184
12321
32470
24851
7194
25312
4514
27807
10018
13467
26228
18943
1165
18839
19270
1709
12878
31168
9820
1657
30673
32434
32026
14163
16356
9919
3529
1104
25991
19024
21642
22798
11211
28086
25366
20985
21482
17191
8685
31555
9954
31
22991
22657
12587
4018
28434
8386
22171
12835
31368
14986
10690
31535
28935
15891
3142
31026
11155
6302
5249
26588
8064
1040
24962
12611
32308
10496
24358
30084
9920
14903
29277
8057
5827
24205
24959
9940
16407
27477
6385
32517
25908
12205
23440
29672
5758
10067
11276
22212
18192
16063
30382
10449
32494
31367
28957
24122
26556
20909
25576
10883
26065
10892
18852
23326
6506
18655
31639
57
29945
1434
13889
15249
15464
26812
26091
4431
1812
21721
30982
1489
25293
25183
32552
5367
4600
6757
9896
14055
16415
2412
20493
4601
2827
32072
31197
30338
26746
26607
13496
24852
23239
3158
2060
19065
9808
10954
18363
3722
31804
27413
6675
10399
29903
18929
10709
24862
17823
8406
16267
22127
23137
20322
28781
10086
999
1517
22307
12943
30993
15602
3059
13326
14050
7400
16643
11525
5341
3680
22378
7138
12135
31625
26604
5197
31894
17912
365
8289
29166
1192
17737
8291
16607
9708
31992
21867
13268
28476
4432
2094
7143
12982
31706
32722
32547
30107
11705
6122
20139
3111
16521
17896
9716
4917
32559
13628
10248
18883
14801
25180
7927
476
5757
1598
28005
27329
8173
68
10058
25414
11403
18258
26751
4694
30208
17149
5909
22657
11275
5100
17917
20646
32624
1669
25768
31045
20528
785
31245
17936
31247
21116
13423
20373
27517
18730
10420
12580
6595
28038
12740
14101
27480
12194
29499
4485
12655
19631
13983
155
9177
26999
22956
28556
17127
15100
18074
5240
1475
12148
30158
32430
21563
5892
17579
26443
17268
28759
27391
19560
7259
29798
4345
4354
28592
9052
20940
26753
27152
30178
28172
2050
13350
9566
185
3575
17022
26675
12460
25558
5667
32342
6889
9752
28952
3208
21515
14968
6738
6954
3832
6912
18150
7200
11937
10855
24572
21147
13368
23402
7462
24081
17769
15817
1589
14619
20628
28444
2415
20688
374
30473
23088
3051
2970
16114
17648
31347
14408
21765
5438
16713
25705
30184
7096
5904
29014
3599
6234
26464
10562
21903
29067
3269
27619
25717
26037
6755
6188
12121
22017
4785
8499
28370
14216
21812
13063
2254
23289
19015
3720
17534
6179
830
28314
3231
8274
3803
7925
30720
21821
4394
30612
6430
4012
21875
17764
31433
20280
14565
27535
22464
32414
190
1446
23526
16302
29719
9601
4030
32307
24319
1429
6341
30309
15078
18819
12340
29614
271
29164
10324
672
28003
1522
26984
2371
25543
32757
3895
30124
6293
28522
19864
14048
1951
12967
16835
16149
27280
11619
28265
843
27476
13174
8965
31038
5944
13436
6510
18409
22650
13510
15343
16386
26515
12132
20468
26668
24898
26147
24888
13910
514
9745
26251
5899
31071
24904
16868
27258
12159
27430
20731
20057
14868
32433
19317
16305
15563
10688
5437
15329
12436
17320
3441
14665
32174
15058
6711
4848
2139
897
5812
10763
10912
10616
26951
31431
14492
15073
31145
1001
13042
13576
17574
7277
31336
29479
3993
29422
20158
18144
7293
11466
30754
30455
12739
32334
14536
2262
12128
7857
20109
22306
27297
26630
13801
11076
3507
5302
28855
22782
15497
7172
6690
32524
4085
2730
18405
17700
18844
1062
17963
30647
29679
11054
21402
4566
4774
28853
3030
32399
19240
22832
4114
25319
30458
11726
14269
2066
16795
13596
13823
16988
12136
897
26737
17736
2338
28160
23546
18554
2905
17532
30372
3697
6387
3935
25600
30733
25094
10608
25234
7606
2627
8473
13417
20672
11786
24998
4672
29333
30819
30932
21610
22789
10984
5603
19108
20273
21400
26124
9547
5991
2030
25572
31787
14577
11927
16794
30644
25171
30792
15450
13143
6141
27293
15034
30189
15078
3900
24603
32660
19170
2647
14708
11496
22739
27695
14948
9743
21860
29584
32687
9106
27074
12645
26563
31293
18063
17420
27669
5270
25809
2130
7648
8663
15905
25540
2570
32266
9930
27357
25983
16168
10005
28992
19686
24347
30530
845
21887
46
15629
32295
5582
18069
25175
30224
27070
29630
23528
26360
24272
7932
30386
11865
2828
1640
17680
14874
26544
32158
23024
9733
11504
4563
9999
22585
952
21253
25387
25933
4178
4480
14147
1141
22001
22715
15159
28949
15366
7407
26241
24509
7785
3915
8181
10317
17620
15337
23790
3194
6772
4573
20583
7468
2722
12197
29469
20400
21975
26005
17063
4648
8074
7271
31605
17640
22250
32466
20026
11276
22216
22869
2773
25810
8572
30108
16636
31483
8537
17343
10051
12546
25718
4887
613
18068
866
21821
15982
21368
562
3629
25475
10520
10824
2889
17344
12466
10986
25494
10976
21789
14892
31038
2588
12735
26451
24954
18940
15814
8078
27012
8243
18099
6553
32674
13263
4988
23516
31003
66
28177
1988
21533
12998
1629
16077
302
5200
25120
21648
31369
24767
4420
25135
18975
18254
31627
30972
23257
28084
25792
32293
811
15471
20102
4044
21870
13802
2684
21741
7026
28423
16433
14452
12389
31973
5235
16630
18845
464
15917
9758
19077
23519
26617
10076
25463
19014
10486
17264
4556
22646
19937
3189
26173
6579
30581
22358
12518
9296
21661
24719
31836
29644
30341
994
14913
11118
6044
27394
9479
25646
25643
18690
9557
31521
31000
7475
16035
28798
25023
28545
433
8399
8431
12310
21875
16187
16947
11822
3173
25802
3277
14734
25978
20105
1381
30233
29097
11213
17657
22690
4279
13850
30461
26393
26849
5884
337
31877
13233
877
31949
14741
24437
16696
24111
31870
1678
6626
2578
9485
17874
26981
7639
29995
25085
2325
2258
19616
6639
14527
3613
17649
21597
15772
16309
1019
29976
14882
29092
21148
8025
937
24545
11067
9859
1325
17229
29483
26842
15768
20523
5618
29644
28811
28256
12273
8345
4913
27160
14399
14332
28094
12842
13391
9692
21593
21618
13805
276
20003
19562
760
9077
18296
23270
25316
24540
13293
1185
31494
9749
21157
15442
16916
28036
23355
25073
24611
2291
6874
18853
24741
4168
223
21865
3124
31294
31626
7268
21961
26354
12957
21155
30174
26590
16210
4428
1107
2538
23029
599
7354
18851
32637
5844
22072
19629
2881
31178
27664
29113
22807
27263
7148
24788
25124
32038
3217
5505
3231
18996
914
20900
32001
13673
31945
8647
24844
15567
15223
25814
13906
11466
4112
9596
14577
7088
11468
32598
12419
11264
1952
17535
23947
22300
22028
13008
5901
23784
11085
4102
5681
26523
10865
13730
19370
30124
14995
25967
22518
5897
31237
28811
9012
8466
11954
5516
26180
11946
28341
7407
11626
19438
1651
2196
17692
31471
2015
29167
14667
22706
11546
23876
173
22036
3583
19702
14306
6700
18638
22564
31572
17276
16542
21201
20767
1767
28502
9964
16853
13545
12853
18712
8605
22837
18934
30449
20151
8220
9177
6819
9804
20625
18674
13280
4790
17121
31436
29694
6712
10740
22664
5208
4297
7866
21717
17216
20724
19380
2901
19101
22577
19787
26275
20858
29528
7391
9784
22456
4418
28047
27598
7139
7442
32178
27827
22483
26529
3400
2828
10392
13308
451
31134
25228
23591
31112
7710
14533
27697
28016
28638
16808
11585
28591
13022
24994
28719
5469
10170
20051
24597
12174
16687
2223
25339
11405
2010
15690
26729
19027
16623
17977
12728
8294
32541
27477
25069
20149
31892
8167
20339
5837
4930
23054
6477
17707
5877
11299
3147
7517
15844
18219
4843
22643
8678
6368
30415
31524
10706
4452
24047
11965
28594
31869
23832
13597
2108
4448
18987
8016
28149
13445
12960
32127
3247
6811
32563
16042
5685
30082
22009
28179
4082
16800
19467
1597
11244
6760
17708
990
8488
17430
12648
18414
28831
10680
414
31582
13813
29927
14094
30899
12292
23840
28966
25994
19323
10290
17015
15969
25791
11587
19314
28430
27856
6479
18518
16256
29284
11612
13652
16083
7613
14083
22064
23190
17157
18204
1357
10906
5902
14606
29054
14871
6648
19544
7153
10136
30357
4495
28664
7320
27912
13833
20264
7610
3544
2468
27250
22924
9485
9822
20240
20638
30290
28998
13900
32159
31107
29556
5473
8880
20787
24737
5312
27148
23799
13698
14271
8787
10751
20283
30488
29449
30245
9335
26449
19384
15629
4662
3916
19666
9354
21244
30303
24765
11453
3604
5307
365
4620
32392
30038
29420
16083
6793
30002
27342
13838
15975
18769
3579
3177
20316
11679
17764
7677
10763
14336
12427
26747
19351
23900
4142
20979
20204
12526
3086
27748
31680
24546
23265
25334
4804
31001
23318
20596
6059
21631
134
21564
3965
4376
18052
12990
31684
1911
19899
22541
3001
13764
10332
24311
24236
23285
32360
29730
6478
2186
3765
28320
19731
5250
29218
29130
31656
966
31447
9884
31654
15162
12747
16823
12817
3135
11640
729
29661
2379
30706
29536
321
8197
29844
23929
184
12639
24821
6241
21132
26412
23863
8192
31040
12048
27460
11899
6173
28183
6499
8205
6953
9638
16908
13635
3620
2031
6047
8885
23448
22159
13170
29372
8579
22438
9875
7833
12985
26649
32105
4916
8222
9111
29249
10108
29927
3434
138
29118
4507
25763
5551
20708
5635
2740
31857
28298
13605
30841
26094
28372
10966
24944
27025
5600
2288
25603
31553
11537
13169
2709
6713
5822
30143
13798
6388
20800
11802
12569
9557
32370
7924
9428
2606
21518
8606
12760
4509
12427
29199
9116
26662
7705
6886
25765
22766
28631
17840
13001
15420
17689
8654
19270
17873
12913
30921
18553
12264
11339
9133
2815
9295
4078
26700
12968
11479
31597
19306
8083
31020
7384
4667
10807
23134
5538
9616
12520
10302
21692
28569
15252
27773
5695
1732
2782
782
7224
8528
18704
11926
4839
2802
12659
23005
24710
21639
1866
12332
9847
987
10551
3813
26802
6330
16120
5866
24399
13619
28766
17738
30072
16414
28768
21311
7250
3456
22588
12373
4654
31110
2887
7325
32384
28650
1746
685
26142
11845
7217
2064
29612
7112
17784
31129
3509
19646
29975
8697
30425
8028
27119
920
2812
610
8567
24685
754
20030
4194
24891
2703
4669
32010
2473
16199
15526
7651
16803
4677
27488
31660
4845
22530
3325
17418
22204
16035
17533
19219
32677
27147
26118
27687
29328
28728
13166
11916
31919
2057
808
30705
343
9395
24045
12310
8152
25685
1375
30428
90
25163
16603
9846
2447
23380
9189
28680
24591
9082
9069
21822
2237
972
13261
16201
32160
5626
2408
32581
5693
26710
12472
28172
26669
3025
25239
18251
19033
6345
9849
16479
15883
26044
23179
14594
5407
19276
9100
9291
14750
23352
26771
8302
4191
22032
12590
7726
312
11788
19568
29251
20910
9742
21395
20747
13844
16228
3584
19434
9127
32203
32384
20662
17080
29665
28795
14626
13910
20668
26084
18703
5620
28985
16218
7758
5344
4157
15008
712
30101
29358
31601
21807
23114
12703
32751
9957
24820
20122
25441
7912
20388
2759
6718
31720
17960
23988
11303
4731
23066
12902
21357
16672
5504
28748
2813
5311
166
28586
28967
15074
22371
30410
21787
26258
5435
10442
8354
30488
8150
32402
5109
23313
12328
25071
19788
10298
32457
4787
2921
14417
5940
32035
29504
25544
9231
66
24820
27307
5136
16822
10451
326
23103
19993
14783
529
29420
20569
7536
4561
29363
10465
9975
11397
2464
15828
24658
5782
1994
20531
32213
4470
6353
11814
26190
17568
10371
30384
27692
32334
19045
17324
7511
25430
12217
9549
14003
13779
8799
31254
15728
19573
25115
74
11130
27646
29435
16284
7827
8963
3870
9154
13802
8585
16785
9109
30004
5791
30042
24444
30048
29518
29635
4877
20242
15919
10756
22549
8042
5643
28276
14847
26629
17430
6058
17955
10660
32524
28247
5089
22448
18413
14754
20022
16502
14222
614
12917
3013
12865
2926
20689
25545
6645
23079
27217
31106
11160
10663
20443
15546
27876
17596
3057
6199
28912
71
22658
27413
17721
14618
29078
22132
32003
13130
1913
4430
6051
23255
3505
14629
23402
20487
18152
346
16744
2446
28730
8233
29023
7758
10347
5599
6321
5067
10060
27235
8300
32600
1507
17415
8513
6595
18097
30494
31737
17761
14459
17371
16395
12246
15861
28430
21479
14889
30412
3372
3762
4053
29954
27366
1269
17358
21312
8869
9630
29132
19031
31998
20921
17595
9705
20987
4946
443
3837
13920
2417
18850
8086
1789
4246
14676
21050
9257
3110
21156
27727
29893
24528
31116
21865
25740
30175
1494
1319
15672
17869
21009
11212
19706
4051
19065
19821
465
21806
15836
4664
10846
1110
27264
229
18125
29938
28893
170
28380
21422
23426
27451
31013
4027
22718
6031
18779
7209
22783
27161
21049
31848
9722
24163
26675
8171
15491
11761
20647
15960
29344
16762
19698
15661
9343
26383
17922
30370
26751
1921
27156
782
12834
27604
29222
14852
16220
12987
16825
21364
21638
17584
5860
31156
32384
7568
15811
9639
24456
19684
16050
9161
22397
13162
21807
13207
22919
14421
18142
2442
10394
15690
1560
6838
3315
14887
18358
30782
17488
13512
7266
15287
26025
22890
13944
27382
23041
24697
31849
28695
966
5784
601
24699
29931
1813
32333
23149
10032
962
27860
28624
21503
24174
7577
9522
6751
11886
9946
13158
6540
414
672
32239
21706
12521
15782
23448
23431
22563
22235
10648
20742
32044
24155
15364
22154
26026
25542
1751
29291
16504
15773
6873
19144
31157
10357
4278
4038
26856
11838
9989
21880
19874
14937
27194
3145
3617
7641
22336
23831
7735
26468
18369
17796
26566
12150
12273
11190
11252
18326
9628
11565
19477
3854
8459
28015
7983
32185
21759
18135
17385
13357
2915
22099
3655
24268
8706
7425
17226
27166
4621
5547
13224
22297
31490
3023
2870
30054
31274
23881
3307
1141
17615
12679
3070
21472
6612
30010
26202
22941
31068
2051
8734
5021
27140
22814
30519
19631
29292
23082
15157
3524
26784
6494
5902
20768
17785
19334
8008
1764
16778
28980
29297
5512
378
20518
6401
22779
7811
5152
14327
4225
30983
9801
20767
18598
5433
14777
3056
24936
19455
29867
290
2414
27869
13162
30222
20368
749
26120
24066
932
9381
15222
5489
14345
14061
26
1677
6768
6
14504
28847
1825
16332
18228
27886
18857
2915
19677
32286
27249
23151
25210
24737
8331
21114
29455
24075
11487
1661
10905
11139
25033
10639
6926
29786
18310
8312
28719
26322
5649
4325
2322
3210
18699
25760
16074
23753
15370
7108
25876
19961
15063
27252
4452
26149
3679
3599
26994
1985
25047
12707
8827
8312
30885
32158
4503
15715
18469
1534
31810
8951
7218
2314
12612
27175
13855
16891
26644
2452
1171
3479
22875
12425
23930
2699
14144
11110
3700
6113
16383
9600
24314
6107
2676
10475
25131
31530
8724
32738
17021
30099
20084
17376
18328
23237
18735
5382
4618
4110
3811
2171
27944
5776
7393
24599
26917
21323
2643
25146
27177
17982
27424
11579
20184
21348
28085
7731
30507
19941
29186
1332
20181
29293
6028
3971
24219
9218
3476
20504
30308
17431
32765
30096
21846
28810
18324
13424
8577
1918
23719
4155
15626
30625
20493
3740
18669
32434
7570
8757
11229
5352
26815
18141
23841
11835
10895
3922
8050
29641
26338
5918
28205
9381
1963
4870
14513
18952
13425
5220
19357
471
27651
25460
26110
6562
18207
14336
6875
14698
30678
14922
17280
32565
891
10924
26709
18041
21416
28392
11610
16194
5887
15416
9765
10898
161
819
18941
17586
11458
24543
10155
9481
2709
18327
31545
16679
31262
29182
30641
14229
992
30315
13663
22539
20258
7121
4931
9957
28906
12210
31603
4267
22084
8091
20475
23392
3377
1404
1841
8913
175
19914
20748
23348
26212
1764
4972
19195
21313
31259
150
2945
15775
13234
31170
16218
24360
32716
24434
26112
10235
22248
30589
29037
13329
8377
17048
2004
7283
18601
10068
23007
28249
11906
20682
11658
3457
10546
1394
16650
15956
17500
31497
12680
26620
26128
7647
16098
265
26208
31339
22862
8062
3573
12779
21402
27676
26268
26891
17716
32314
13693
16437
2998
2571
27646
11557
3638
26343
1771
10760
26864
15399
21598
3769
2564
26762
11180
26363
31663
31169
32526
3747
22631
31127
27180
30496
19927
2683
6365
3422
23847
26941
26132
10919
3458
31800
4382
15395
5942
17322
23422
24410
13793
23277
645
3979
9040
17972
21742
32070
30113
7351
22170
23954
20497
26754
20501
11723
26301
17945
22385
15623
20436
30684
16745
17039
17147
2009
22783
2957
24459
18718
14845
20549
17778
8124
24792
28641
14182
4069
31326
23325
24544
439
32404
13006
11221
9195
4843
12123
2579
31926
967
8839
21954
1421
16735
3507
5597
1217
2548
538
20902
5802
23599
10182
8118
7077
30822
12891
21340
13811
4875
12829
30529
16856
10548
29126
17400
7929
20256
5852
9806
2963
26453
1532
30887
12814
30725
16742
24686
4235
13158
8699
30438
11957
4042
19824
12310
30646
26273
24504
14806
3973
30250
14959
11890
180
6896
22310
18927
24760
3270
2488
1526
16130
22275
18306
24898
25682
28734
9466
27873
13433
15390
17440
6145
13164
22853
1666
20750
2690
20403
19281
19645
29740
5130
28894
30813
69
19244
32015
21434
18272
10015
4288
32114
483
8069
6582
26295
690
22954
5353
27602
23547
31162
15874
909
329
23134
29967
31711
25189
23008
7280
9580
8217
5145
25902
19893
17779
24616
5824
17056
21331
1174
6676
8664
27000
15024
24017
5171
1407
5047
16640
28465
13836
27939
10277
18597
10417
28852
28797
31386
14070
3686
6906
13132
13420
17076
13059
1548
28609
21242
22886
30691
20121
27092
22668
5637
5852
17313
29007
1982
4041
27026
8506
30098
29641
9403
7699
21724
8915
5337
3300
25556
19259
15878
26667
772
7606
34
16444
13342
4646
27391
17361
6118
14118
17058
9299
18846
27658
21030
2155
19525
21187
29361
12059
23543
21368
14984
28957
7021
22119
21818
6354
22754
17572
18301
27751
8555
29620
25019
9391
17873
13941
32366
8110
13589
19178
18707
3409
21577
4501
31745
16963
9461
20820
10140
24915
21978
11456
7379
25809
9651
28612
2763
13636
21220
15854
15889
9608
10898
32537
4896
15371
1528
12832
12683
22855
3751
20158
1514
26226
31013
18695
8648
12818
10762
12626
14090
24618
14581
18409
1924
3765
15703
25095
7378
12338
28996
23237
25469
27969
2708
17667
24440
10349
6231
2217
2999
4554
25298
18636
10650
4992
13217
8510
19707
21635
26399
17871
15082
3972
5767
5180
27993
8716
10048
24402
28148
31946
5749
25619
22074
23162
26275
4296
24483
17518
27325
18469
32546
14529
4355
28885
19527
17690
23953
27566
289
19550
905
5040
25045
571
12228
18054
4131
13669
9441
10596
1255
15730
15233
17550
8503
18924
12467
6850
23432
13375
19121
2012
19575
10266
29866
25446
18965
15102
26008
16367
9335
26822
15350
29350
24828
27463
15226
12402
18169
6121
4201
2571
23575
18400
2722
15325
8619
18552
26428
10234
26635
1452
11850
24611
30284
15301
9762
28376
20357
26525
24559
28300
15243
10324
16862
30633
13465
3729
14762
18388
19597
24278
24248
1067
25419
20562
10387
4921
17513
41
20812
12502
19950
17954
20995
32688
17024
21796
20454
26151
8633
12321
29754
7248
27976
1427
26119
24957
23172
28714
18890
4918
10046
20630
27300
6237
4181
15930
25313
18854
21429
10246
24886
10765
27464
10231
31473
10470
22338
9387
32226
31694
13281
19165
108
13400
28932
13892
32669
8752
18221
4143
32605
19989
20742
15052
29847
29545
11067
28740
5063
10490
2339
10487
7966
12095
3721
31654
28114
4718
25919
15203
14076
27370
3557
9529
1696
17419
10800
7006
22737
27072
9514
5717
14656
17098
23615
23905
6178
1627
10962
20150
4041
29302
24204
29203
3091
10617
4611
20122
12725
28420
7645
31650
27567
26174
25029
24348
31477
16283
21391
17686
19714
13654
27583
26741
103
11875
20397
4675
1562
32202
16128
27756
27389
2023
8546
26735
14287
14820
27460
23099
30345
31103
29699
1586
23354
3600
2103
12906
29778
2739
27256
3205
20027
23145
2133
19035
6487
9687
3565
17991
8332
2713
15423
18007
7846
29046
6032
25812
8688
11641
6424
22918
12179
9636
18764
19343
463
7095
10324
24844
11782
14368
8622
27332
17082
2677
31309
15532
14695
21608
4683
8047
17078
29561
17838
15855
14349
8045
19716
2305
13556
30920
23905
29084
7902
10339
2051
4442
12359
7098
15952
959
10827
268
12510
29545
7395
16858
29996
18822
10905
3869
26592
32687
21934
23037
27911
7140
8125
24592
2710
28039
14557
29558
30090
24233
25729
648
1754
16782
25358
27738
2892
1059
16444
9959
8777
8865
22100
30640
22235
27744
5297
12923
6229
5479
15708
19512
13241
6290
8684
5474
5183
12131
4974
22066
27691
14510
1544
31792
28239
4709
3647
11799
6674
32340
6582
28691
15343
6856
22513
20712
3094
21302
3422
4755
19810
23432
3058
3175
23523
25440
14035
16175
27250
25740
23879
10883
3654
9924
13114
9079
335
13959
9654
25369
27455
20927
15384
1527
20173
3934
31083
23186
22081
19009
19103
9395
16960
19494
22821
25839
4291
12825
29229
1337
16462
7229
12132
10093
9000
15569
5359
11789
1600
5398
4052
31135
20644
8868
25639
23253
17086
21359
8705
2702
32715
13454
29874
2518
8853
18462
7392
11358
22869
29779
14469
30398
23177
18573
5239
32394
18464
10245
24960
20403
10862
23530
10091
7732
8754
12528
3998
16494
23499
20235
6050
2860
24429
22943
9064
15298
29870
20676
27801
7060
10708
7510
13629
28908
26221
20870
21120
11655
10520
22068
32411
7397
21571
6313
26134
27103
15223
10815
8701
21601
16006
8884
20496
20024
11644
17812
3610
15026
25104
23724
20259
27007
26322
12125
14111
16428
21647
22953
8688
8753
26051
15140
20120
2435
8356
10225
15505
18646
2524
4531
23060
20759
16823
15338
31197
18025
2942
17192
9393
30060
19930
15221
25770
27855
7131
10725
25001
8391
17252
11556
26829
15185
22456
28430
22034
6508
31300
31482
5966
3613
24709
22356
2380
4518
29697
3276
24962
12064
30782
22104
7752
16091
7216
3616
1543
27048
16639
2947
20441
19054
24478
32481
6983
15735
30170
17303
24813
16949
24541
8988
21542
27807
32
9358
28270
23735
2011
12937
23511
32630
21472
23527
14136
3266
1012
28624
18420
1142
18127
5518
4034
2823
20419
13209
29697
14484
12884
9653
26881
1404
11635
28676
3485
7943
188
789
2161
5978
14878
19134
17045
27278
24704
24368
850
12539
8922
28211
9186
21551
18459
8814
7788
21658
29320
2102
20382
28877
23918
18678
24570
20575
19779
26788
21337
16186
28838
22481
23253
9904
27550
2229
1701
27313
28500
8964
11857
9370
11264
15763
11719
11081
191
17786
670
28548
13815
3991
15471
8641
23278
9388
4072
20606
4331
1139
23689
6028
30428
20635
27083
29721
13886
13649
11880
18250
626
9688
15619
1752
8282
19186
2858
7694
25096
20967
32656
28169
27878
10929
13211
30304
23545
32310
4375
32338
23846
17743
27698
31872
8724
21051
2616
7361
27733
17825
9589
25150
13245
23883
22115
2199
15402
10710
5381
1913
17941
20317
5968
32553
23086
29294
30850
17047
16846
11145
27437
4119
10028
29223
25701
13448
29625
29047
3205
17557
2103
20240
32395
29500
15035
13798
26854
10903
19074
22970
8819
18139
17310
29754
31299
30555
5059
10130
28411
5743
31133
30484
24337
13750
3389
19105
18371
22892
14295
6442
2361
28340
21647
27092
163
29891
20374
19482
5893
1838
20849
11044
22414
6166
14228
10344
28841
8282
14168
5453
19778
28592
8753
17326
5952
16114
594
12101
25603
21122
32394
14406
25597
5201
27690
22092
13527
7477
9998
4349
9848
3774
31172
17230
5154
26609
10301
15195
4598
1577
32681
20541
25015
664
29286
25704
1676
24523
238
6038
14876
24100
29453
2924
25894
20339
15
29218
29503
16013
32255
10605
31211
16366
23191
4102
5038
2087
31889
21942
14780
12829
17906
19192
1657
28197
21112
9840
22023
1843
14559
30690
7277
18685
23174
18881
8014
14766
12017
21576
17500
18735
26019
9868
18526
929
15277
5523
14738
29844
8431
1992
25664
23491
2205
2745
8051
18241
5778
29272
6182
26492
21569
30613
12661
21868
363
24324
18932
7336
28910
20578
23630
14537
1513
30342
3146
28419
13617
121
20361
12427
19530
24204
368
7139
21531
3619
11085
301
4588
3054
15261
18882
23412
6577
2246
23350
26038
17464
5893
18520
19434
27268
17234
28853
20601
32231
8738
16426
370
31465
30964
18814
9860
30225
12582
9392
13587
25566
29506
19322
2626
22671
13025
6148
20028
22636
9534
24477
17376
13394
30012
7284
24841
17517
18491
2039
32558
6562
28266
17295
30671
2296
23831
21781
23687
5077
21362
10308
13103
4289
17674
28401
26234
29581
28058
22302
22103
6524
27270
2699
22009
5106
5105
29093
23495
23487
48
13239
13704
13571
23277
29755
10964
10234
19916
18534
8364
24294
4675
18749
16960
6312
31349
20874
15184
30993
24892
22175
23939
28067
28998
25293
17308
30831
21081
7060
10591
13578
13952
25119
874
3536
522
22952
5529
24158
10616
16623
24336
31285
16070
17152
8178
717
17524
19554
18158
29473
26250
9807
15730
20636
22627
31470
5697
29699
27942
20077
5455
22550
6838
18226
5428
14869
14033
3227
16762
24999
22937
2265
25346
21323
29521
7014
8091
3662
1442
5263
26072
15113
8573
7596
13654
3882
26420
19366
23784
18567
19545
12396
12650
27702
7417
20920
19410
8128
19512
4182
14702
30807
27879
20711
8854
15705
30478
14149
10575
14482
1261
26017
5781
8709
30602
5762
23257
24829
16415
9807
21408
30815
23637
14652
16428
1173
31181
12616
3172
6066
3754
13515
22333
11109
3183
9203
5778
28019
11932
31418
22906
21572
793
27554
24170
16997
7042
6785
3305
6472
21057
23984
8350
11995
7728
22214
14251
24586
14320
24126
25590
32260
2644
3616
17173
28067
21252
734
8312
17462
28413
11904
14272
15941
31113
4246
12341
11846
12186
31513
22337
21107
19085
25083
17621
30985
31978
30241
13994
20066
31381
27580
20824
19358
2661
31326
19087
16872
28374
8101
23261
4571
10972
22260
25971
25430
12554
17226
9712
30907
4189
14662
4846
27902
32293
24038
20318
27252
10224
28722
2672
20347
8610
3045
27416
10219
6629
11406
2951
26657
9522
10851
25970
7722
24153
8370
1707
28592
22306
15954
23556
26462
24455
4817
18560
11570
20311
10646
21021
17268
30295
12215
24717
13191
27501
3910
27917
18283
8588
30662
2827
14051
26255
14170
23181
29161
9598
12528
24229
2915
17770
18013
15401
18301
18577
18557
10864
874
31529
9166
29201
25963
28333
21761
19803
22404
3826
6936
6362
17001
28506
8018
13843
8160
9547
21206
7685
18224
19211
30399
646
10225
7292
17454
203
14316
28683
5383
23157
13661
30018
30273
22969
5691
27544
9522
16600
14925
31173
24034
6864
17772
4546
28689
14488
3131
10632
30382
11177
20181
28348
26454
28194
989
13320
15000
6374
32730
20453
5439
26273
23930
28852
17006
6785
5466
26406
11632
57
11472
9047
29811
14774
27640
7769
9249
10637
