4500
17924
26444
32492
22835
14861
26848
11574
15169
14511
20629
7285
4375
17226
21246
28762
7346
4073
18110
31171
15876
3779
19094
32612
10644
30916
16870
17469
5362
16202
4017
10367
4638
19022
24096
29881
30177
30520
22720
7380
31404
28047
14431
23572
9109
3063
2830
18253
3858
28946
32511
10889
10628
18932
21539
17188
22730
8621
18160
2023
14393
6403
2749
5951
12142
23761
18563
10520
8703
11815
12138
6034
32146
21100
21297
29355
2032
4919
23075
12900
25380
22729
8770
8984
9071
2708
31470
29556
30808
5727
7963
14265
31897
31886
23077
19498
17502
12492
511
19338
25809
13486
5328
16932
20081
26012
21460
30038
16524
12405
11400
13194
4681
13919
28362
17124
22064
23332
21065
22969
3881
26440
17168
30202
15568
7967
5639
27617
2463
24918
4249
28530
4280
13737
3824
11389
13780
3185
23507
23519
1762
13391
2894
16818
7577
26356
27931
24793
21443
29514
181
24881
17367
27562
18492
3621
7101
19620
29382
25898
12620
30651
11933
32133
21735
18947
13509
30713
3768
16380
24376
20256
26650
31430
23151
13484
17518
16987
926
13591
14139
22485
118
11033
13460
17573
5772
22550
8749
28339
16287
6596
10766
11919
205
3705
101
12627
23688
5021
23493
573
5388
24030
25044
19247
5968
30199
15121
23327
4324
16279
6968
28182
16394
6924
28209
13382
6702
17096
25075
8675
30767
3368
26184
30180
23016
28940
24118
14600
26471
4241
25018
3823
14402
27252
28381
5699
20028
4756
2897
5957
12630
15467
6368
29042
32289
4608
21435
8139
27210
12167
17299
18903
858
28016
22817
3774
5336
20512
15271
22058
26198
5292
31087
30390
13181
11123
16629
16268
3246
23675
26625
667
5943
3729
21546
5545
27538
10383
25531
12821
18255
31144
1385
14377
2858
27869
11682
7269
16215
11706
22808
11212
23793
17998
29155
2049
15796
32104
4313
11487
10568
7520
25007
8449
1489
7863
16811
14388
7099
27433
26941
8547
23257
11690
10082
15935
32248
6614
9152
27549
14247
7630
13362
23178
15084
26722
29780
2854
10555
2109
17956
25328
15800
20271
9269
12284
8038
7006
32243
14402
7918
18072
6144
2699
11898
11860
17949
19140
10163
4023
26089
20315
11434
16010
7701
13069
29493
19410
4853
16569
21266
25498
4228
31853
26452
21844
2600
19810
2244
20845
12413
11824
6160
21869
2517
31035
6217
16109
7258
23807
17862
4389
1373
7213
2423
10663
12447
7997
26435
18495
20074
13238
26538
22774
24182
6143
26847
30781
31573
14793
29373
8301
8671
18827
28268
30497
15010
31562
3824
4095
29337
31386
19522
15886
6690
21293
7546
31699
5197
801
27036
15012
12867
12816
20011
5579
25173
949
21329
11697
19458
10226
19891
5967
5810
25150
18008
29306
26625
1738
300
10136
10015
12063
22290
21146
13819
13352
23301
28825
10740
2517
3187
32704
8884
23205
19875
21495
18942
2485
10634
9102
8669
1633
23696
17439
6463
2178
11147
10452
22315
7212
1776
1905
4214
9000
11401
15880
24238
9828
28598
5853
21469
32401
30916
6951
13798
6479
22378
28454
9902
14377
6989
18527
4913
16086
11573
26831
24050
15185
3266
24597
8904
20932
5191
18548
26366
23049
19596
30391
1056
3939
26332
30854
15185
27934
9038
28639
9328
24818
27956
2985
2267
26154
23132
10397
10918
24216
16355
23713
19470
25633
2818
26716
29443
12347
11547
2032
9418
1092
9740
22495
30638
30767
20244
11588
20094
10918
7277
8186
3420
16869
22959
330
13858
939
30108
25768
14787
31718
2119
18002
29267
23080
21536
14825
4615
11784
13458
11164
20036
25017
1400
12757
20655
960
28449
12241
25544
2867
9212
2199
2946
3058
4710
11056
24098
10929
2588
4798
376
18493
32558
21273
21650
25857
16557
27024
1099
1711
2659
15378
19336
25357
9203
17025
15742
26830
17050
20402
20368
1357
29663
1644
19083
18647
8844
3453
23511
11607
6118
30472
17756
25089
7029
19385
17771
20104
3598
2873
13202
5138
17301
30444
12199
17417
32143
29149
12960
4324
8215
4790
20596
23324
25948
2728
25093
31987
7180
10280
13187
20045
8677
12778
935
23256
10884
619
10365
18734
26603
3998
29183
2258
30500
5902
10547
17924
18199
23771
10170
13220
7582
28014
12038
31497
8636
28355
12213
25839
32062
16955
22384
11397
17535
20266
12417
8524
11480
26482
32530
10128
1229
27048
4056
9599
31449
4478
19043
11319
19933
24763
3635
22121
17670
148
26626
24907
14243
5047
22150
3186
4050
30032
9287
20983
8766
32696
14452
30693
10015
1849
19521
21172
25494
23548
26968
28506
6019
3339
9720
27447
21431
31749
23309
31020
16613
556
4493
13310
21640
9514
15310
15780
29360
18130
19648
13542
14231
30789
25428
7014
13406
17486
31714
10555
12493
18133
18456
6330
1955
12568
5330
8383
22347
999
7042
26245
13676
15363
14319
27769
5108
6307
21897
17330
13678
12525
12619
21649
32354
17895
12357
12841
6068
13612
20678
1423
16619
12074
9103
971
14176
8638
23689
20072
25541
27420
4187
7129
25343
30901
27281
10873
17651
16274
4984
20325
29638
10261
26263
28786
8727
10831
31694
16715
2853
29560
28523
24553
522
16615
24984
11799
1451
12563
21842
15629
20451
5366
6316
25747
22339
14283
16122
12049
17669
16094
27488
31171
28222
26814
25818
27377
13939
25233
19043
5468
19628
16787
14889
27478
10238
27234
1680
23965
28950
14173
25367
5966
1345
18443
21516
25398
24049
15258
11446
18576
4375
30603
30441
1645
16124
18414
29945
17746
19141
1703
3522
22564
1382
27098
8340
30889
9111
4304
2048
20152
609
8883
16984
15072
12487
27309
5631
16694
27029
5421
5555
30666
27913
27040
23341
1468
14349
26994
16444
3778
25986
4664
14278
3896
18676
12572
8428
21130
17142
9406
23008
24310
31044
7816
20028
30073
26863
24228
3679
26701
22267
21307
4808
14073
26743
29886
16885
29640
13548
8230
12842
12826
10040
27186
1739
13473
29376
17240
18576
18820
20651
24794
15043
27206
23126
2781
27220
24522
6571
19978
27423
31232
24573
26149
18628
8019
16993
18446
32315
570
12367
3823
31404
8978
20734
14143
9566
31838
24606
22634
22128
8445
28543
17995
28611
9922
4790
1756
24635
17835
12923
17913
28500
676
28792
1411
18194
13619
26457
22276
21880
10123
20831
12942
18065
21929
12031
9724
21378
15918
21637
23080
14433
16017
29809
3919
20636
7355
29397
9999
29573
22673
6639
16700
19727
24428
17275
7104
32710
18297
25518
11543
12199
25268
25878
19197
21609
19132
20556
28061
17883
15414
28990
16020
29989
5508
11510
16890
6821
8598
28431
31106
7584
12147
18183
27652
25348
24656
6647
18354
9281
30942
24182
17613
1802
16338
12710
31228
1682
15565
21083
290
11868
5856
5589
5505
3389
18893
30706
26028
1840
25240
15109
28288
19485
1093
10689
23166
24047
12605
30668
12265
2148
9478
6799
18593
23898
27673
24156
14783
28689
19301
10249
8538
19693
11984
21409
4130
20684
31858
19846
24901
15530
27793
432
32127
31122
11304
6922
14743
4536
9132
3447
18722
22732
26434
23773
12208
32376
8990
9658
32702
13022
31584
30627
13719
17703
13253
1873
223
15201
2789
3679
1836
18198
17105
3280
17689
13071
23307
13092
1242
20012
15542
1434
2346
24286
8524
27666
21030
32368
16097
4311
27743
11569
21699
19196
6574
7935
5860
17802
18048
15666
5582
24243
7151
11165
856
32496
27848
20317
11751
31236
10407
16600
22631
30583
2952
22714
21133
311
809
10917
29467
24153
32194
11550
22128
20782
26465
9596
2956
19564
7215
13239
28849
6824
8928
19231
10568
31307
23819
14801
7409
15971
15917
26432
7002
32024
17167
2119
11931
25753
6806
28221
21242
5865
14690
3568
23430
31747
17119
2828
7996
23092
789
16194
3149
22038
7797
27801
19926
3865
5149
31275
2542
599
23742
4508
16265
6549
7245
12277
11912
8752
15712
9734
2393
15275
27761
25143
22206
23236
27775
4804
19311
2332
31676
26977
20479
8905
17341
2260
24170
31105
32019
14714
9215
22753
14646
4245
731
31132
7693
6486
3658
30384
20688
20136
27661
13037
20170
10257
3238
27014
20940
11848
10056
13305
32495
423
13656
16946
5580
765
11794
31461
24750
16699
29220
25318
1322
20084
22971
27951
10373
2811
26867
3803
22672
10114
2879
26994
12328
7564
4891
26959
28891
18224
30585
20184
7143
11618
19796
12476
10097
19777
27507
23444
20166
7278
7168
18733
15758
11749
12024
13720
29917
13779
18253
31794
5477
22746
29553
23124
30400
27596
6120
15366
19660
12910
19430
5653
23538
23147
8283
23400
3675
23256
26359
24880
32763
6125
7795
8478
17046
26127
27107
19254
16394
26231
27414
29573
19588
22100
9134
29991
7421
12054
27068
7985
29754
1597
2587
10213
15554
3438
3024
1188
19374
25567
24586
16136
21568
12590
6245
25266
28475
11665
18229
978
12865
5900
26548
3573
24968
2048
31824
25478
18551
22796
3709
15343
29397
16164
19418
1196
30626
25041
2765
10064
23164
7592
11371
31153
29657
8976
12286
17422
26305
16212
1578
26779
4363
19657
8455
30909
12834
24031
23446
8205
28080
28594
15514
30876
15510
10254
14962
27809
16309
15892
22151
1793
28986
30990
4471
26992
27041
6876
12963
22012
21806
13478
15691
26537
32575
22770
20871
24373
3987
31962
5405
7665
21520
27665
16577
24959
17159
384
25489
29322
26478
24768
15040
6331
29469
26985
14321
10362
12516
18676
4980
7428
32075
28493
29207
2200
29494
18596
28222
15932
13925
32749
10786
22686
20548
20873
5045
13235
13496
30878
26514
12132
11854
16997
2897
13184
20909
6124
2825
5860
23020
16971
21297
32283
7913
28999
2221
18172
682
29579
17490
4676
17159
15000
17431
20699
15737
17586
22693
11152
23229
9144
16200
9439
14255
21100
26156
26645
18586
21429
8348
5905
23049
30747
9599
404
9855
19830
9351
20909
18370
3880
28842
32293
1731
13031
16734
10223
1397
26435
30251
26545
24985
17859
29298
23201
15745
7020
7742
11934
765
29048
26736
8202
13921
27314
4209
25365
10918
8533
8730
30256
12066
21728
31117
642
8490
24822
17962
2009
24613
26813
21124
7893
25499
29861
6237
27195
13215
15401
19986
6697
12209
11887
27340
10501
4011
6828
27321
10944
31003
6216
32518
24072
11082
5776
3061
4671
13831
6802
18136
4426
22605
7203
30781
6284
18702
16336
19969
18241
4680
17535
4813
4442
8286
21795
4697
4704
7071
7881
1923
18028
3352
5503
2511
4300
25141
25022
23602
21632
16133
12566
27711
12299
15411
15982
10548
28787
9765
7695
31927
16494
24319
25123
10050
18908
21267
640
16691
27404
25863
27425
906
15803
15398
10077
26927
21584
1644
10226
30180
21203
22145
28636
32192
18310
19660
6238
15635
19855
4823
32590
7598
22435
21771
7358
32423
1271
15710
19014
12566
16184
28601
5170
30428
4058
22393
30726
21579
7111
6909
9990
6356
5569
5361
20627
6782
29682
4642
28462
6352
16218
28941
22726
29734
3922
13919
14495
30608
21469
25070
31671
3402
11602
3441
10459
9975
14212
1548
9981
29612
4101
6347
19950
19059
32107
31816
4850
32299
2640
6280
12705
32388
14162
22693
5983
13178
28824
647
26404
28705
213
11137
15562
2129
4927
18902
26986
4667
29811
11815
19590
24556
31636
31159
26504
6315
21560
25544
14311
5391
5980
28203
10900
10992
20103
2321
26461
26216
492
17506
24593
29875
1610
6607
8518
23059
3793
27530
23654
26861
25607
17060
31689
494
9491
30393
22058
20289
11422
6695
28878
21531
26031
904
20963
31153
9033
16735
29600
31103
17638
29456
25335
11498
28678
9534
23298
4723
6574
20317
11767
32634
4507
17551
24475
23808
6344
2486
32150
3704
28970
28662
11350
23676
30071
11860
24931
11531
5376
13311
9056
17355
5302
1317
17886
25333
20886
27068
3457
21482
32130
23836
29662
28253
13959
10646
14087
5707
10712
19250
11687
3686
25755
27118
19698
204
9387
6248
13111
16620
8449
11268
30674
17529
20796
29049
19632
22185
23145
21069
14787
9497
6173
27278
4762
2405
28272
4359
31641
13199
7001
4024
26022
20905
9274
21025
15981
25518
2594
14843
26313
1466
180
27085
31030
4206
25958
28745
26540
32159
12079
32329
10935
23796
6269
25625
22421
19884
1442
25087
32474
2156
6199
3157
17798
23760
1148
31296
6213
31610
29293
2756
5578
855
3875
12014
10462
15394
16492
576
24627
2302
12750
6019
958
12479
29265
7931
31465
21137
21333
32292
22459
27177
30058
7422
2368
21868
18110
10196
16925
13387
4889
951
27647
32209
26998
1377
13978
20331
24305
23152
27973
9921
18461
16629
32051
25151
8772
9046
30925
18095
13560
13141
30200
18220
16883
26497
14060
30905
11447
16649
16913
2738
6710
18900
18960
24127
6649
4405
21417
25784
13118
23898
32474
31848
12198
5534
26999
10134
8976
13647
18107
9873
30348
17016
30185
14291
13820
3848
12138
30379
29464
5338
3872
31174
24504
11615
23729
110
16720
6648
27915
8510
18862
10612
151
27218
30714
28625
15425
30177
17204
18225
30449
10717
598
3387
236
29836
12797
5778
8436
2104
19583
32373
16553
12565
5078
10009
32634
21119
20732
24135
13979
32478
4201
6672
3867
19580
17851
25554
1877
6985
28932
11556
32315
24221
7850
22546
7414
5063
13219
6133
19229
1316
10297
10339
28207
28786
10916
7862
9105
7171
9148
15074
20932
15198
26428
28744
27034
31874
30442
28871
30267
22943
20042
3443
1756
15044
22443
20119
28717
14764
25901
25155
17373
15645
31878
10115
13636
22197
26295
30670
27106
23450
32046
24089
15544
16073
16118
29538
13222
23561
22931
27329
24766
13378
18040
5943
28090
16753
9203
28319
30128
6972
24191
32206
8508
32120
10796
3688
9141
29499
9818
16060
13574
6306
2811
25126
13170
28751
22519
29404
21701
16016
15901
24618
3177
7956
14893
479
2433
26216
17559
26195
3847
11675
5186
18878
6690
2022
3464
12653
9140
26469
7736
8003
9225
26003
29049
21409
4705
30120
21010
15253
5514
31776
2514
7792
17646
2408
8855
24917
30885
6889
2811
18318
1525
270
5755
13232
18816
21787
24701
28840
22501
32100
30579
7005
7286
26777
4219
11035
11253
20736
21559
12117
26641
1473
24531
8359
25567
30498
19256
11798
25143
7053
23202
32371
30712
32397
29732
16690
10734
32543
15738
3321
14646
9767
8724
32750
1082
29505
28861
2289
13216
15326
27891
28495
23592
30102
23030
9167
13013
7223
30972
16024
24697
2886
25738
25180
17029
4385
14983
22111
24297
10834
25204
11928
1861
7987
29067
30188
24267
9164
14116
6096
30403
10360
26316
22282
6498
31497
19113
249
21575
2566
1550
24830
9959
28375
3957
30652
2233
25493
6475
23025
23757
27217
21398
24503
23312
27772
5366
31651
32130
10063
5440
17601
10878
26720
32586
4879
8317
8179
18088
13031
18545
4912
31633
18865
29383
25674
13025
31254
25770
25726
15849
13494
22990
18740
4582
29624
875
32372
1601
2576
29016
22906
592
31087
20556
18109
10999
8782
23738
4417
19897
11801
11652
22158
11945
29608
29510
13179
6188
28355
15954
22454
12624
30703
20399
1232
22562
19754
19194
17398
29932
14423
5092
9230
5609
14953
16337
28913
12749
30923
18295
32632
22677
25556
4500
19111
22831
25111
19160
28946
10419
29751
22126
19789
8600
16281
30800
18456
23171
11241
1967
5788
6953
2301
29146
15692
17918
21464
8796
28812
31158
5890
30292
27553
18503
18262
555
24672
8389
21328
29212
13344
12234
27662
8460
2455
8299
31052
27430
6249
22705
21252
2619
11398
7865
29692
24349
523
586
29638
8533
32637
24068
27872
17026
26661
10084
7903
26499
29909
25350
4892
23474
14847
10904
13320
13148
5537
26570
27744
27756
8370
12483
20837
9584
20636
2643
11058
30397
31407
23196
14725
20516
5806
27038
13387
7589
853
907
15177
21932
31379
273
17501
3653
11307
26722
5979
29509
29325
28291
1613
15953
12718
31291
27448
1341
29572
32483
21616
19177
29465
26934
7724
7114
7187
28380
10681
31963
4787
8316
30465
18690
2288
11121
1010
8018
1075
30004
1834
29490
21296
12557
14916
15241
1752
2697
14080
15753
15309
31933
13359
10594
9586
17867
8147
16431
26301
3094
17134
16140
15889
19893
7562
8766
5979
17972
24603
20463
6158
25544
28813
14117
7205
23372
2926
2440
12261
9657
10584
21853
17774
16901
22720
9430
3724
32231
30609
20201
10838
31530
18691
940
8685
19311
16976
20532
18129
28832
580
18534
32585
12317
26352
10946
30620
14486
7570
17514
15236
25274
14017
11507
21470
28237
7614
17052
30642
31709
12731
4304
14471
11094
6482
26210
7608
22967
26937
12158
7259
20445
432
20593
7236
11892
7612
2670
30030
14898
16552
20048
27117
15697
1953
2159
30290
285
31230
23340
29443
4707
17685
2289
540
3335
29597
30035
32239
24895
11882
22457
1335
29164
10176
3621
16120
10871
18231
17575
25645
739
25684
15374
8132
7058
518
4378
29676
23594
28177
14369
21284
853
13750
12651
21847
13315
22094
6230
6881
385
15960
15596
26762
28468
17449
13601
22777
1850
13840
9296
20623
23737
2477
1430
9015
13767
24596
18970
9465
4635
5713
29782
17488
2047
27779
6160
331
32358
24478
6676
2436
31345
14501
18250
25041
12596
7392
16246
15830
25752
11851
13654
27442
21162
30510
29100
6650
18613
30329
23085
2646
17272
6625
24971
25582
21567
27081
30704
25844
6515
14169
8958
17490
7327
21439
3572
17977
14446
21294
1048
30999
2826
23207
25973
1294
786
30254
32746
11193
12940
32295
28267
26923
6433
31577
8935
19937
5299
29672
9182
5233
20808
12061
8982
13563
10882
1521
25987
16222
5679
22082
11633
2571
25634
23077
13064
9207
9423
23194
18741
22032
11761
25662
22427
23971
27818
4377
11750
4218
22461
9885
4277
30901
31859
15010
24066
4629
2878
21963
366
7632
16314
7699
20023
13422
27642
22176
14221
4295
17959
571
15027
17361
4448
1899
14479
25446
2809
4320
21109
26620
24321
8745
7871
312
10620
32332
19849
11938
25552
30268
23478
25318
15597
21675
16847
30525
8228
4670
7062
3276
13355
8152
5602
5139
10221
3714
15582
4343
19334
27034
22848
14837
18260
14988
31763
21250
2765
32442
3874
5630
29393
1294
24423
7620
6086
22594
14437
4821
951
20166
7421
28152
27036
11652
22663
25318
1302
18382
15092
20559
13122
32746
9279
22784
14499
19106
6972
25760
6437
26202
4316
31094
10104
32499
30593
4817
9345
32458
4398
32635
7751
859
6426
19346
15000
23933
291
26780
6320
31965
6478
14754
15989
8740
15679
8359
21492
29379
6291
16807
2303
29165
19643
28020
10163
11899
18693
28324
6491
19501
10368
27552
24985
2462
28110
4463
9126
18541
1615
30211
5831
16995
2299
17453
12157
10903
7583
9025
26823
9189
25201
5254
2962
2623
20036
31012
21774
28244
6926
16061
11056
1282
25965
31899
16468
18258
22494
15103
23605
6401
14508
23284
22132
10335
21471
26948
15148
19438
3252
14803
2365
15698
11532
31105
860
18714
3022
18023
3278
10419
29031
6950
21602
3400
17858
12075
6901
25944
16062
11451
21694
17277
3738
8411
11272
32680
1456
21946
9907
21891
1197
11522
30218
18344
25494
27411
27577
8265
14002
32268
24220
26746
17582
20745
16388
13419
12095
14247
10936
10920
25206
20478
878
3925
9385
20640
29443
27025
14620
7634
24498
27656
24764
18241
5467
22446
29760
12717
21385
31774
20774
26656
26231
5340
3258
18586
27287
26345
13706
16331
21672
7385
30466
32638
32312
15773
22510
25482
23165
4781
1133
4554
3012
20342
18619
29856
24374
18593
16410
16086
9561
2820
28033
10334
4579
28057
364
709
8992
10559
29528
12877
16926
20795
16013
17579
18359
11301
18903
7364
23822
25565
3668
7221
17294
3785
12447
31538
28430
8430
31148
10231
29445
16283
14084
17041
24519
30564
18147
31269
30315
6979
14182
32097
7946
8565
19671
3205
1980
6259
27349
16614
8974
7336
21044
19846
6772
18455
8674
1050
26673
30589
16913
16448
21332
18721
14360
7233
15238
13806
22323
18862
10924
24274
31272
8265
26109
31182
23882
10782
22264
20382
20303
1601
28592
11773
23943
11718
18450
21738
25578
3434
21039
29838
14581
24332
32014
85
138
28455
7908
21121
8448
32285
24361
4000
9304
1763
29879
14752
26153
32210
1466
5813
15539
10334
23467
22593
27394
31119
17877
14474
9958
28060
15446
17154
5881
13618
8212
8893
12415
28658
6000
8336
9442
21019
19485
13522
19180
4863
18385
6450
13383
2394
22839
1292
2566
18734
32566
16838
26509
32157
7135
7761
6387
7188
15180
23105
2033
20765
19736
27201
25557
15560
21112
21318
10484
18257
30121
10508
4010
11218
6580
30902
17078
14896
27225
28987
18360
29007
19042
9802
12781
27125
1338
4055
8938
25074
28939
13958
3858
3256
28406
17310
28908
9581
24229
17591
20728
2411
833
3308
12195
14450
13875
9866
29799
16714
19036
13125
27614
20576
29183
13117
30794
16449
31413
12612
25304
18715
20046
27861
29962
27283
16105
32737
25264
26436
13150
16695
3201
1268
13893
3898
8187
7231
7739
27119
13211
8259
30762
3791
13206
22732
7812
17074
16499
23622
22747
24836
13904
25196
1983
31080
3665
6983
24756
19749
9329
7206
225
21944
32100
15860
1099
20768
8675
21340
27325
19038
30688
1888
23042
19946
32643
8687
11795
12637
27879
5320
18411
15427
17913
23383
23664
24302
23006
20425
184
22078
28513
11409
29421
25854
27990
22244
29702
13353
32364
29478
10374
26765
12512
8252
6777
17990
13276
21497
4150
27141
20182
4507
18857
13208
20593
18737
11372
29450
5659
31854
15025
26530
5304
8747
7243
20155
19389
28483
21502
23461
9080
15450
24015
30377
6910
19656
31788
32624
20548
29479
25759
6002
27551
14977
1921
2753
15184
5947
3536
22391
8476
19989
14490
26243
20252
26507
24727
30543
29741
24868
9315
13940
28910
12754
21596
6354
30581
14805
16969
8102
11935
24343
31307
3858
9857
28915
18849
15006
6058
31233
26973
13344
8467
23479
21996
6392
25925
12620
5577
31188
5787
427
18151
5721
14894
15313
26025
6728
10231
21089
821
1426
5139
23038
17414
13733
23576
5424
15297
11574
27097
27938
25681
27416
12040
20509
18662
14226
668
17173
14319
28910
26116
10471
9050
27175
17731
21949
19861
15071
4428
6686
27627
9729
2168
11935
2019
17892
11152
26547
5473
21216
26963
22524
16613
17019
21532
3096
1295
26994
4061
21379
18458
16530
14831
14729
24600
7879
10193
30507
12932
23799
4222
9344
7940
11824
27758
24468
12572
28041
26627
11694
29996
19428
24470
30216
3261
8286
14844
2501
32463
9897
20924
6305
18451
28031
10402
5225
14099
31410
12702
2186
30521
20675
11976
17640
23116
16871
11087
25321
15082
4747
17488
559
16061
31247
30902
14546
26793
19067
3774
20682
677
22671
14342
28910
17598
3022
20225
23307
23099
24792
14649
30237
14595
13158
7302
1037
13990
7132
11568
15459
8007
1169
79
8252
23322
1750
10332
24851
5412
20535
19380
20407
16221
28908
30908
26927
1701
19843
14274
6645
7534
19925
15282
1058
4938
1999
13656
24463
15033
7538
22530
10408
11616
19131
12706
6842
29574
8736
19409
23663
25805
25349
28074
24489
19458
28538
22462
14842
1384
11329
20330
4244
17
8088
2987
31800
8075
13668
25836
25048
18116
1504
3158
12454
20963
7651
9150
13282
15162
27827
21695
32650
27090
2604
27879
10407
5204
26239
12875
25046
25233
2937
21031
8498
25562
10827
17456
28970
6168
29013
25459
30368
28214
1181
9394
20876
27572
9071
16109
28946
29439
2976
17205
1028
24104
10386
6331
26618
19739
25607
13521
24324
14144
30719
13755
13700
12745
23490
8599
6065
6478
15906
9280
3078
19816
15198
23449
25157
15843
9931
15533
1520
11419
10266
27902
84
5509
31589
1188
15999
2005
10035
27815
23733
6312
1137
5810
11720
14022
19353
2042
26999
3088
22245
21509
2124
16815
16527
19988
5877
2372
30897
3893
24295
17455
18894
27095
19730
20310
15684
12042
4997
10614
15910
28811
24652
7465
4619
1376
4924
16556
1702
17492
7694
9686
30857
5169
17040
21309
1887
6679
29929
440
24468
10357
167
18401
8650
17063
21039
12636
6123
27401
17804
14839
11073
920
3250
9354
11423
29120
5356
18710
9574
19205
6149
29524
2943
1752
21146
32628
17130
6705
20309
13368
341
6790
26617
9831
12137
29942
3259
20417
13757
28616
6079
44
26280
8514
10153
11168
5235
1374
29373
31010
10000
25457
22676
6576
29496
27711
32453
6622
8902
13866
6059
16291
14411
317
14921
3488
24358
11166
27903
27275
13083
10054
10987
30322
21959
32642
12011
656
20229
24572
15535
1244
3857
4691
30164
1386
21925
8832
8443
1619
25221
7386
5337
183
7584
22829
16852
13323
12561
16719
7876
9375
6064
24042
22514
32451
5876
9327
3806
25593
17774
28996
16995
21904
27280
21370
1158
31089
15694
13466
24285
19686
29643
2082
4506
1048
29403
22009
30384
14224
1144
21261
30544
24026
1176
12956
16083
4694
31142
18584
1244
16639
16354
23645
23577
8060
22205
29023
21845
8260
7000
19264
11484
22425
13627
16745
31817
26912
27141
13410
9716
24421
5694
19506
25049
2381
25802
20471
7845
5169
1939
8828
19149
15126
23334
26559
25013
8866
12801
4834
16751
158
27527
6306
15208
23179
4235
2386
25230
14735
19650
5165
11872
4050
29590
19163
8032
3601
10431
29925
8298
3628
3901
15485
1259
27266
28537
10659
18487
18584
17960
2921
4935
472
31590
3717
470
20237
7499
14343
9098
249
7310
14171
22279
29294
15714
20497
3816
32719
6249
28383
918
1789
8786
3243
273
4420
21260
25240
27868
21638
11436
29420
161
31539
3105
10072
6789
10901
29951
10713
8224
7883
30934
27183
2608
32198
20245
4712
16709
19363
23980
13718
16243
27136
4204
4666
7463
8483
5866
1716
937
6685
7168
24017
16297
3002
22461
11200
32228
19994
8983
130
22289
14438
20396
12243
5663
14932
20620
22486
29641
30359
31115
4710
11011
12353
22366
32741
17539
9005
26086
29746
7475
4313
8527
1308
508
27857
2498
28253
16231
6737
14393
30691
17319
21056
25213
9129
32287
14546
19312
8117
3243
9945
18133
4258
16109
2811
32317
16884
1021
15687
1050
22519
18844
19825
10831
31646
12401
7977
12317
21629
2488
20970
32671
6320
1944
23825
23268
1994
4008
28680
29443
9582
14267
13680
18546
12173
22803
19272
1772
10022
4023
16530
3902
4965
3466
31762
7522
18472
11812
14725
2273
17942
26040
16413
22796
16338
16538
22449
7675
10547
18518
26008
22176
21664
31491
237
27467
27071
1225
32246
11728
6625
16956
3440
1569
30277
28263
18864
10782
13223
10743
25184
7726
17807
18711
11952
323
27548
12364
19982
30539
27896
18016
23478
13553
21325
21326
19348
8378
32272
31729
8120
20530
8063
32119
29615
27202
1691
9588
19468
9800
32187
20621
31671
8495
26259
8333
2374
11264
6654
6047
22542
4665
31825
28781
22541
21317
24178
19778
14341
14929
20219
4191
6502
29996
23455
28386
146
32381
20454
14897
15319
31112
13427
24122
2339
28130
14899
10604
5246
28951
16085
24024
3914
15963
2481
31212
26559
22063
30489
11536
14694
6716
23968
8805
23005
5676
4356
23109
11968
3278
18645
31498
26038
7276
9145
14441
23048
10096
9261
9536
8495
7359
20296
3298
21928
4893
10054
3838
20080
2337
26382
31967
10053
17418
15847
2084
10863
13986
21241
31741
3999
27130
22537
478
3215
26937
30925
24803
30497
13704
16199
7022
5320
24467
2207
23533
29398
19746
24440
6869
13549
29008
22977
25653
8233
3945
6748
5641
18100
32225
4528
19893
30852
25213
28360
1761
3072
26425
19291
18280
20075
859
14350
3977
81
26284
32619
168
25850
3385
27303
31718
28958
7693
7336
22263
6960
5815
31038
19569
22019
25035
954
16940
14060
30456
20296
10959
20005
7335
6550
11771
24768
29565
1980
8297
16433
25340
4463
1286
6747
20463
11693
26549
445
455
29614
6715
19102
32234
23390
8583
29546
12873
22829
21776
10413
14129
3106
19005
2418
2542
10242
10385
21000
17915
29828
31510
19372
27325
18796
7083
5391
7210
19710
22164
23281
7421
19857
7715
6863
8295
9542
28743
1301
31996
21924
