5000
842
6085
24146
24019
18991
11700
13807
20240
3485
30871
23078
11234
12374
27256
18314
1577
19238
8924
29606
14208
22497
29451
18491
25930
14175
11281
2056
4740
18521
16256
11855
5346
20592
24947
30093
24661
18197
17432
8477
2161
28580
22481
30851
14179
29589
22914
13279
9873
24467
7250
14464
24756
28848
3154
22704
29622
12180
36
23652
4598
518
31186
12990
7318
14627
14055
22166
25596
2412
9008
8792
27081
1123
4251
5294
6536
9075
19056
10228
9865
16692
8246
5153
28107
14628
32594
3281
15437
19758
10842
25404
23577
2379
22557
21462
18085
26008
24908
626
27760
8649
31181
10283
6967
20987
6914
16151
32363
1004
17015
12477
14034
6862
6832
26782
10887
12926
23274
15227
14549
26488
27981
7114
17605
11960
12917
29455
13163
29582
23419
259
263
4642
30765
17502
9326
7475
32028
26761
21435
31862
19957
2946
28444
3031
20237
15752
29453
25935
24800
17464
15811
19750
16954
31721
7171
31789
14852
15725
9325
10532
9657
2410
6316
13272
10893
12235
10613
26810
15321
26509
25442
1554
19221
14249
32099
934
6607
22658
8740
8260
23386
11987
23232
5444
11721
19810
5723
15135
13221
12771
10117
13191
20795
14648
25088
13359
17965
19025
31248
4856
7953
10456
11524
6746
13961
24085
22579
842
1511
25642
28947
770
8568
4674
6630
1290
9428
8468
26454
19768
9532
14625
21567
1339
28996
13797
4230
19256
23156
21849
4013
30243
31934
19690
26382
13453
21520
11176
10980
24649
25317
23368
2448
13320
21263
11119
1066
6900
23190
18082
30883
27610
9081
31903
28799
25538
6698
23749
31024
17886
23135
16059
12723
23612
9958
3345
18508
29324
31172
30317
28357
5855
25372
5884
3900
18116
4116
16152
14383
14418
13294
25908
12100
12146
1266
6658
9153
24432
26691
27334
23834
10317
29940
2303
9058
3322
13956
3235
28350
7455
30219
30810
10527
32746
19039
10190
29001
14279
6153
19232
22986
19395
31426
15690
9208
14891
22952
11749
3654
20969
6023
26517
27249
13055
29732
25265
2030
5958
27941
31088
9791
12982
12385
9156
7444
21791
22145
25077
29649
8838
13880
10856
18004
19589
3567
30589
6668
24356
5347
17458
22447
8204
29505
305
20440
32606
5896
28735
20970
18136
29193
21983
19811
8830
6377
21725
5202
9627
19748
21865
17849
18730
5553
20873
13690
2714
21953
5763
14578
17189
22505
7255
25507
25591
12027
29967
8446
8478
26489
26394
15466
16859
15268
22204
28271
23846
32110
15069
24626
1832
30893
14271
15354
13021
26443
24161
12443
5104
12910
30267
31382
8687
15693
6304
597
19090
23394
4297
10827
14174
29967
830
31263
6977
27234
12743
12151
20441
13673
25867
15883
24047
12812
29329
13045
23718
32096
19582
24409
18653
28738
14675
4896
19115
14290
9201
6643
20349
30362
18575
14366
4420
5327
30193
1212
24319
3565
28553
7604
11985
15537
10349
9147
31543
2771
23679
2841
24480
16819
315
18316
10045
13518
10910
6284
11787
11025
21810
9456
6014
6755
15331
26425
20354
6128
28944
12100
31362
23756
26427
1375
5360
14660
30070
7966
2508
13812
28618
3945
20011
22351
3895
8022
8236
8854
30786
3071
31599
18156
1563
4360
4270
8502
14305
7652
9565
4990
2999
14853
9516
19478
17003
22276
17758
5687
16335
17350
1231
10605
387
18906
32762
24198
32523
23952
25927
24603
14846
29380
27557
206
7936
18776
13585
18906
23462
16554
23200
20167
30108
11407
8484
16399
14947
14787
26953
24926
29655
15107
20417
22231
6736
3938
20983
8811
343
14492
8931
30693
26078
9362
31736
19991
6361
30406
813
32375
20394
14148
7173
23370
19677
5828
30906
27909
12145
14693
1644
30215
25635
996
16971
29364
13189
5133
21790
9750
552
3952
2159
18355
17677
19114
32569
13731
22094
1043
21849
5200
3427
17613
586
30468
13952
22670
30512
3124
4940
24186
8486
12107
6390
28545
2733
26118
13331
30148
24096
7338
2303
28023
26849
11241
27349
245
11114
4960
17738
227
1495
9908
5358
19852
13211
10511
10068
21059
3289
16020
22426
31899
29058
4054
20860
13817
31084
20675
6655
7091
15963
20037
31991
25451
26588
18961
18139
20771
5991
20371
19375
7986
12780
13902
27511
5784
25985
26784
6093
28344
20789
21468
10663
1279
20451
20171
23804
15566
21561
7460
1619
6901
32247
6230
24436
27939
31161
28643
31976
17051
9598
30052
12615
21360
4785
2512
14667
3473
30149
25773
23276
9303
24666
32248
39
16132
11128
134
25418
26474
27594
14018
11957
14945
16894
31114
28634
23866
28824
2438
5090
719
9039
3278
26545
10034
4285
12893
27604
24365
29908
16287
28379
8208
2682
4206
30288
19190
10207
15794
31330
18923
21983
20987
28946
4480
14667
546
5762
30641
14884
23346
28659
483
3271
3701
21245
11770
16593
27849
631
3287
26140
31877
3068
12002
2263
23443
2284
9729
27925
15161
708
984
19068
19259
23045
416
12285
12979
1176
19912
4322
6490
28531
18196
24166
6800
14824
2236
18548
25093
11921
19743
31059
28192
293
5121
23191
15038
30807
6951
3773
14647
31108
12635
23138
15875
8983
27689
9654
19152
16849
8736
11334
6103
20260
25360
6487
29785
14343
11846
13181
6899
23354
20997
29332
21542
12686
17065
14375
25333
16792
19247
25603
31800
7649
380
32170
13335
4905
10411
7745
30943
24335
27168
1568
10234
19459
24504
7806
232
20786
3666
14343
16803
26315
13886
20453
11386
21579
23792
7514
12037
5673
795
14236
17537
23873
314
8782
3973
26151
26719
2476
14624
6113
9180
8053
23346
23457
19481
31347
4959
21757
16234
26243
25295
31657
22224
24863
10719
17111
31148
2501
8586
30552
28914
8256
20856
2431
4377
32122
32150
8853
23085
32240
675
14107
21983
12169
26163
2667
6001
10263
20617
28236
2839
6724
32475
10809
22268
9003
688
1749
9116
12352
4139
25870
18868
18837
23497
26831
30154
21125
25419
25051
16965
17659
24618
6031
18420
13803
7021
24776
30182
23526
26302
2323
5900
30230
30646
7994
3230
30477
18103
23547
1819
6593
21381
31915
24471
10633
17743
8901
24920
27978
20854
14368
24207
32661
9048
14400
30561
22063
13931
5291
5873
876
25170
23447
11046
21919
14152
15970
19871
32617
23545
833
16623
19075
22453
14845
9778
10085
24144
16838
5331
19856
27920
4960
24218
10934
25984
25113
7589
22332
8789
131
2050
30058
27661
2583
30524
16939
26763
5880
28982
5828
9073
26978
27260
15655
1524
21919
17628
10389
25469
1426
8599
5745
23746
18814
32503
8075
17598
2694
11626
3010
25591
12582
12338
24178
18400
9598
10288
5712
26046
4247
32727
17008
18743
27942
2123
22109
3701
30327
25752
8610
14136
253
1043
23619
28860
591
12738
7606
14160
23333
2979
4553
12337
5506
7291
9374
3172
21177
30167
5637
9196
31284
27913
20305
510
4751
27411
25515
25139
29996
12196
19043
28958
12862
28041
18027
6279
24973
28053
2829
4331
19349
7010
12641
23934
1780
31347
28542
1249
10443
29519
21046
13884
23188
5488
6272
7237
17498
18389
28737
24107
23704
32567
21974
28706
12173
24215
23103
25388
7470
25827
1290
28791
3654
29857
15087
5322
10504
13557
6961
5120
12649
15698
32108
7692
22796
7797
14026
12344
29050
9252
9172
4135
26838
20477
30319
12227
9985
10715
25688
30933
30653
15835
30910
21395
16783
22257
18726
12777
12776
1186
13256
1607
10279
23654
7714
6389
6919
20035
20100
10102
14233
32115
26449
5338
5784
23030
17690
992
30021
26892
9949
15756
30777
13498
8363
1747
16452
13409
17791
5896
22527
22570
23570
21196
8321
23178
24186
4277
27546
27582
26055
24420
16892
9180
25638
12439
26049
24910
32040
25389
6359
19609
16054
4256
8974
5327
26857
21813
20150
28659
5012
22481
31548
9741
14079
3264
22886
3307
25142
16996
25294
19617
11257
9228
318
20620
11429
14893
18323
24611
20823
11133
29888
22074
5422
23335
32667
8537
19882
9212
10932
24429
17992
32151
31596
5667
13771
21323
24285
16663
17565
30313
28003
13509
25128
25107
14144
15471
7149
9059
31039
10606
21048
11184
11328
10368
16245
18224
27414
30488
22458
4057
11881
19334
7006
18412
28827
17710
17707
7061
13832
16092
23179
12108
7457
21345
15096
28505
5517
788
11006
30620
25216
22391
14510
30355
23790
2168
16793
28413
14068
17353
24578
10983
30341
19384
14369
11316
31825
17974
2592
24847
14239
4857
12340
23646
23242
2311
21623
30575
2512
18332
8347
25715
3868
29745
9915
7304
31549
16894
19767
31327
22244
29612
19798
29432
28329
20672
13613
150
11240
7083
20783
24211
27291
17491
4391
22735
10250
8646
18947
12313
21326
11826
3186
30256
30133
6121
7103
9203
8718
6228
7717
258
6723
8358
9617
4862
21362
12770
6329
3247
3175
11745
14183
13652
21341
23857
9991
26566
1507
7986
8080
28041
29973
20977
769
20952
9414
9781
431
9745
22834
11732
7239
19999
16765
2060
23567
5909
13335
7029
31471
5814
30546
5967
9419
14531
28496
5592
29191
5199
2553
14812
13111
22247
8
5331
3334
8741
11990
9790
8575
3394
20217
28979
2926
12915
11664
16435
27535
6101
2143
31664
15648
9690
29093
9352
31440
13336
9569
9139
7184
5939
14329
23361
2847
10205
22880
9057
13199
52
995
20523
30203
25799
20688
28337
3945
12154
28041
10166
7671
904
12118
3878
4130
30419
4103
31401
27076
2207
6393
24927
30960
491
10362
1535
13444
13384
17250
31200
10149
2536
18028
30487
13590
15546
19214
17816
3042
16679
30241
15160
8079
2569
6397
25073
21203
2700
14174
32121
24454
28197
7812
7991
28956
21263
2859
9820
30158
10745
6299
7585
28347
18134
25286
22745
26848
31151
31229
8437
28034
32161
11586
7187
22342
15096
19397
7879
3259
3720
18973
29669
29875
31754
15630
4314
7259
7985
26059
14766
19288
17087
30734
19556
12475
16298
19233
10162
4242
5557
13532
7379
32747
5360
23916
8378
14698
6945
11654
5398
1244
22932
18926
32684
15864
6621
22225
14961
17560
9847
18876
8008
18395
25508
860
5245
28872
11011
5804
14859
2960
18574
27760
30524
22172
27311
32061
4741
25852
5956
31661
23481
4517
8813
28042
382
29745
17376
17426
20064
14344
2223
1909
17152
1824
25760
6101
2775
3220
8886
14942
312
21225
24342
3876
2169
20361
2829
1254
25938
15048
12295
8684
6147
7330
9277
29623
19691
19154
27618
27052
6869
20660
5075
16751
16610
26793
30974
21239
14121
11373
1402
30516
15952
23772
14724
32009
2006
23393
30624
11226
14897
16578
30667
227
19343
3125
21895
18776
27510
6043
11226
2218
19310
13724
10242
803
27700
18212
8933
24181
9838
16173
28453
26332
13615
2417
21054
2474
11034
10078
29456
19793
3658
17307
22121
7084
2785
23624
26872
10848
15544
13628
7158
13743
5679
32285
12132
27106
27456
7015
5786
20054
30353
4062
21931
29988
9214
31573
17939
23504
7714
16040
11108
1747
26742
10441
23591
21872
27269
9223
16713
5750
21114
20210
18575
17129
31462
21550
24668
28201
20956
5400
30978
28594
29604
24531
25455
14042
10274
20459
3558
28906
29451
12199
13823
18577
22740
25725
30431
3299
31713
31383
14066
10340
27334
7234
4375
18653
22679
23781
9340
12725
21810
7295
19837
28469
1312
13519
29933
16273
25847
7983
31191
18466
5080
29398
1202
32173
5563
2395
3228
5978
7229
9364
16982
4003
27990
19739
23873
20572
6230
9895
7943
23919
28181
27114
2210
31335
22895
22109
23226
20085
6920
13443
24765
22654
242
15178
17553
21561
29045
31853
2186
13298
24482
3636
6188
235
18101
9275
13545
9771
2829
17554
17961
20315
25457
13728
10112
12645
6559
32317
31439
19129
29792
3644
15755
17462
10415
31123
31937
28787
23360
28978
5327
26663
14044
4913
26273
11427
605
26051
13631
13354
8304
14712
194
19210
8094
27699
28066
32587
9318
8747
32659
10228
8177
7487
8605
21380
21176
15106
22672
29384
5868
21445
13678
31130
20195
12530
8912
20952
6134
24437
6148
14496
32573
23612
29982
5295
763
19818
18418
28084
12282
16252
32421
19396
8097
31873
28645
14916
30382
19229
26520
17188
26205
17378
23511
21600
19576
26482
21697
7321
10809
24560
17021
29976
17712
11161
10802
9015
14795
20916
29096
29823
20070
23495
27987
31054
14159
11705
31367
13991
18409
6840
1552
17439
8608
5182
28566
15042
11865
9
23463
18284
3314
19999
13333
10981
32214
14293
11644
32102
10837
13499
5475
10460
19402
32316
3214
12817
663
17174
23312
1078
27926
12497
17456
22766
23186
4928
10237
29488
25530
14618
1072
28242
14731
14685
21980
30092
7229
29124
31491
31979
19011
400
22692
20395
13813
5774
29487
14910
10151
17735
3538
18466
25679
20486
13136
31535
22441
10427
973
30454
2796
26900
1257
29974
3441
23184
32110
15396
2586
732
18011
26855
2435
9298
12841
2031
24548
13328
7228
22555
3185
31895
32611
28360
26114
30835
15407
4701
24005
6348
32063
32241
1184
29534
12932
27670
12399
17751
29467
5847
20546
12605
32144
22261
13239
18457
27770
1419
11848
12364
26096
19455
25765
3071
19938
32083
8892
13588
6776
24686
15588
15935
875
883
14060
7852
30475
21275
14489
32104
12870
32333
1585
27055
6658
11050
2473
26911
199
14285
2339
15988
20440
31720
20423
8924
25667
7662
7093
14736
23271
18143
7836
30163
12403
16293
27652
3198
11468
13478
7101
2650
25218
16947
10402
18780
21060
26270
9523
822
3526
30033
21593
1027
29159
24399
22260
20079
24349
28064
12282
15157
21032
28994
21699
4765
25349
18822
3014
7661
21469
23130
11585
7683
25385
30538
9857
19458
22497
11337
13268
25364
15935
10440
13707
26163
4825
2878
4071
31342
8480
544
29071
26937
23558
16219
857
28258
5977
31901
15087
31094
14593
5365
28483
4972
14610
15736
24139
2928
23237
26075
14420
2048
18500
19013
4067
21408
5390
13814
9519
21214
14786
28556
23162
18066
22977
28809
7396
20563
5621
1214
13795
29057
14552
5690
10856
15090
9492
17172
29538
29622
4634
21022
25162
10042
32565
24444
25930
21176
17916
23239
24596
8997
28972
9303
15528
17883
22463
1700
8662
6666
26731
7062
29318
19841
11853
29621
23111
26461
5035
4653
25110
32704
6416
30444
13852
27249
11736
30779
11004
31596
10740
18595
4819
16388
5498
9465
16997
11495
28415
18588
17907
5699
31941
6604
15261
24212
18416
9741
19752
28966
1922
25476
18019
1415
17581
13895
11167
19672
16807
6845
16783
32621
14580
11949
18670
8790
18442
27733
5919
23463
22507
22208
6798
8765
6930
32231
1067
13502
18062
12003
21833
4006
21241
848
31007
5468
107
8633
18231
5430
18103
15005
11566
12326
22093
26322
25738
27333
26145
14830
4723
6314
8810
3925
12982
30469
15535
6361
6224
2917
23931
19122
14113
21471
18699
26520
13301
1123
29404
462
10940
1712
5501
19397
32075
27249
642
9879
18320
31289
30947
13852
11678
32292
16163
8747
3267
10276
17197
26853
10557
27581
12275
8825
1666
1573
10672
19128
2754
26477
17158
17374
16460
25710
11820
1043
928
364
30593
22101
15229
10454
32120
15740
16613
11266
22958
31873
24017
31448
1169
31392
17956
19599
22223
22402
31099
3311
2257
32652
20489
320
12107
20268
23083
29255
14607
17332
8828
12622
32200
16758
26013
12543
20845
32419
21533
26717
4846
32119
30965
2628
21181
23678
20727
22205
6248
26643
913
4119
19103
18664
3065
21915
6066
15116
32450
23388
11385
17599
22046
28949
28012
15878
17569
10372
23947
31464
2117
3789
808
26403
9844
6340
29912
18071
15260
28050
26734
10395
13994
16235
20463
15787
12227
9560
17179
28175
3307
2522
1803
10836
20488
11029
7602
23250
15320
2472
9108
11667
7531
7393
28617
9267
22335
514
28560
7746
28936
4177
23558
4033
23437
6496
19937
18417
20398
33
756
11625
10685
15254
26209
32388
24295
868
20273
30313
13043
4099
15624
28042
5093
32164
7972
2706
19825
6598
22585
15411
14118
4568
26521
27083
19278
20233
26965
23191
484
18268
5377
31819
2383
20932
2908
364
2857
28828
26332
28898
11504
8836
3885
2929
14331
22456
28163
32617
19539
28401
14957
15634
22262
28649
28782
14091
8753
32200
25981
6852
2105
2435
24075
5815
11000
8354
6409
132
5581
30702
7227
24655
18994
24955
11577
27081
15465
29332
292
4784
31191
20086
22172
29037
30602
22084
15843
30548
22175
9212
11456
17383
12409
25261
4689
14809
24377
2850
19347
7035
4141
29169
9941
23107
21983
23754
11149
16046
22315
545
12019
6039
911
28752
22383
20896
20812
17420
18044
13188
22247
6057
20607
24239
31021
7405
9714
27820
25209
7789
13004
10716
12381
875
30623
12061
3284
22111
30690
10022
203
27399
8006
22113
16509
31920
9433
6088
26837
16784
26136
22057
18305
22765
2384
7672
25579
47
8918
23600
15179
15432
32644
10126
24339
17026
21937
5161
542
11690
9579
31810
2898
3363
25486
18121
6696
23437
21496
24690
4019
1987
26079
3342
4140
27034
1035
22344
32239
6767
12077
5131
26521
18414
3247
17410
32228
15
9709
11454
17337
4564
15135
1902
5406
24670
31899
26087
3163
17335
30866
27253
19258
14519
26364
2101
4054
18687
27200
18636
24062
3704
31020
13859
21221
26979
3316
22522
8495
14293
15549
21600
31022
8748
9467
21349
4641
26487
7462
10874
23752
25330
15198
18870
30114
22496
15058
10820
3796
1706
22064
16681
28569
1981
24332
4165
7750
4327
16635
8686
1865
2777
2367
21846
1515
14248
12362
2106
31803
29559
2630
32651
4960
29398
28622
6521
21313
9744
16604
8390
30010
15696
78
21116
8957
16028
11094
14288
30761
27029
26355
15730
26157
11853
20801
32203
2412
17971
11519
1975
2487
875
14613
12862
26081
13514
13182
12399
20232
7022
19369
23638
2305
11480
92
8877
27346
22717
904
31997
16162
18094
20088
4151
6385
22918
16931
677
30906
6938
1240
14402
7665
14455
25038
2426
26633
1404
5668
3898
32085
31700
31394
11642
31762
13667
16524
9135
17547
11490
12180
4422
15221
32510
24851
24419
2734
21299
20334
24602
12986
18287
6205
9811
30456
29620
23453
19639
25593
9588
16591
2369
24103
22911
8061
6737
27425
13494
6252
30401
31508
23573
24722
12281
875
6740
1499
18635
23274
11223
10433
827
29578
9475
27362
29775
17422
21879
16321
25082
11450
25046
4919
12338
762
14344
3262
24927
6113
11249
22189
27344
7319
13820
23653
11496
31390
15357
27382
22175
13193
23733
26504
6382
16729
26282
19246
11436
10997
16683
16106
15655
8677
17037
15782
24897
10904
28590
10425
9435
21450
21938
11470
12048
246
30020
1165
30839
23438
21149
6074
2401
25969
29653
2823
4791
5820
20523
30740
10725
27647
16862
25404
406
31248
27626
18456
29138
3891
25986
32448
19488
27729
31343
5342
481
21634
24889
32733
9411
28827
27125
8805
17128
6318
24241
7655
9308
15591
8800
6720
12458
18096
32536
19824
32297
8859
3555
29283
5733
28903
27400
9635
22340
2061
19437
27750
9818
24238
31054
27814
7890
6376
17807
17589
14092
12042
24407
7260
4043
32248
16866
8945
2429
28689
11920
26525
24057
13060
16331
16393
17397
12632
5383
23966
4703
3699
15187
3055
15519
801
5181
7526
26520
4868
27859
24088
11783
25541
28822
29499
28769
9916
19057
29080
25345
7197
18360
5003
160
15069
22941
6650
18341
1477
12752
16354
9561
13870
23520
28250
29662
150
15817
5969
21442
6611
26835
22581
5834
26031
25572
19426
15473
5001
19683
30258
32203
2192
3155
4806
18168
27669
18227
24830
1091
5073
32065
5618
22655
17206
1608
22750
16143
13004
13032
4855
4602
30813
13820
2630
25842
16007
31116
32273
14384
19069
17887
21000
20934
23937
519
431
12646
18357
22744
11680
9457
30447
29680
19607
29593
17782
655
18903
1643
4169
3826
25927
3966
4235
26339
19922
12410
24035
28113
12597
19757
6207
28090
31176
23017
26114
23995
13281
6134
19833
31215
4232
23564
1576
4164
11439
14189
16769
71
27355
27756
23717
30755
16730
10369
23245
32091
542
25672
10637
10349
7123
26030
20181
23849
7361
14632
16337
32400
11339
23060
5235
29086
4829
12635
13538
3616
7341
23317
9789
26145
23706
7571
27679
744
15387
29065
5318
7524
20466
12418
15038
21117
23438
28738
7893
18897
10634
14288
18438
3848
19515
28789
7101
23037
9020
28850
26818
7544
31920
9637
31689
30212
26855
24319
26392
29146
12428
14638
25161
2333
26049
29836
15003
4532
21347
20016
13815
16398
19609
22497
10235
25431
22316
17600
1951
26299
22512
3707
1330
28849
4197
12934
26701
13577
3921
2699
27835
7423
5383
9159
13037
4868
16122
16850
20833
13681
16168
19188
7779
2827
22439
27230
4203
26129
29608
27741
18723
7963
28045
17530
15813
28458
30150
22243
12845
16567
15615
7133
25435
4063
5493
24542
27345
21324
4628
29410
30352
27630
31336
26911
2068
13524
21139
30608
17120
2170
16744
31584
3943
2519
20207
27461
27047
32625
5468
27893
19288
10605
24703
1365
3264
31856
31011
10098
15584
18375
22402
27410
6958
26944
31907
18621
30278
16249
9864
30518
26804
17305
19453
23671
14764
8899
21084
1455
58
25061
24186
21806
8188
24710
24377
8821
30147
7989
28285
9808
26108
4266
6594
31083
30603
13723
28588
6376
4001
21757
14641
24386
11132
26186
23284
20108
5875
25430
23472
11018
11763
20483
8314
8162
5993
17958
8317
591
23093
15154
27111
8347
9002
7298
5975
25199
528
8792
9992
10510
3637
22512
20264
1027
22415
9804
23928
1427
7078
24199
7880
4568
24116
2131
18570
25581
8505
30553
1768
15815
7656
7045
6641
22667
6875
3651
31227
6468
21405
2616
9124
6089
24758
8764
29017
15965
13676
20221
28255
10030
28706
4777
2970
26705
23836
8028
18879
22839
31148
11981
24480
9885
28911
1064
28990
4518
9915
4131
3232
11976
28808
20523
1825
10797
27006
703
9847
974
18994
29454
13886
9262
27811
2434
19735
6987
30890
29655
11497
19116
19996
12978
1299
3544
8275
10473
20696
3993
8291
16894
16300
12926
6447
25857
8730
4589
18601
28714
21716
22453
5232
15126
979
29732
11687
31465
4020
27460
31621
32271
13861
21260
13591
9113
5496
20173
27112
26076
11234
7147
10648
10655
13925
982
2244
13842
15634
1871
25950
11547
32428
14124
637
8933
8629
23878
5603
21238
6263
11606
23088
9371
14217
32326
24861
27100
18577
4190
31490
5893
21959
16120
11385
22079
30744
21071
32351
19421
2853
12161
620
10277
16036
31949
9815
11204
9305
26110
7274
7067
23740
23608
9474
6901
9467
29092
16770
3829
12796
25400
29849
1844
17114
31853
25152
22153
6146
27598
12773
3235
22196
5391
2832
28618
1251
13471
17412
21130
19287
2280
1833
17905
7331
18270
22900
5364
1084
3093
8592
22671
32449
26151
28887
4241
31848
9313
5820
29395
18262
5762
29557
13347
32720
26783
28164
31358
3380
937
29183
25123
4060
6686
1707
27778
4058
6735
21629
3155
9315
10847
15874
30492
28037
2611
8241
30090
14837
7758
15171
8924
21984
9456
20392
8944
7793
5769
7110
21784
1858
13485
27640
12683
15374
14477
7948
6967
12315
29139
28073
15938
4282
848
19424
28665
16960
27722
24397
2471
15849
8995
18920
1032
14634
15200
27413
10106
23110
26991
7996
11898
3593
15476
20237
19811
6099
9873
20403
1023
16840
3558
30249
21309
24820
19494
17202
17145
19668
18404
4987
32400
10280
19839
3027
16219
10762
30168
29827
28092
16916
1078
6913
18541
25286
2889
17266
6952
10617
7839
5611
22519
16746
10114
26622
30264
22577
7510
17441
1918
32242
18686
25881
31634
32344
24185
6172
21298
5340
13786
11733
16905
13644
2373
25616
2870
8518
18411
3049
1797
9687
2740
2738
26060
14906
28810
6265
31761
26328
8724
11187
13485
31707
14802
31933
2164
17439
15555
31497
18498
26204
23636
31367
31274
11518
21410
10551
14672
18549
9438
26216
9668
14603
29414
16156
22807
19486
12350
32613
29471
16062
24884
32165
5139
7088
7155
5731
5725
7006
9479
21510
3073
8196
30331
29106
1033
7612
15831
16704
17262
22713
22534
31164
5326
13378
6348
7661
22837
20302
28794
30954
11556
3189
10754
8447
22308
3816
25256
30195
3983
18494
30471
6420
22440
5973
28288
14582
4614
28057
23489
24610
23757
22778
24022
16246
19137
11832
2761
14768
31721
3512
12279
2027
21130
31578
938
18570
20186
8478
2358
6512
6779
26809
29610
19297
10272
17411
25223
22184
28407
9120
12792
28574
31080
20911
8272
11630
27861
6550
6445
31304
22708
8966
21887
26401
28465
6366
32604
12181
5952
8980
28182
9973
12223
18074
902
6833
13720
25618
19328
18789
15518
28204
397
9243
21975
23856
8577
11030
14568
11422
31882
7171
4252
2303
6127
15850
19022
2177
18022
17607
28034
27025
15609
26656
1346
16849
4721
18258
21930
1986
10194
15025
17552
27167
3094
16181
16806
13275
10199
13048
12371
18752
29833
31790
24533
1450
18363
21813
13447
25273
9590
13197
20687
21889
1737
4570
19091
11788
32369
31068
28690
29635
8173
8435
21137
12117
27778
15602
14164
13447
286
30507
4520
9977
27200
23826
8941
13599
24581
1172
31103
6073
23690
6195
22220
24549
2246
27826
26875
7109
28341
9465
15956
30492
6738
166
8657
32658
11818
19850
24257
24264
29689
25578
11896
13204
25973
12127
12212
17224
16659
9540
2133
31144
2863
25553
11526
31882
1934
2388
24860
15188
26445
16741
4242
25156
6573
10422
4600
17739
382
28377
24981
29217
27231
9831
27752
4713
4207
24011
31667
30639
21111
2763
12052
14235
13828
28150
29143
10616
28104
15825
19984
16286
21396
5447
25013
32750
27684
25646
12290
13135
15493
18
10136
27946
24301
3372
30869
5925
4335
4475
10024
3157
27115
16640
24924
23628
21553
18889
32623
27326
6806
10011
16193
16395
21696
12039
28284
5040
19765
26837
27250
28381
6720
32058
17297
14386
14119
16014
10545
27456
29263
14535
5222
28882
4981
26713
1885
13230
13288
12761
13339
26421
26994
12792
20152
24578
7822
22199
27810
11424
8575
12394
2354
9016
8014
6365
1215
729
27250
30175
24633
27453
10051
19977
27494
22233
26017
15260
3459
7151
6559
11073
18272
31191
31019
10879
4598
12347
26310
29255
3223
21003
22291
29646
32539
3122
295
21152
2054
19508
28002
2542
6526
552
3447
28660
11330
2471
27727
32325
16551
23674
22012
9521
10961
9890
15545
3820
21691
16091
21386
8635
47
7275
3250
25662
22637
26879
5766
17562
30915
13196
21893
20536
29611
17711
29092
28746
15105
22773
31935
7259
12384
15119
6929
26288
14521
22121
29545
30224
967
6194
18844
11559
7995
6729
6876
12851
30331
29184
11335
29678
16051
28240
32440
6577
4166
11034
9118
26724
31076
4504
2839
1572
4002
12098
31783
21995
3465
18254
23605
27564
29600
7521
23981
14764
32366
16458
29217
20534
705
14975
28063
15444
15273
17079
20438
8688
10645
29816
187
30818
27743
10130
23774
27515
770
16766
18334
22030
23822
28468
30036
1491
26945
32237
1435
2112
23093
22239
12304
18469
5003
29261
4064
9894
29966
5264
19462
9954
6923
16108
12291
5341
15322
20310
24295
18621
11546
28489
6673
1847
25229
23917
26260
22495
27852
30617
27395
14439
25969
711
23263
22461
9458
9031
5804
22808
8941
24876
18722
14998
3907
5325
9799
30421
1435
2614
31795
25822
26791
18234
20389
79
26320
9791
7401
31267
23006
2885
15944
26583
21744
27568
31991
4132
28340
13688
3458
25976
5731
5271
14137
16509
22039
21976
12688
27512
2612
27329
31062
7282
1863
23608
18924
21384
7915
7666
12728
3078
14067
10402
1217
66
7976
10624
7232
9828
31955
11245
4925
18843
32367
3038
7941
23777
18378
26159
7647
15512
5127
22111
24344
25037
12912
27089
529
22316
7430
11889
2305
42
16010
309
20529
18719
22705
8618
25568
29637
21462
3001
15386
16819
21604
2262
13657
13574
17168
24036
30732
7741
15542
28885
22757
3931
23302
30784
25059
13482
26080
2662
24877
10541
24342
25757
3818
24344
9029
24803
17954
1772
28562
18099
31462
9265
18707
24690
32533
31048
7445
5051
23803
7750
2552
30321
26186
8521
3721
11870
24385
9212
19224
9407
10762
14166
4482
28275
3721
428
10938
4343
8651
21674
8107
3618
13486
14513
24202
7886
29219
23332
26877
17070
31655
5110
16464
12619
27261
6513
24735
612
1100
27154
16413
29523
30469
22526
17419
3951
4102
23630
13728
1271
7584
13019
10128
25135
30459
19989
13949
18544
16038
18653
27368
22706
19000
5421
30135
427
30448
2683
29318
5755
6922
1631
22677
2974
18901
5352
424
3034
981
24759
22625
14326
2228
28204
16111
4390
13453
1828
27189
9271
22944
9163
32057
32582
2817
1610
23454
20484
25571
25672
12714
9006
22532
6166
3984
1649
11324
17394
821
3044
31729
23105
17695
23369
10755
10549
10577
32723
13310
6203
18118
8383
22153
17040
2365
8513
18662
6778
12278
13378
32447
1830
19032
8979
9950
21332
25594
15776
9509
12717
11644
3337
2268
3621
30298
14020
10939
1961
29684
21675
10561
7931
28628
26983
576
10821
17692
20928
29727
31479
11127
25823
8178
13034
24038
16521
7298
8469
32054
10644
1850
7492
1042
24338
7084
10514
24925
23614
156
4332
10565
32174
6310
17084
11932
15560
866
16312
19664
16429
32355
19396
6807
7086
30853
10839
20404
30391
32383
18577
6124
1134
10591
9569
28920
7322
9274
3423
21966
25808
22309
20016
5782
6526
21223
13095
15175
8254
17022
27113
16097
15418
27043
30526
28407
2436
6567
16556
29724
29107
23875
2857
1536
18453
4430
9274
7035
17286
15778
32029
19656
2275
12597
5024
16799
22460
20152
25937
4667
12780
8336
29534
24421
4547
5651
17775
19586
72
20410
6921
32224
24662
13908
11533
27578
28694
3109
20304
16620
25423
8970
25754
13361
28951
15532
25540
20166
30507
23743
7864
7644
15068
13679
3278
2954
11008
21253
15470
21983
18996
15855
2639
20705
27929
11912
20847
8038
20571
564
19411
20076
10237
14131
12848
9416
876
1634
21487
14922
17639
3120
26318
8654
31162
13986
30902
24693
23852
20280
21991
29858
23423
26086
16571
2447
29952
11004
32666
19694
349
9257
20883
30609
27725
4893
30552
27482
32075
1060
18320
31610
32285
2273
21878
2021
30281
19801
15443
17235
128
21959
1003
18368
7503
395
7635
18621
8549
8160
31632
32647
10585
3480
26387
20150
2232
10585
9138
18677
31184
20466
8203
13719
31347
16349
89
12287
15802
1771
5743
14463
28616
28940
30606
30012
16748
7528
24643
15127
15980
4658
4825
9905
28651
32052
25930
15094
28799
31298
28827
27325
6455
14964
32617
31439
9613
4905
4337
5560
4255
13222
27803
12584
1120
16362
30786
10755
13191
17174
15998
1403
12282
21814
3751
17955
14402
21911
27535
21366
23009
4026
17377
25404
26671
6211
27919
20074
1755
17850
13853
27331
11430
12836
6537
9386
12616
1866
1359
18759
838
2278
17659
22028
21800
10609
26896
29880
15352
30851
16168
6380
31747
16473
19978
14149
19814
1124
2045
95
25773
19972
27303
10337
15053
26543
6091
11605
23942
25049
27483
11175
25136
5830
26060
1272
10197
11030
5767
9313
363
10766
32139
16629
20102
24398
3280
28724
3416
5933
1518
