12000
18612
32537
26109
19758
19381
17077
4777
22835
30792
28883
8886
10244
3058
31323
4067
22309
8709
13528
25590
7576
10585
31261
19741
28443
5058
14795
16656
879
21473
15555
30003
24104
23623
7968
25829
27008
25541
1709
7946
4208
26426
16847
17952
26768
24678
28744
27654
17595
14589
29241
20317
26499
16515
19382
23576
28575
7698
26443
21927
11380
21123
30030
15811
19286
14391
21187
28974
31216
29730
17393
13594
26400
4045
4008
23754
11716
23262
19143
21265
24136
25212
13552
6411
22930
16941
8436
32445
9486
24645
23958
22127
18910
2035
19469
1578
24023
4831
19586
30286
20352
6279
27508
31760
20980
24127
31625
30328
7266
32459
10572
17470
27980
16199
3056
26120
31803
31832
31367
29297
16705
1504
6368
4908
21511
2938
24594
12845
5185
7090
12972
8084
12823
11794
10075
10121
6454
14569
12126
31970
16063
21230
23786
11973
28626
3870
31260
28486
1720
3243
19913
28375
12837
10604
19790
12526
17698
23001
13081
16596
11213
15500
26364
23224
17021
2735
18496
15274
1507
10626
3492
26698
111
7474
27883
15168
20103
90
21579
9186
17202
14944
14806
31691
2797
22685
10015
30916
30551
30337
29678
3899
21863
15259
24196
25524
16554
19664
5537
2535
30588
8656
8369
37
8401
30036
26911
28832
31227
1321
21733
2108
29004
11907
15720
31592
29696
25230
3752
14195
29362
13287
18554
1318
18313
16813
23724
19005
9258
19572
27795
1951
18452
26944
14652
23485
4680
29567
20183
17866
16018
17483
25426
25208
20988
29416
28323
9485
9727
1906
16375
20713
5402
27550
19128
14309
8891
7369
3752
13126
12986
23036
23907
32019
20001
28387
8244
22038
18381
5929
19638
24156
30210
20517
22247
21818
20280
28389
7037
28171
7767
20038
23933
28565
8335
29916
23585
14950
23699
28722
2687
10171
22699
17428
18071
367
9318
463
28351
4889
764
19554
24791
27885
13621
2804
29377
15397
13262
24707
24362
27167
13899
592
22410
86
963
15450
25795
18169
29118
9247
1835
27646
21747
3594
2076
17623
1430
15343
20507
5026
8355
4095
30655
10815
29855
22042
13791
521
3491
22685
28387
6699
27932
22566
11370
20593
9628
26048
3115
14816
23762
12263
12601
11418
11346
24353
3178
9542
9701
17035
14142
11317
8309
11925
14487
12396
12993
30507
3779
29237
9194
25316
23049
20572
12107
4710
4475
23056
26457
724
31228
4565
798
28861
13980
31890
11989
26904
17862
24876
13060
715
20925
5290
27341
5947
20272
20353
32251
14955
29494
29993
10436
53
32575
10423
10310
18792
23967
14210
25965
2194
21443
12756
24138
27354
24106
14229
24100
285
3584
2070
23290
2691
13779
3339
24512
20300
25074
14454
8481
24600
8084
15222
24121
12443
19649
14209
3450
17839
7062
23948
3823
11893
18317
31013
5369
14687
10725
4176
22548
27281
26019
27089
26798
7756
32714
8797
27024
30886
28744
23338
27838
16606
8633
12574
22751
7484
10861
16138
14312
13967
27040
15356
16043
11156
25469
23691
1616
32341
20215
7492
26220
14102
21462
3605
22478
4168
12888
11923
7153
20883
25106
21082
26466
10065
21060
12557
461
18410
12142
8704
30151
18791
6853
722
25687
18704
22948
10418
13627
15386
14592
15186
31725
14920
32615
19640
5063
29761
28691
21814
12045
7386
7153
30902
16632
311
2210
22897
7289
11824
13838
32019
22151
17293
20926
10402
30425
4005
10110
15671
11583
11800
3683
16645
32347
4597
2038
29386
22092
6003
29445
12993
14627
7239
15887
23818
15598
16142
4906
10571
19539
5242
9210
11054
10091
23974
16377
7671
12949
26525
10003
22727
30345
7474
27230
4826
7818
31483
26539
26585
19210
31539
10877
31412
30572
13314
21456
15937
11403
3014
32176
4179
31531
25186
24575
12133
6404
30471
13748
26272
20454
25287
12233
26510
11650
1282
15229
27533
23187
22650
11097
13505
30459
29233
3007
11247
26146
10215
17909
22121
29935
16347
21204
138
28585
9810
26969
13526
5099
26743
19756
4663
2158
2237
5808
16892
18114
19739
21757
21558
6947
1368
23333
28150
3136
6299
12859
31742
14334
24639
32258
1629
11075
26336
28064
813
14364
3151
9585
435
21345
10732
25576
25420
22208
18595
27226
11361
3679
10546
11836
20657
25644
14586
22527
14107
3616
9440
22772
20414
22724
9879
7747
13142
12058
30842
14768
18128
707
26320
5925
9833
4412
18406
22278
8023
10923
8784
17582
30629
27769
22813
31774
622
9977
9316
17115
13586
9817
32485
7138
12320
13364
689
16863
27996
24497
32167
20088
7377
11290
17820
8648
29016
3322
27122
5203
10888
8534
14397
12055
16711
18114
9349
8457
27255
2035
14650
4551
32222
15200
28048
2954
16385
12243
1772
6128
10029
30910
19606
15556
15953
31256
8414
8561
23698
28275
6350
8656
24527
9026
8182
32426
8729
18147
19515
30474
6639
16550
18776
9986
5841
19946
8454
15457
13369
8229
25813
27023
9702
3117
2678
32447
3776
11771
14370
26297
32696
11617
12252
24292
8438
21141
3755
26081
2856
3902
31583
23074
20954
32741
27107
8631
220
4389
14135
31182
10743
30900
28423
25476
10362
13541
8481
19922
7438
28616
23069
10718
18004
7525
28902
15589
3237
15952
24020
9018
15543
5128
20290
11698
12446
18885
27090
1923
9643
32479
1863
4317
12162
14128
17929
227
19649
21533
23387
24588
4936
5844
25105
13122
12286
14053
11075
3991
2476
18839
31319
8158
27031
5828
21213
14485
32432
11341
29292
13436
27962
891
30694
11173
4589
27816
17539
23547
30721
3869
5310
17990
9237
10338
7987
25924
18160
16196
11981
7355
9602
17004
15972
12849
19575
22289
16832
26985
30724
28366
10200
20861
5626
32096
10252
29505
3577
14574
20272
15597
28514
16149
2722
7744
11909
31188
30815
26614
17611
9642
14860
882
17315
25674
16210
7413
20060
21998
7539
12720
16826
13600
20706
15977
2804
25173
1446
14893
19895
11444
16959
5328
949
31098
6676
29914
6227
14131
16478
31945
23742
1727
1743
7633
23864
3323
30953
13264
313
6430
19740
31456
20001
25992
5104
25363
26495
17356
9994
4069
20918
32554
8048
20101
6776
12941
826
18258
9205
23266
1586
25932
18509
5263
27541
6932
3494
18457
20035
17245
3280
7144
11538
24092
655
20321
29918
6038
18027
10130
13311
29108
13466
29567
18754
22794
31691
4375
11953
28434
12600
27865
12213
28714
5821
19619
6787
5416
23782
12759
31109
2709
17082
15410
31495
16574
5694
15378
25119
6971
15761
14367
12211
26565
5997
8336
26276
24548
8390
12586
128
9922
13118
17816
21818
27370
16578
22485
25046
5744
3899
17669
21083
18232
21482
11630
16815
8072
16518
8895
31584
27974
25328
2315
4641
18096
25689
16058
15273
20331
5174
9663
959
26706
2757
20316
14573
18162
10445
25970
31641
25744
12536
5526
20336
3068
26946
13111
9856
4936
32484
9366
6628
27677
10806
12829
9836
2528
9598
27880
21195
25692
5356
16493
21616
3771
4787
19060
19974
14412
16487
21550
12881
21309
28442
3725
17194
2501
14273
22871
24604
3586
6271
17381
26584
12137
19277
1653
13819
31928
7144
20302
22768
15649
15051
20275
5164
10456
31219
28234
5232
8483
27231
304
10439
7469
32306
3361
4297
2046
10094
10746
15082
31837
11745
12399
21863
12356
19871
31004
30266
7350
4203
32712
29154
28473
13032
6270
25194
16904
29871
20059
12316
31243
10470
2426
8876
14471
7739
5318
24335
11587
9679
28813
16452
14309
15695
19427
10234
11024
11332
30363
27052
10436
24044
6463
7251
1051
18667
26676
6901
31715
13494
31730
32085
23596
32212
26543
28260
21546
9344
4620
24135
9583
29413
12669
22695
16819
8977
7939
1483
4202
9269
318
8085
12892
25902
31055
22489
31854
10455
19546
6126
5431
8249
6685
26338
9125
7051
29122
355
21867
4558
13100
18086
14995
16084
16270
1405
5148
18289
14834
17667
20433
14010
6811
23809
655
25295
11977
13839
18387
25531
30212
12817
6629
26833
14027
16168
22147
27138
22123
31595
4696
2567
8374
1413
10253
29604
29567
31839
1254
16890
8961
27569
31534
19176
29999
29801
3481
21381
1373
14969
4394
30089
7565
4565
5439
30488
31241
1490
12340
6065
3625
24760
12119
24333
11637
5679
22376
8679
13302
21429
14470
3132
3655
14738
25435
13660
16801
8329
17569
25010
2315
21116
12598
13565
11790
11826
27620
12967
7455
27726
8567
1587
29740
117
1216
30940
4902
30165
10320
25469
4317
1016
1749
12801
6339
20023
21328
3351
30773
15857
31375
22317
22037
26275
4840
11988
1082
12698
30532
3610
19314
1593
25873
2416
15
15508
6538
27577
29141
8784
24685
7987
9562
17799
10835
1416
3613
8533
1850
32128
4412
5222
28341
26931
11464
28393
5162
12090
2876
29878
10459
7521
22893
22276
6131
19453
27495
9802
13448
456
4316
23280
26203
29790
26632
19791
26409
17923
9699
17738
27086
31741
26780
543
5681
2688
30302
13884
14376
17166
992
1401
15237
1117
4282
24165
19666
8063
3420
17839
13620
29310
2651
14468
11124
30628
17982
509
11711
25189
7727
10965
375
17393
12614
21016
27763
50
14940
10259
16207
11406
18342
4088
22461
19413
24758
17115
14839
31465
1589
26309
27257
22136
18029
8206
29299
455
4458
4797
23994
2283
28199
3882
6126
14680
29959
3463
3652
4268
29650
9350
10220
4740
5606
29118
23264
27703
31828
23198
15435
31498
7808
31076
3381
28222
32592
13869
21801
31068
31767
8226
12275
11806
15952
19551
852
5700
13901
9361
28850
9163
9668
23622
2475
1350
22252
18309
29937
30477
4849
6501
20095
28693
24106
24490
24437
30915
21528
23188
20589
22498
21080
26312
31799
24106
1799
7936
3138
11545
12712
19519
17395
12663
29180
14845
11933
1152
3805
15138
11457
26691
7122
28248
23176
10212
7250
17325
32154
455
13316
9599
9162
32256
29997
17398
6371
25709
12417
23608
3343
27252
8929
30879
21437
19196
28589
29422
20927
14495
20527
26164
6203
23394
1518
1756
10220
11467
28034
19703
20220
22027
30169
541
32419
7116
11934
345
28757
7702
18186
32039
26142
9807
18715
11969
23199
31427
1838
10742
10670
28595
4274
28965
24846
1776
19669
4161
18771
25145
615
20263
24316
26784
7438
2537
11885
24954
21205
14930
4247
29293
3254
10183
15968
21607
22123
21656
6251
21564
15908
15071
2614
17774
29835
9414
11108
30754
24952
8626
17337
14756
6075
18973
10884
10522
4066
11771
19123
21315
12371
8619
24601
27534
23815
17525
16914
24917
20630
13092
10732
27721
1284
13263
11999
22154
31355
24547
30537
9252
17673
19783
25381
20148
15063
15880
1890
22990
18401
17698
1316
26391
4016
12494
16774
23765
28679
28136
7571
29229
7537
25036
22122
27543
29944
27917
17799
22560
27889
25848
2740
20291
2433
8457
3144
16808
26145
20757
31540
26574
8296
180
21608
22998
19301
25864
28589
27488
7570
2095
10975
13941
158
1254
9907
26050
16518
14905
4129
595
6939
3953
18638
23570
3354
29332
18870
20438
4731
21504
25930
5005
28769
31790
7277
19182
4985
16940
25728
14268
18977
2403
649
22340
14611
25603
13931
7468
6860
8524
23970
21877
25137
16911
22665
20811
16297
13274
6286
21726
13535
29849
20301
10499
20827
20800
28641
3603
15561
3602
9181
2081
28095
30907
5805
12759
31398
20481
10130
8516
117
12338
383
21688
866
13628
17926
15728
457
27155
14340
29212
25886
22499
18723
11462
29852
3482
4592
1597
23952
27761
4595
18518
31065
15794
3109
4803
22120
18349
25663
6399
1242
10663
11425
25505
25259
19565
30612
10875
5066
12856
21690
4358
29051
846
20381
14156
571
21808
15465
32529
25975
22870
12963
13526
4999
6670
16737
18178
1625
28018
18160
23905
6071
25855
10088
17677
3934
16948
29325
29699
23511
10706
10695
4276
12013
31081
4938
27674
2983
21740
186
20153
29392
10259
20438
30613
6582
13280
27636
17252
11561
20731
4587
8891
4900
13914
15339
19961
25774
11103
15727
31136
26993
32644
30445
11779
21497
7516
12389
13305
29818
1498
11752
20255
19721
24720
22433
3597
30586
18129
13796
5583
23839
29336
21691
26774
7152
30814
21402
10995
28490
20360
22912
17588
24240
3480
32048
26456
19896
14352
29278
20135
9849
13610
14246
31735
21138
16556
2248
8008
11398
14612
5082
21734
9445
31930
3906
8123
10961
14692
7397
23394
28026
4411
27933
15867
22169
30964
32632
4161
11549
26375
24354
13144
5631
9959
7911
8033
13662
12163
434
16403
27951
24374
8422
6835
31133
30443
6265
24394
14610
9815
9126
27037
9062
21905
25718
2931
30825
25693
21903
16202
21235
2688
22470
8492
28293
10629
18634
27918
30234
17148
10406
4659
9612
3612
31769
16599
24615
1440
22189
6279
32038
5448
28219
24609
16322
5091
10031
3074
9411
24748
3146
5280
16465
9663
1649
21348
27935
29915
29906
4786
5472
2891
23910
1159
12493
25387
2553
27091
30604
12706
850
21409
25159
4911
12380
5908
11
20738
3484
8189
22571
10879
16949
28735
398
30212
18870
11795
31267
7989
29724
24419
22619
3715
28425
19104
7413
17355
18994
20037
32565
16904
5915
4146
6601
13101
8771
17561
16389
8406
15220
22640
4439
2546
7252
2761
19802
27030
12071
30890
24482
17174
457
21401
31318
28081
5909
31029
23164
24141
23145
17245
32352
18547
17479
20666
21642
26799
19318
62
815
4886
6370
10384
4871
17453
20106
18373
22246
21832
11515
15385
24931
6333
525
7250
4653
18044
8191
4284
14940
3940
2139
360
28414
32224
27987
3967
31794
7681
11000
27250
23915
557
17726
15395
32697
20490
16171
24818
23225
11702
7525
12650
30211
3491
8417
25580
18583
9062
27543
21833
14050
6354
32597
19270
20822
3711
32029
31168
15545
20902
25081
3989
22722
9083
19200
13484
4460
10079
6191
23851
18981
15506
28655
3162
10393
13002
27009
5127
15108
9986
25117
9156
3752
18573
9510
3911
11911
18104
21591
31278
28602
10897
31666
10990
3976
15675
29823
4463
32625
21455
14424
13167
31433
23447
32317
26786
3682
22344
28810
20083
20994
4223
26953
5450
5169
5797
32560
17965
3891
32382
12424
15922
13470
16852
10663
32534
12549
19344
3745
15263
9783
12508
18212
26916
5137
29841
16419
24060
16290
4114
25037
7227
15309
5095
26238
3578
27298
2584
5417
1848
13144
9711
1711
22536
19224
16315
26268
31515
27634
124
13023
14959
4702
15066
31571
14501
17652
9492
17857
23577
7295
23395
13378
9673
7186
27831
13485
27511
4420
12303
24089
20174
4080
1583
11217
1522
2121
12570
20793
22006
830
9835
22916
5571
4607
21310
26608
2402
4724
22798
22770
8523
20559
18763
23736
27406
6712
24946
12697
13937
24648
20677
15009
25652
22163
11007
4215
16665
2781
24642
8748
24882
32363
22028
18565
13746
762
7397
11159
13010
21766
17041
24837
22993
31183
32281
9685
29335
31597
21147
20208
14132
22494
12221
14736
12792
19259
15859
22411
9270
24685
32327
3700
25264
8270
18755
25399
651
9318
26947
16919
18170
12904
3780
21015
16399
32502
27071
2602
8425
1584
3277
2527
946
7537
15763
26390
31298
10503
28508
20054
8866
28582
1787
8801
12828
1626
4456
23284
18090
19402
18640
3319
31293
11593
9751
18596
6250
5440
16346
19341
2847
3511
14606
14739
29674
20093
32444
8610
12645
30166
9860
1818
32407
21263
32546
11381
6811
26613
7737
16887
3424
1553
954
13830
7469
456
12360
21253
32308
13604
24286
7868
21572
8597
19856
10277
12665
5868
25344
2331
3796
4740
558
28765
26355
21935
439
14021
24074
12559
27564
28585
4799
21503
13324
30864
778
3600
15529
4350
30832
12235
28539
12190
3515
7954
21232
10238
26809
7754
5441
20254
13172
14772
6918
28472
28177
17821
14998
6358
26889
1692
9348
29787
2159
22485
4055
7245
106
17289
32247
6774
14835
2384
20617
16247
4789
5010
24465
7485
13661
15584
4127
27813
6867
27989
5907
22611
23281
25113
1374
15420
14517
26501
5231
32523
963
5559
23350
26901
31237
22074
14050
28200
14357
24849
12251
31305
23431
8495
9095
4861
125
23424
11872
29940
2829
1055
11564
27924
1128
29822
8304
10550
22048
8643
3519
20129
4338
21195
17042
18741
1175
24068
2286
32228
19189
426
26123
7775
26074
26121
1888
22197
9364
3564
12747
31310
23052
28584
31295
31777
28517
18144
8451
24387
15557
23530
12373
25038
15742
26873
11322
32534
29258
16291
3872
7721
25642
4076
27820
27244
3056
26818
11107
1955
7161
28353
17838
3136
31722
30444
6154
32747
14114
16215
11653
8414
6989
8245
24794
11228
12949
22911
26027
20779
2788
6416
10446
19171
18265
19444
15851
28825
27503
17147
25761
11162
2611
4674
12315
30183
32704
20542
7269
32586
9753
273
5431
7576
7862
1538
22991
1035
9166
25179
29908
27836
2039
13074
5008
19854
24044
13889
21147
23369
23189
31131
11768
3763
26954
7331
29005
18035
20141
1717
2473
23464
21937
11390
9490
7979
6063
15013
869
14847
24666
21958
586
20177
3384
30339
18056
11151
21480
15530
30985
28709
12178
26297
10078
6629
3126
30086
3537
11497
15296
16014
13254
3592
6798
10663
13620
12032
29881
20234
18556
16678
30960
4078
11037
9716
27910
5046
2298
12657
5721
26072
11568
29989
9067
22204
17752
4381
11742
30461
31756
2841
20483
15583
19987
3730
8286
24472
15993
10691
30320
15854
559
24868
29162
14133
13210
12677
18290
843
12857
11811
5001
6847
31787
31752
15059
7619
26334
29363
30244
10788
22253
32282
28467
16524
31152
6092
16325
6293
25014
4184
31860
30095
23936
15004
21056
4768
19746
18931
25149
2537
16149
24951
22711
2075
1752
15561
11837
16041
16755
15907
7399
88
18961
4959
23250
3451
32193
22109
23312
29185
27551
22742
27476
255
6490
6133
31875
31836
27129
22704
2399
2006
14462
30758
13561
5438
20760
5558
18814
12263
10618
29900
2298
32195
30318
21057
3242
17047
25079
24092
26245
18264
220
2565
22698
28181
5359
19435
13534
32622
4081
24037
10878
10376
2779
28291
4622
29156
30583
22583
5256
11170
7899
26095
2710
11816
22629
14019
12042
22910
27487
29006
17142
14351
6285
28285
20003
19801
29949
31400
32676
6875
22191
14980
25418
12232
19627
1522
5673
4238
19832
10697
15866
13732
22530
17218
22962
29170
16283
6915
14269
6865
6259
3690
26647
21696
8698
1983
4017
17289
1578
19687
29202
28017
2598
13334
6817
17514
29003
7124
28247
3983
25196
31961
28332
26209
1001
5578
10953
7122
14772
3246
3837
21746
3829
8278
19301
8207
29416
352
11187
10762
22859
12427
27804
9574
27281
16843
32465
20137
16386
22233
330
10615
31155
365
24399
15355
2954
5203
8510
31118
24631
27931
924
31941
11844
29082
23044
30515
20680
12939
6201
17764
23936
19825
16625
9400
1088
2762
11806
30125
23469
19985
23401
30100
23607
21648
6373
27249
12546
5583
16663
4589
18629
24318
12868
4036
7039
28908
13152
1699
340
12873
25951
25128
5062
4224
15053
5943
18784
21361
31429
17703
22550
9656
26633
12583
8749
2466
15705
16805
6959
3375
16059
30201
27062
17518
17182
31938
27895
24823
22422
30274
24189
7234
1941
31857
6657
30721
29227
9996
18120
12861
6038
6135
2997
7636
20024
16592
25524
16978
5357
8545
6819
15651
20169
14615
27928
18751
11005
21412
19138
28873
11206
21963
29376
10315
1834
5766
26002
10707
6290
24541
25910
822
23868
18046
3222
13199
32182
22239
15944
4646
23817
4116
23901
13093
17434
9951
32102
31897
122
20351
1686
11152
11358
26915
6590
24012
24472
2100
19907
19908
10541
4494
25183
14993
19662
4559
19070
11376
23961
30739
8322
28430
6409
6336
30220
5279
11701
17850
8402
3618
18143
791
10444
5110
8020
27870
31796
19819
14378
32251
14156
7138
18870
5069
24747
20279
29614
31911
19779
8329
14603
6923
17387
21640
18878
23231
21478
23905
31105
18103
32475
15833
28981
25221
3790
21861
15971
9204
3169
8470
30559
8845
12507
30668
14888
774
14759
32266
1467
7009
16272
19642
3874
20001
24237
19956
2756
6668
11590
27976
32304
20081
2223
18695
13776
29092
462
8331
15201
29145
13919
9964
4
834
17461
16232
23603
27729
29644
31408
2302
12173
19507
11822
1865
29856
2175
21424
8244
29920
32709
24208
5947
7216
31865
23937
27452
29080
19113
4178
12905
30477
9120
32107
32404
16883
26133
1005
19119
14185
26002
5009
19756
14684
30467
3252
21083
28399
30224
12357
5612
22278
23417
2915
15727
32645
23547
22892
10178
29006
58
25330
27504
10919
24225
30511
4958
31448
28328
20860
29117
14088
13835
9089
25738
3530
13727
5202
30692
7720
32439
15918
25171
6308
17231
30784
31652
21732
5910
19366
10049
2755
23766
14849
9830
28316
21645
31137
22193
15348
27385
11188
3997
29576
28682
12876
31119
5674
5145
482
7329
15491
2984
27177
29606
16519
14443
8644
15440
5818
15742
31113
30471
6110
8717
10053
32174
17243
4624
3621
29204
5438
15621
21264
21624
22141
2576
23678
28066
4124
4967
10681
22020
21087
16128
6862
30932
15927
12640
27548
25859
8689
24757
30646
18800
2742
28878
23784
22517
26013
9428
21839
3792
21816
5315
32289
27244
23955
22471
18561
20397
26212
24367
625
22351
20962
3556
10008
16815
12868
30765
20328
20550
14182
3639
3006
2417
8160
12099
18435
31991
30809
2003
4085
364
23665
19718
3201
9075
10909
6692
28527
19771
28672
23134
12112
19635
1117
16367
5722
4894
14265
25356
15932
19060
9536
18310
13392
9344
976
15567
321
14755
22411
13723
223
21430
9222
13670
4960
9182
20111
32729
11858
20412
30181
7628
21777
30447
16862
29691
6928
12025
27960
32758
7770
6811
30331
2499
31942
11132
1415
23280
16786
25897
18589
4662
13937
5319
10532
6656
8763
7147
32127
27592
4733
22506
26196
5455
2782
22654
28694
22543
20926
11884
14048
23068
1622
3131
1402
493
9221
14159
18692
22278
7551
28048
5439
10020
26802
14864
10199
1076
27096
1346
25721
29853
14799
3207
21081
1551
26323
29076
12437
3714
7466
544
3233
11273
25430
25329
31409
18539
5946
3410
11809
11214
17921
24142
2316
2815
23132
22442
30900
31171
2593
12676
1860
16676
23275
26880
30647
23963
6032
4762
19555
2740
29606
15226
30155
13428
638
2961
10993
20412
18578
16715
2672
32311
12816
20649
27564
23707
13124
19762
7540
10002
15380
13352
25468
15461
2944
6330
12762
4221
25739
22205
18818
4133
10850
12319
15106
22112
21891
17368
20266
12497
15063
21929
3952
24925
9291
18159
7800
23985
15008
28094
27244
28084
29296
6203
11033
26335
16055
5505
7963
21386
27552
22959
27371
23968
11771
6035
4505
20116
21569
9990
16831
13931
12978
15169
3103
8930
27235
23352
14219
24045
8714
29528
14605
26667
26849
13364
21666
22811
4020
20212
20792
28173
3560
9944
1598
26547
16526
12110
2903
30988
1893
11142
9908
7911
11252
27240
4642
21933
28889
25712
8725
29040
3154
13209
14892
12107
21973
7629
25887
21192
2922
15500
28172
4008
25494
14503
21128
4855
26834
16844
9615
11983
11706
19503
17252
19158
30686
15062
28027
8843
22436
20924
14907
32234
5216
24598
20643
31407
29408
26325
12747
12838
26632
18957
21468
16067
6640
18474
28926
516
17474
28519
11791
211
19502
2727
15649
25733
25794
12166
27574
9000
6005
20657
5544
2597
24824
27526
5344
7741
21467
25100
17617
6004
18323
1247
8846
2466
30475
2043
20346
25604
18005
14214
5357
29710
21512
3370
3977
14419
11919
20778
28675
10297
7215
11209
5422
6219
19610
23183
21960
13382
4447
20752
20072
30583
17525
18868
26969
26424
8217
4464
22007
22101
30072
24389
4406
28922
20287
464
5120
15955
7321
31975
32572
25923
2059
7679
22349
26274
1683
18991
17216
24919
32406
20478
13252
24351
8345
8455
10461
13140
27499
2054
30542
2746
14462
13414
22936
6314
20558
18105
19173
910
20685
11974
1327
26980
4168
30838
6156
1171
28852
7563
6074
15661
5353
12951
21107
20906
14084
12863
27230
3492
9570
16318
6749
12641
15755
24072
9129
4358
31046
27219
31145
2398
10264
6968
26392
31371
9858
13438
19234
16424
23659
5226
24192
24910
2716
19775
29742
10194
1622
1112
18619
24206
11055
1684
19212
5683
14818
1631
7631
15685
15676
7884
29590
9425
7823
17731
21591
935
1809
1443
30505
19871
13966
11369
17042
21938
7485
2192
9439
971
24749
20447
13193
27289
30219
21878
23619
14249
2006
23524
24021
19931
28800
11290
12134
8790
7760
21888
16069
25094
25058
25029
5455
17956
30226
11065
27961
31912
23661
17144
25542
28047
16986
20405
23179
12016
11412
14843
763
15679
2627
17609
9751
14635
16496
13559
27577
29963
4814
297
25985
18118
26555
19417
9197
18825
31354
2870
11045
23019
26740
31166
5254
30868
25811
31992
17532
30226
10525
3331
8445
4444
8549
6654
14396
31686
8901
29741
19790
29203
4951
17192
346
15460
3884
4854
19791
3727
18635
32611
16168
29256
1066
16490
9811
9795
6925
11384
304
8470
24057
20165
22180
25652
14817
23144
9794
2741
13387
31520
29170
8004
8555
11041
20211
5135
19055
4500
27742
19884
15239
4392
3643
14139
8579
25718
30771
15883
14852
7418
11987
4473
1486
16384
28787
24311
4168
4603
22366
6927
30785
22750
25366
10385
1324
28883
8285
7291
2895
9893
1820
27673
10690
32608
3874
28139
28684
13517
24500
15057
18846
9321
7558
13114
8606
26349
32133
6957
7875
10546
27884
10554
12484
24797
30211
14440
17127
2619
20270
2157
30462
11232
12024
23150
5847
24477
14347
11336
19002
29580
24190
30048
4778
20052
16655
27076
24854
30967
31848
13798
10015
24213
1042
31484
13515
23857
21972
27867
23837
22666
22579
26071
25278
12258
19710
31086
23382
13446
11818
820
19739
14240
12909
10607
4661
28034
12285
11367
23631
28400
13305
22068
12249
20668
32534
18615
1728
27329
28827
18265
11570
8095
26319
17361
31916
30908
6509
14201
23061
27564
3659
163
27229
21433
1866
12935
20623
19581
11880
7835
30941
6348
20483
22886
6737
17415
27510
3336
1303
29765
8915
5522
8000
21697
10810
7502
24775
21566
19400
6616
20589
24884
12993
132
23720
8550
12657
17266
7572
9827
25556
7311
29577
1518
27000
18285
27536
23429
6293
16159
2973
32359
21426
20564
2199
7595
16980
5243
9394
8973
9230
29759
1820
20136
25828
17357
6575
9296
30620
20897
17560
10732
2555
14519
26343
3561
21875
50
22117
22946
24822
7798
29854
14867
27485
16274
25590
11119
27561
18736
27014
12049
21842
8862
1140
6639
31466
22653
24741
4268
17466
2648
25654
925
13543
16014
2992
9670
30059
7332
28547
19701
26572
12437
25119
15157
23981
3585
10945
4481
3742
29539
3001
1458
21775
27613
5147
20441
6647
2349
30702
6304
18986
3199
22604
12457
1821
29003
6058
18995
6220
25926
4003
11644
1766
21993
1111
4729
5499
16087
22769
13496
25917
1980
18145
1251
6874
27802
12851
30368
30260
3786
32230
25757
11559
19582
16435
8892
10958
29608
3122
22353
9859
17246
20393
25321
21498
16487
28994
28583
3889
2950
22974
12109
27103
12993
2180
4216
11816
12660
32572
3364
17443
1643
10772
8535
16793
910
20919
22082
7496
1059
32056
16660
30584
16833
12959
14641
32642
31742
26762
9217
12487
14717
9457
23672
26486
3154
20561
22975
10498
27667
14556
723
14312
8295
31251
8530
8929
6067
14242
23325
1866
29266
4449
25207
9961
3909
25494
1547
23302
32531
24866
29281
13
30946
29300
26351
27688
11756
29135
16150
28461
18291
10422
12456
10668
28353
8910
3097
9413
4905
14401
18827
25714
20556
26282
21063
13137
19580
56
22911
28016
22591
25728
533
4609
25002
24224
30185
30842
25243
14527
9697
31317
8033
11983
23190
25472
10083
18749
2902
12874
5703
10657
3898
10378
29703
145
26748
18203
14125
10663
17251
26058
32639
12293
1409
11872
6854
23616
28137
4528
13105
12155
13018
21824
5999
30264
5517
23967
15311
1186
15044
30644
27824
626
28199
26786
18120
12525
6322
6397
21004
2646
16199
19174
18428
7460
10341
32585
905
19922
9693
24180
30662
13948
855
2787
5695
18188
24679
31736
9694
32729
3040
16346
12262
25955
26738
20268
11336
386
2428
16714
18797
31084
21977
10196
25234
4521
4804
20885
23335
30143
1675
31097
16678
19716
30087
32446
29641
1990
30770
18771
13590
15977
23843
1870
23361
13122
872
31090
1320
7181
10365
23997
11500
27654
13956
3312
23516
18072
9811
7400
25504
28817
1801
17577
9363
16356
22843
11398
11429
24466
26151
17876
18002
11659
7881
3684
14760
3252
27229
1302
10791
6733
10879
9001
9578
16075
32516
3217
22740
10339
28819
3530
9201
11268
31542
29811
12546
1584
1023
5968
27681
13497
13293
6403
8809
29658
30887
11718
26453
6617
409
21112
27923
19425
26346
23178
8808
29161
23085
16292
1332
18399
1354
17488
3998
18129
28846
365
18254
23342
9520
31860
23529
3077
21467
28999
30515
11940
995
19889
19741
12894
15927
10104
14010
6627
15283
26979
5918
18351
19661
3693
24869
22010
12911
7476
7783
26385
27956
12835
23516
10738
1382
12749
19108
30181
3884
1672
23888
9789
5362
4240
6467
12631
22371
18804
22314
31315
14883
15841
27658
1899
20630
2968
24487
25842
16639
12641
14730
4335
18937
12860
27114
23045
14763
20487
25896
5213
404
24458
6818
15414
26574
24965
25931
23273
26672
23922
21394
7736
15355
5158
20576
25046
5862
20532
25340
24595
6618
26470
8541
16957
31640
30610
25292
7279
6491
26706
15575
219
13399
23215
15056
4036
17503
2191
31755
30964
16558
28303
6768
28000
16449
30402
8557
6408
31720
15873
8974
12456
16736
9563
31704
27207
15330
24754
4260
7620
25692
8252
11483
10730
32026
14493
7840
14646
31802
359
9309
7440
29481
4530
23612
5218
9976
16811
6044
16512
14942
31693
19696
2892
11179
16284
7736
17946
2284
14427
23082
26965
24749
8718
5887
20403
1099
31221
11457
9916
19916
25514
23737
1039
28916
22634
25243
16777
22673
8898
710
17412
11727
11195
13017
27702
11449
12243
22163
20992
21056
19775
7644
32039
2255
30970
31583
856
19814
24051
22936
3700
10534
22481
28538
31347
29590
13122
6306
3886
5503
13107
9756
27320
31050
22372
27323
23724
22866
13470
885
458
26184
21556
26875
8381
27271
7137
28744
17420
25302
6205
23513
2241
4366
11704
25907
13509
14703
17239
13642
28592
24456
23716
2183
30609
3010
3258
13595
30473
1349
837
11466
5124
8727
376
12131
12618
21360
31562
32446
28557
21976
23105
5565
570
25800
9665
26617
16455
25289
20201
14081
20423
3406
20494
5807
15995
15126
21987
22926
6564
20675
25388
28057
20722
16682
13248
13829
3307
21641
32005
159
13143
2053
16287
24682
9999
119
6499
25394
25188
20551
9618
31032
31757
23292
26558
9821
18108
29268
31521
5473
11598
17096
24282
875
2449
9739
20897
23410
18859
14140
4566
6951
13330
10706
22345
21594
30813
11621
4112
8030
13969
22870
18743
24341
6373
18019
13039
18087
29084
26618
26247
475
3879
17143
28942
3057
8271
30393
23284
13762
15148
9789
32343
13131
23396
14530
27692
15770
28103
31049
13686
11445
29080
21181
9231
26238
22803
11791
16056
16011
11967
6159
9476
14201
28127
272
2403
27903
12039
21453
9249
11912
2696
30420
3336
3927
32159
31673
32650
10141
12994
28236
23598
9304
16038
16123
6047
14601
32294
31599
6778
13908
2107
27323
6324
24946
3576
5869
2823
20083
18247
20386
11738
5768
25576
21505
14538
9698
20963
1680
10161
29271
31660
9801
18882
913
29237
22613
9011
27622
4397
2002
24265
21254
9486
5090
5803
5103
18434
27137
1738
22941
16924
16659
7637
8862
6173
4550
270
13519
24364
16374
4038
14915
31844
2219
7530
877
30674
10831
18060
5601
4302
15293
21401
32562
13306
20656
24753
5881
12885
4113
24307
27855
24475
7344
17222
27953
6097
24022
9085
3454
6642
30528
27632
1378
15934
2483
3329
19614
28876
174
30757
13210
26565
30783
25352
3422
25689
20912
6677
10921
11777
28205
23226
15325
13853
18409
15144
8349
32201
27254
25234
7118
3771
30919
1718
12719
10627
6660
8158
14899
21806
14893
26253
11173
7496
3875
24898
11032
13337
28915
21503
4699
21853
14561
31501
5936
20588
22315
7565
1301
624
30609
29246
3689
10786
32320
30352
2330
29711
7291
9587
10036
20419
4862
24797
30065
7038
15879
13499
5561
23654
3124
17313
14686
31484
28821
14221
3105
16858
28361
19538
1130
26661
14032
8265
19029
73
10354
2275
10708
12941
6497
13417
22109
11958
29460
2897
6899
14746
19953
15396
18749
8339
5368
21517
8159
17423
18834
23659
25226
20221
32682
10389
22137
26925
1888
30745
8195
5031
32234
17434
10096
26243
4680
31542
3621
4447
18252
19467
1949
13700
23608
27699
26085
20687
4799
8104
25623
14174
11065
26341
2788
6761
31346
2611
700
29572
5149
20434
19540
3901
15358
3814
16287
9041
11068
24641
16361
7225
32362
335
24601
18398
27506
7732
19383
1076
20885
12876
16937
24953
1038
8602
16618
19992
23985
16537
20536
7219
30599
20823
303
8561
7699
18045
8919
14223
3260
22404
28567
21617
3337
1089
5792
9893
8887
22811
3527
4951
24069
25922
13242
26279
10251
12513
26527
19784
10633
3938
25805
6504
11156
16076
17729
11130
12328
15063
18833
31020
2346
5507
7681
8779
8187
6660
2267
123
12110
30500
24753
4598
18404
16656
17448
16696
7210
24434
22497
10211
25138
10186
15128
25249
19883
27834
521
298
28348
2479
32128
21732
21969
21764
4835
8551
6398
5956
21478
23564
7948
13744
28257
25690
17293
27784
26470
26918
12052
5455
18066
7379
6327
13126
27521
2931
3550
4498
6569
1161
8105
29032
15126
30846
12390
20382
11351
29149
15175
16664
4631
22299
18345
825
1603
32707
15983
23298
13009
13191
11776
29651
12132
7995
26787
43
32410
11100
19011
26472
30653
14317
1888
1909
19381
30805
7588
17528
12715
10584
16031
26381
2361
3080
10993
13350
19939
4360
19463
15560
14108
4299
12864
21638
19507
3359
15812
31957
12159
26984
11162
9862
4587
16908
20772
22638
20058
27666
11617
24928
6535
27797
26984
14047
4178
782
17028
13973
11369
13070
10473
2147
21446
6889
29923
14587
24356
11869
21491
22
28094
1668
26820
17832
7713
28993
448
22643
14098
7443
6396
9215
26016
4796
32315
9435
30085
27881
2936
24462
6653
30782
8215
4787
32394
19758
11603
15029
8466
30092
23195
31295
12808
28300
29514
7926
20257
3219
25002
2034
11742
13409
4089
7278
2907
32726
30132
13184
3890
10647
14377
3007
283
900
17448
17035
12046
17243
1859
17500
11515
11358
6387
6794
31516
12133
8517
18884
32642
7837
25064
524
31570
4397
20447
19972
32367
15790
28307
26481
29005
2632
4966
14152
26097
4175
180
4793
5474
9487
19643
2269
30662
4020
1923
30712
17324
6853
26148
31123
30203
11912
19268
1089
22451
2998
24105
28991
3992
1729
12720
21614
18444
386
17623
14940
23926
27449
13706
27735
32511
15039
28641
7440
10362
23645
2554
29560
9242
26909
13308
2909
30501
16470
8591
13527
5070
29717
10264
282
11522
25084
26296
25382
17698
16529
13685
17055
5268
15993
19531
5874
20526
6488
22379
12626
676
19740
28722
32427
23629
8366
31331
16366
7009
4072
12264
23099
20138
28779
18091
21491
3091
27658
22391
20417
29190
807
5684
16306
3632
30635
20249
11374
8693
20636
26325
28941
1402
14798
16668
21974
9267
24711
27630
30799
17352
29570
22537
16069
28984
5809
24881
17488
13483
23465
28003
21952
24590
17813
30141
29301
14237
6050
32406
28561
11243
31290
3610
1276
4328
23078
15608
20018
3746
7587
24730
24659
1297
1308
31481
2024
3651
11518
4286
23200
15753
21298
25161
27948
9944
6169
10603
31077
6466
18880
6558
27966
3545
25517
22412
23952
3245
16349
30571
25478
19744
9524
5549
3570
15186
2596
18009
22033
32679
15583
5743
23175
16447
2676
9912
12467
32499
15782
9960
17549
6652
13385
20478
8686
16691
2471
28038
25130
12963
3974
26955
14701
18282
1046
8477
20588
3526
19758
929
14921
6280
16220
32308
10138
808
18271
22621
24220
21612
17696
17266
22055
9054
11354
22510
4377
16366
27952
16317
8907
1979
24746
8942
9265
16495
18418
21053
26909
28385
5241
19905
30785
19099
25495
20405
13677
29651
31611
9123
20898
13307
20898
13448
18818
8600
1005
18056
32070
8057
6080
6099
2540
6858
3355
3811
28402
18146
23910
21662
22592
21905
16330
14173
97
15940
5981
14399
4904
14972
20478
30924
10068
27437
5769
31702
2546
13032
16409
964
15887
6375
5420
30737
23627
422
14370
32487
24962
937
9535
21253
14866
4671
19544
29088
27878
32256
18167
30319
12077
20728
21864
22975
30738
4469
10560
9003
29810
30555
18984
19784
5825
14925
5843
6172
18790
22037
310
13480
15779
29273
28440
2677
12128
16836
1134
4950
4886
21233
24121
27703
12261
17040
18770
1875
6998
30014
21804
18333
1518
4054
30884
26926
7560
28229
14052
23080
19203
23479
2553
5505
14938
25185
23376
8112
9590
13773
24694
29677
16030
5039
29925
4049
14684
20325
7801
6113
29008
13099
25792
19092
13845
1289
23612
32011
114
12628
13412
5262
14635
27769
11167
6167
15569
4943
22259
27761
21014
27515
20528
1712
16837
32203
14566
767
15937
9859
22792
17511
14138
5347
10893
16978
5226
23718
1570
20742
24929
18940
31721
17156
19740
6890
17633
22633
6865
2761
3350
17265
12883
2373
29492
3678
435
10335
26968
17636
26054
10100
10437
512
31156
19370
11541
3732
11219
28700
23912
17917
1080
2872
7085
24037
3106
16354
16258
21198
11909
18844
19028
2382
11621
24359
934
2044
22010
17771
17260
21558
30692
23715
11919
12999
29673
5472
26409
1647
17969
10468
1394
10640
23161
14356
31736
11776
12437
23005
14492
11011
4957
25348
13268
14447
25568
32597
31456
31850
4333
32379
19566
10028
2673
946
25257
10664
12855
25998
1554
27619
10705
23108
9202
5510
6054
15490
29881
17120
5676
31660
28919
2151
14315
19159
10928
10468
5077
6905
14098
21337
15276
19959
2894
10178
2667
12389
1362
5110
28330
22891
24896
1645
6254
22040
2362
8911
27849
31225
12310
20091
27091
23036
17919
193
18067
27257
3158
9271
30557
21383
23963
22868
10022
17149
8785
9012
1963
28430
15484
21006
19150
23892
15767
2459
23781
1405
19189
6106
22752
27337
28986
10493
27687
11882
26693
1938
25884
20926
3506
3112
24943
32450
19811
6111
14920
680
22158
26637
24242
31600
30973
1012
10116
7123
493
15935
9952
3280
28214
20656
22612
28889
24194
4944
4233
12981
29034
31583
32515
9393
394
26052
28161
10206
27099
23418
17326
190
31706
6253
23814
26520
17411
17379
12247
10727
1144
20284
32202
15108
1099
14421
28983
8760
9602
16145
19390
15363
1480
22323
2796
8601
30329
31383
16774
26653
25122
28238
22890
15476
2363
16941
7633
4561
27065
23076
17928
19081
13154
15226
17063
11679
18318
1615
30761
5636
14499
6881
19080
8794
25623
1321
4020
17745
29962
22817
21509
11174
20849
31452
828
3905
2721
18897
13830
7683
27418
16020
8412
1308
15001
15474
13043
15357
4420
4536
1965
17008
32535
22479
27211
5648
19955
7904
4066
27868
28141
8964
24097
21201
17428
19506
5238
2560
31543
30177
28733
4368
1834
32392
21783
11175
10404
22724
29194
22362
32090
17004
22726
17745
5286
27636
13264
27798
6104
24097
21129
23233
5668
26748
25732
30076
28563
26525
12352
13266
6829
1751
26841
21480
2362
27511
22949
2792
31276
24387
31824
5347
29366
12894
25452
20718
3116
3954
32547
17343
1140
17683
32433
8575
4178
147
12743
14939
9921
29109
29971
17870
24371
1239
32123
22483
7916
19685
6299
19706
2854
29643
13605
14066
5787
32655
9730
24746
2249
9638
13124
15605
11514
28148
28630
32459
13327
28646
16457
20524
29232
11792
27738
16079
15519
4620
28042
12224
11243
32220
14631
7303
28054
13274
7977
3466
4527
32213
2821
17553
18497
19854
24594
3189
9964
28735
25515
28327
31182
16940
20872
13759
6119
2453
32385
9587
14506
25707
2724
13166
22040
30498
25076
31292
22250
2451
29475
13899
8101
23836
5092
26719
2830
24335
16085
23342
24669
26233
19525
18837
12581
10185
9935
3826
13359
10489
9023
31401
6609
3794
12440
26230
24235
30735
31559
11064
23422
23086
20783
29537
4423
28559
4405
881
12073
10554
13588
31969
31643
28062
12106
635
20828
12987
31597
23427
15618
19245
20021
29350
13309
13144
29946
1222
7232
20802
1944
17750
26257
30997
23339
1086
23313
11568
2093
12843
32582
9229
3879
24637
20657
19764
14564
31787
21610
8458
7698
8309
6908
5961
21545
6148
10098
9944
10436
19125
29970
10413
22932
30950
6765
12217
7120
16871
31404
4599
27733
23615
8665
88
24909
13045
6267
8514
18669
13924
22264
29957
743
4568
2392
21983
20633
957
30894
20361
14663
25394
9051
13617
746
21565
2026
3879
31446
25887
5910
18397
18210
5901
29132
1060
3980
30881
30469
16326
22330
24583
2945
11175
22692
982
11271
8263
21509
22604
27261
25199
31378
11763
16075
29936
1103
3717
13185
8548
12115
31991
4562
31604
5375
30879
28111
20872
31598
7070
2897
20759
24125
6721
11760
24390
1068
6907
25463
23253
20239
5872
20049
21637
10668
25208
16766
21914
16760
190
29200
20029
27727
2164
1749
7718
5263
13135
9017
32577
9096
10066
24165
32679
1249
5146
17522
8007
26474
14151
24085
11500
8665
24895
16286
18772
22659
30029
31138
18981
1018
28589
22708
1124
28734
11160
261
13821
16877
30609
26584
16380
6411
27516
24586
640
5845
13061
2955
12384
27441
9696
11361
8255
1653
7950
10948
15975
24582
8799
13267
9911
25745
13708
11823
18068
17461
16866
7639
21846
23038
24587
3737
24761
6740
21449
25381
22040
22170
14946
18148
3439
7308
10557
4208
1435
18270
4204
5714
5097
27396
1618
22679
2237
23796
18
13562
820
16050
18081
15754
28418
19974
25572
2163
8148
31983
1792
22146
29346
13781
1557
14834
21383
32005
18046
21908
23337
5720
6210
4088
31101
32449
12112
25803
18724
11852
8117
22723
11491
2620
20914
29072
17628
513
4886
2808
21789
10366
7702
19317
32160
30173
9003
12899
12627
4166
27273
27535
4548
30859
30827
23352
14880
14468
30498
18700
23152
7501
2901
21653
24443
8080
12013
6651
12360
19422
13822
731
16910
23580
24381
1343
2584
2906
25712
32638
2111
22280
29217
11017
11200
618
9222
12925
12233
23788
22446
14035
7080
24827
9838
9887
20945
243
4479
3279
7240
8793
21204
16476
6694
7314
20866
2947
18563
13447
2225
7045
18440
7721
29567
30868
7271
8616
16362
15543
1569
4230
27002
23722
1619
23454
32513
10915
16532
6758
17528
20448
21147
14703
13893
6811
17442
22542
24464
9773
32038
16080
29638
10369
29493
14110
10663
26629
10050
23186
22655
8544
6867
10383
24600
14371
18188
30026
10724
22716
15244
14069
8892
17271
25764
18588
23389
8516
27132
27333
6475
12106
7343
31325
9131
9352
31649
26099
8622
8414
4953
31799
29718
21194
11001
9071
24830
1121
25291
9702
23897
21775
30714
6685
9512
20809
24285
19406
16062
15039
22509
9362
16465
22224
29969
18955
30277
3085
18239
16614
11194
32127
6533
1675
6719
25508
1776
1281
6045
2402
31563
21636
13886
2348
10790
16266
13210
11686
26827
30808
23488
7966
31019
8802
1300
28536
5723
6969
18474
19460
29742
30469
16684
16863
30299
11251
12190
13593
28223
22918
19766
18486
16775
27616
21431
16220
7586
20696
31154
30831
32396
20788
1271
22988
23022
3019
12885
695
21807
18892
18615
5796
2003
22406
30467
9624
6779
15624
10333
1535
10761
18339
19599
23535
26928
1899
7361
20961
31421
28724
30371
31090
9152
5375
13480
16341
10397
1185
20136
24444
29188
29145
14066
28262
9614
19856
19941
23771
9906
28624
21196
29887
8993
31494
30484
32483
10313
24126
14979
15470
339
28701
24332
15604
32598
12448
29362
28086
22427
16072
28530
20643
24985
11870
19401
21053
23199
28966
14157
28767
28511
25806
31846
12655
15682
10408
12499
27300
25886
29043
16199
12086
11353
18089
11796
15396
16372
31603
16831
6360
5063
4603
15163
4471
9636
27585
23148
30246
21884
25635
10200
9500
24838
8910
159
17351
18586
14020
29330
3732
7958
17154
30672
3372
30300
9354
13732
9805
30925
29055
14790
23125
2016
12921
12333
23266
9763
28244
24000
32698
27530
19251
8420
11694
32537
18759
7456
22449
14916
30885
27567
12745
6995
4552
1673
21111
13280
23080
5602
1553
23035
1400
18770
26752
3525
12684
16424
3808
13547
30960
22057
22419
32119
10131
16472
5926
29996
7321
19346
9938
18955
6451
16254
21806
2635
4224
21971
15731
9499
16674
6693
3033
24313
16215
6141
14329
22416
20386
13018
20433
27917
10405
10488
6683
16586
20993
24217
3280
1135
10287
26125
6415
20676
12580
30688
10995
30844
30114
22792
3893
27568
3375
16125
5603
32502
28566
10135
30584
6484
32200
8430
24889
31531
23453
12038
10771
25951
27339
18890
2886
23947
17879
13742
22636
8876
27456
14615
16600
7270
2860
7527
3917
3991
12546
21378
24985
12172
25536
3372
9845
29516
3926
30389
17031
20850
2839
29336
21949
11676
18953
13610
5672
31999
2723
9299
668
23701
18499
14998
7451
12352
30150
2539
2138
12461
10252
30979
18444
13671
30763
8224
9317
3495
26767
6194
25819
29256
32710
19944
18646
13690
4152
18815
20401
10909
32315
7986
13097
11004
28048
4949
31094
31122
31466
20259
325
24341
31944
10552
22144
26595
5871
14785
8780
14847
4702
22093
7140
11685
24911
21019
12557
1437
30127
19669
30697
22625
7258
5045
19918
7187
23976
21774
14382
24091
21260
13196
23871
29675
19633
13434
30494
27018
13939
22061
18818
16726
31150
25413
7214
12735
19508
4727
21599
23355
3023
30459
7614
28783
5827
28160
32737
7327
24551
6507
17990
14147
29320
11932
4424
20108
14877
28928
13707
25250
31061
3952
14392
7496
21565
11198
19617
88
28240
31293
21742
26034
236
437
27144
13217
3981
17994
2083
12402
3889
9407
20471
7336
81
16566
22088
10770
26004
21630
19715
11900
32008
13249
18379
3273
12933
26537
14018
23057
18849
7550
23921
29581
13459
13754
17580
4815
21057
7233
7180
23773
15979
469
9193
16925
27504
22862
19301
3565
21839
12437
659
29455
22242
30316
31633
16538
13868
10216
9428
19967
6790
30631
23386
25473
26610
27460
12642
11931
1226
29649
7482
14115
28868
11834
21837
25305
4162
25825
12866
22802
10959
32325
11847
28399
28338
30499
31381
9157
22319
579
27682
10960
6831
18232
1968
19043
31744
4031
10562
22758
12375
10166
9778
17176
30780
11071
10758
1119
14369
32570
20145
4040
29352
28377
26554
29765
9804
7964
18897
6969
2820
26351
26432
24229
12773
12673
23756
22981
11397
29405
29838
27624
22434
24458
13815
20102
10058
29350
9415
2601
8235
23012
25931
16727
13025
15231
17399
23762
20802
15653
9350
29441
4235
11412
32106
362
22144
0
3324
30713
21505
14141
5862
30046
12171
9934
21756
19333
10414
12589
31488
13341
17015
5075
26409
8786
10578
31680
8455
29359
2797
3087
5385
24084
16752
14275
26754
23825
18654
26865
25857
4685
2344
28414
11765
5888
8043
26492
20420
6445
4019
1732
6996
10637
25546
18981
27466
17855
10454
20824
5919
25795
1970
22498
9616
6516
3881
16712
2474
2477
24818
24148
23194
10782
15330
19230
15083
30760
18914
21884
315
18913
13260
13004
4763
790
1302
13584
2423
9564
5214
3623
4442
22186
24309
20027
26849
21072
29743
20489
6881
5457
15530
3244
4878
14362
17117
3330
28484
23871
17169
12959
22626
30755
26405
7237
8638
13825
6997
9653
6221
11818
29806
13316
18424
23106
19397
40
28895
19948
27370
21053
23891
21412
32202
25458
21145
9646
19121
12672
3131
3236
24180
23441
18159
7947
16942
19535
13828
20778
20578
15311
14191
28527
12720
21646
18272
31006
19654
18708
12361
18874
28413
26150
21350
2390
24593
7993
12981
26202
30995
25384
18293
1506
16814
8123
10759
959
12265
25739
29168
16156
27516
9882
5106
12589
32089
7509
6623
10973
9356
7822
19285
1542
1140
13176
22728
21987
12720
19637
5477
687
20711
2295
18152
5045
11034
28675
16095
4717
20338
11492
14934
16711
6551
2846
8201
27501
5446
24346
28869
4921
20346
7962
760
7424
27079
10780
11780
20718
24046
28481
9557
22670
12095
1895
4315
19077
6487
5998
18178
3311
23777
11386
25645
29578
28026
20759
7277
10284
24136
20787
14206
15503
2847
9042
26960
681
25699
704
960
31921
3019
17658
32499
6953
14487
1333
23773
5448
2507
3837
23508
8273
28664
21877
31317
3949
14659
7166
24515
10415
23189
31832
2676
13424
17807
7692
13930
7722
538
4232
31570
10565
23687
8781
29472
24187
15180
15803
19552
7916
25179
7883
16623
21879
6967
32351
32417
9993
10184
26112
17399
24154
4934
20867
6174
4878
31538
13742
30186
11089
17564
25638
29211
21926
6334
19359
1389
18047
31118
6757
13851
763
25111
12116
22242
29761
14468
1650
8104
25615
23024
21877
7275
9395
14626
15851
404
11403
20035
4522
17850
28751
31899
31330
29607
14213
3260
3752
26115
29694
4360
29187
11948
5015
32561
23600
7356
18168
9841
21273
16791
24352
11471
1453
938
5411
18475
817
28381
25567
10925
14396
14815
4793
6546
8430
17467
22591
12208
9487
22100
18402
20990
4467
10048
24021
4715
29129
14581
15205
7258
31284
30172
23725
22038
20988
29741
31838
4410
1616
25479
22174
18616
5064
8404
9784
22809
13241
17573
26749
1028
25187
10482
11336
20847
27991
13880
18248
3816
20162
22349
14956
1227
30835
1381
27984
1763
23781
26437
18949
6530
14265
18019
10566
20065
20113
32426
4587
2176
1315
24158
9821
15655
17511
12760
28051
28818
9143
26828
28800
12195
6449
23242
32122
11076
14023
18526
4333
19594
6695
6290
20265
23480
23636
1252
25636
554
6230
27092
25706
15071
6382
21754
15350
31879
19686
21644
29094
4516
13699
13118
29571
29042
1704
17871
22130
464
31741
20879
30238
6169
20553
24606
8915
8980
17809
15719
3517
2802
28572
3612
25292
17447
32610
4199
30422
16797
13466
30247
23385
6723
19761
596
2190
17415
15949
3797
6139
2505
4219
8302
6032
23667
22347
2611
14726
5550
32426
13209
26856
8854
26473
3684
4
11444
14041
28895
9558
12164
781
9411
26554
5780
31082
12086
25432
1903
31680
28300
10305
32582
29510
6089
9342
10660
9863
10193
19080
21368
12752
8303
32483
10427
11235
15564
29205
2041
24300
7537
23023
31712
8529
32594
14806
6521
26730
868
28957
22216
1687
19236
30997
18830
5034
27873
3545
22934
26591
32606
20858
29098
10937
12105
4534
18472
28378
6406
25090
15115
22676
12223
13915
9938
5254
7418
21379
10747
21369
23878
24393
28705
8610
18386
4052
6284
8308
13585
17344
3922
29738
19836
28000
4013
10570
25623
17524
5648
3038
19840
25330
16804
9948
3368
31829
13021
11897
21406
11842
20111
24911
16605
23155
3548
23416
9097
26161
1218
12371
23154
17889
24174
14087
23645
22605
32122
24912
8841
24876
17529
30152
2076
26443
1035
25680
25934
24896
21899
16006
22631
27975
23620
27202
23635
16968
5270
23179
32459
11654
16902
17945
18657
15648
12058
9064
24275
1470
26880
21600
22984
9271
21760
16061
9885
1229
6903
7622
1436
17775
4045
22145
30033
22468
3957
23021
15454
5502
18142
3709
11977
23411
28982
1416
25453
15398
14662
8898
9941
2807
23574
29937
6113
24233
14146
14112
446
7263
22294
31081
8912
17737
12993
3658
1121
30303
24660
5755
461
27191
27409
8573
1169
15160
29693
18397
17581
30632
3223
21897
14748
10985
2503
27964
8595
8196
32321
28728
20463
31685
6073
23474
5055
20014
10774
12866
13304
32532
3578
13283
24454
16540
12312
18208
21801
20255
11952
10075
27795
20683
3441
29508
16263
26858
12562
32304
1338
19346
24944
26797
30021
26729
12410
15230
27053
24655
21899
1129
16200
26254
24008
32537
29963
10276
3998
20185
27504
17630
14175
751
233
28448
17288
3568
12714
30043
22938
8168
356
11122
11150
14053
30121
29691
30501
10856
16218
24076
9829
15823
1289
25979
11621
8307
4970
26190
25022
30333
14860
7275
6997
19187
29124
27592
22427
1617
18767
21637
681
27986
29406
18432
23248
3563
29325
12591
10859
13811
24120
23702
30769
15778
12039
8246
11889
20939
14097
1006
14337
27576
27674
13555
10781
31562
16542
11629
28222
12696
27590
13222
30306
28249
5965
18439
23577
24488
20616
18712
15732
6305
15639
7101
7454
22674
18064
11824
30257
31632
11057
19259
29344
32058
28642
31266
13180
29163
20783
24939
32012
28766
23179
1851
29098
29177
23017
19053
31096
9958
16306
28505
14092
15857
16726
10223
23824
18496
558
31114
15086
27945
27705
7331
8129
13475
24020
15988
17731
3546
4096
2804
10860
17069
14663
897
30836
4957
25956
3085
22804
24213
3683
23001
12277
19143
8667
32591
16563
20169
8103
22710
6848
29852
7910
20488
13481
22356
32556
17653
641
18136
18090
20908
10615
22813
27050
30633
29834
29535
1982
4174
2429
22482
29355
19645
24760
16331
2099
20593
32193
16932
13098
27556
93
14362
9203
27352
23970
2010
8809
8530
5358
24674
22678
20509
4416
32314
1359
16283
9021
18196
12747
18300
19317
1041
32469
31606
13604
11189
28899
7590
9992
27590
14123
3437
4231
30473
23551
16506
21806
29017
22423
18145
22168
295
23833
30832
12000
1455
14153
26175
21846
27492
15458
4994
13982
8741
15914
32021
14727
24244
18829
26816
4839
277
16311
15871
22838
23834
71
7176
22294
22345
7356
14814
30447
31881
24706
10505
24892
12155
21945
14019
19289
29384
22243
23193
2342
801
5941
17982
14058
12838
16032
21781
25667
29513
27662
27738
4311
1602
20752
5629
12039
3750
10347
19517
1334
23836
13421
21227
25852
15669
13516
23746
26179
28940
31471
10908
22749
23750
21431
11276
5022
9291
29426
10602
120
6212
11120
18169
3505
13128
12410
19335
10450
30181
29856
30792
10776
30973
29173
8825
7978
25999
24630
3974
22001
8233
17040
22124
16445
12814
10052
6427
25168
12058
4823
25094
19268
17132
25320
31418
20158
17512
11352
5245
19135
4374
22504
25050
2100
9055
10297
11614
8612
26349
4843
28807
15989
1454
3763
30832
17891
2831
15823
27575
28679
20934
4372
22467
16534
4243
14607
8731
5243
30327
2160
17787
7316
28576
32284
6008
21268
4410
26896
10062
1321
6558
12286
22527
12961
21623
18690
19910
7946
31495
17467
29770
25667
1964
6031
13056
1995
1850
21016
7474
6354
28334
6514
9268
6381
17280
25021
7961
2842
21670
20253
9681
2081
17925
16035
25696
27585
26866
9027
23307
25496
23012
5450
9088
19862
229
26090
7253
11140
14824
19745
12338
8841
31292
11946
14547
15978
4564
16119
20565
26282
17819
17322
30443
17279
19397
17560
7953
20791
28714
12943
13605
14279
4007
28018
23045
21362
4555
4630
27489
7108
6594
2826
21950
12582
32460
27173
26556
26962
24596
28948
15947
2447
4359
26315
29143
17145
11131
30360
29705
27105
27689
26485
22052
12357
27414
9173
262
12725
5645
9730
5853
20
13091
7734
4524
12710
12049
3973
8507
19050
20824
26739
20843
23879
3483
13941
29042
32434
26307
862
22248
15140
12492
5958
1108
13223
24828
24931
3341
25898
27435
25726
12938
5468
10170
18970
14109
518
21434
32243
11212
25004
12477
19838
6335
28386
32621
32608
2039
31591
27379
2183
24008
3229
16665
10223
31097
18460
772
10906
8839
9711
10701
21734
20760
6777
674
2350
20673
23483
21185
22146
11660
12938
14050
6644
29818
7281
3530
14266
15074
6926
20981
11657
23320
27880
28131
16186
28310
3266
1189
1056
1511
24365
25617
26752
32231
5425
19929
27799
21928
1345
4782
10993
2749
28529
4342
12640
13532
4412
17513
6320
4618
147
1774
24364
26698
13930
8108
27879
29459
5635
14746
7175
7592
17387
11919
9628
6360
5031
28285
4369
23672
2759
17095
8841
3894
7649
17047
25357
31329
31648
7693
18227
30717
14445
28007
16695
15327
24308
8180
32701
10810
11968
8475
13552
10977
23692
4673
17378
6974
5104
23475
10733
25630
27118
20847
28857
28052
7029
14199
19211
14296
12847
29913
11039
10843
23300
21980
26294
21970
11654
25886
27958
7326
9878
13656
18804
25658
8823
15575
31763
3297
25542
28379
5746
30507
32633
22249
1797
20969
32608
25603
19554
31777
16033
25572
28670
13796
2795
3388
23473
536
10271
6028
1661
26188
18481
22740
15378
15986
3913
13934
9050
24277
2988
14488
11681
24723
4214
13434
295
27532
6440
21736
21122
10679
25145
16567
4320
7063
24326
23411
7251
9866
22016
20553
16116
8879
21287
7827
9458
2573
16703
21987
30030
31700
32365
18085
4767
4253
11843
29551
17750
15345
11003
13898
12246
16050
2236
28369
32282
13780
16546
22392
26402
19424
13118
17238
10030
4451
27243
7423
4620
3087
2698
30201
12308
29856
19886
16959
14103
28430
382
24384
27840
27217
30863
13561
31796
26122
10923
8493
12065
8596
6244
11063
2733
21528
5616
25586
25384
1439
23128
12553
8563
2462
24931
28074
21892
22618
9090
5520
26026
7091
25446
32096
17858
4263
2963
11705
5282
30780
10806
2852
21011
12707
260
17209
21456
11336
23605
10046
15625
6765
15391
3257
25855
13631
25491
14317
20479
32387
7952
19242
28589
18840
27128
8090
15549
24405
14738
15776
20760
28390
5053
32321
23200
21263
27955
17468
6427
13187
27703
21792
7694
1821
28825
22121
30491
8564
28683
12020
10428
8265
18017
4270
4455
14220
24105
27412
9904
24279
12489
2249
590
18719
348
4570
26396
1424
6457
8401
6315
19128
11440
14278
32524
11276
16809
13902
12646
8382
19239
1174
27923
12873
3054
8632
31415
4453
17404
9047
30055
2580
15417
24110
23753
21496
3069
31830
227
7243
7934
3170
17796
20775
32205
22564
3265
18373
26392
3553
11983
10794
22289
10005
10829
21637
8323
22423
15295
29368
5454
1221
14956
351
28208
27588
20247
9006
7702
164
30981
14454
20164
25151
17135
178
3112
5975
16476
15842
3219
6237
9591
9562
20835
27672
11423
18464
14716
21543
2420
30493
9927
19093
25087
9134
21319
25169
24538
7072
8445
3127
13753
21903
8455
7973
19357
7976
6354
11752
30133
30401
12178
25971
6966
25057
12771
14421
356
30514
16852
24469
9891
23294
13589
22412
27436
21205
10115
14774
6604
16366
26583
31230
18246
19383
8041
16191
24352
6993
3410
29673
28879
11178
28659
18479
571
9329
17804
31320
28470
9454
15977
30782
14616
25532
31522
5122
13506
732
16134
20598
7751
2549
12920
22602
32131
12005
20702
26745
16740
2858
27795
12479
29422
16573
29140
13140
21022
22853
20765
18654
14441
13387
28987
14468
30983
3313
5039
29739
29010
1099
32241
4378
5266
7292
30012
19363
14195
14347
11591
21210
27803
802
1360
29252
12548
21479
7126
12204
6350
10268
8563
8957
6164
23484
27402
8705
31994
17526
27833
10958
11368
22229
30128
21472
9357
28561
25471
5349
14131
24847
3587
16675
6543
21230
12919
15192
14897
277
31799
28166
22826
11797
18008
14587
18736
13401
26827
7652
9938
22578
30503
5293
17295
9743
26454
5652
21006
1536
13367
8007
30758
17982
21697
14889
850
7687
20496
10065
10214
21562
15350
8715
19600
21562
7199
2587
28955
21343
26014
21212
12220
4533
15429
27361
622
18124
28463
31938
19736
31560
25962
7196
28038
20401
19575
26154
761
21623
9084
19323
11586
1212
3849
31877
16110
7256
16920
13578
1389
10625
28049
14028
25871
24928
20936
27805
28029
15025
25785
18610
25413
23605
14754
388
24720
29696
16442
6671
30530
13674
22066
21511
1202
14589
9009
16862
30611
26478
1368
2655
14124
28337
2978
16179
12890
9127
12325
4848
18229
7355
7307
4339
18748
19668
2310
32046
19764
27708
24880
27465
31184
17187
31871
17317
577
21788
11791
13905
23005
15179
28304
10495
3621
4161
5881
28058
26383
6454
31347
18124
12005
18431
13962
13987
25466
19275
16792
28095
13420
16521
29532
24474
19324
14925
20661
17088
17576
3941
28872
10387
22059
10419
29792
24901
25174
23847
400
20213
26483
24337
445
6109
21695
3594
20768
10682
14796
5910
19300
15337
3761
22238
7519
31639
17536
29959
17972
19118
8336
1518
27793
20765
11655
14715
15054
13641
20062
12285
7923
9121
31321
31166
31637
15979
21683
17723
28368
20375
3934
25247
23026
2351
28859
30051
533
1213
29871
6511
384
2491
8304
10850
23908
13624
18931
3387
26694
21989
23754
11261
2545
27617
14837
29304
7492
17516
9442
24766
29517
32021
15815
17027
2688
16341
1422
4637
2693
31871
2001
21124
24983
10391
8708
1712
6437
15050
26652
20571
10480
22274
13128
27612
25054
15249
11815
17
24227
19891
1240
4174
26135
1213
10905
19095
22711
10801
19314
17802
15148
16646
13954
31291
25783
12879
390
10836
23606
5159
591
3972
21506
11247
9946
19855
17209
27598
8155
3060
30265
13238
10523
17646
27579
8599
13880
32549
26303
16425
22468
14450
20128
20381
21359
30534
31587
12670
29139
32728
18609
28446
2840
13139
32685
21257
12167
22271
14759
5144
28746
24356
15866
30691
17338
19864
28267
20518
6053
29293
23333
26688
32227
3383
13941
28424
28711
23473
6016
32070
27001
15698
4301
321
6084
15200
25577
2311
32496
18291
6582
16789
1386
25885
10784
1217
19874
12950
20472
5077
5553
17287
11611
23645
17105
16156
23717
18592
28611
5069
17266
9159
26462
8823
14629
27128
28949
12419
4092
27060
32278
14464
25598
11257
21602
31871
7017
12214
25584
5991
28572
14215
23588
21154
141
8505
7138
19080
4504
14958
3294
12650
13164
28547
7947
9819
3283
20239
16201
21932
10830
25072
3919
6007
30193
6243
6084
32294
14721
9165
21632
13903
20404
1536
13384
22580
23232
19904
28759
10901
25570
19554
12073
13382
2189
2370
6541
28106
12053
32031
1931
2408
9875
8327
11839
15663
28278
22922
6578
22328
15987
23736
30265
9428
12619
4961
26000
18754
29955
31186
17844
25450
2675
13034
2108
24157
12959
4933
343
2194
24297
26154
30251
31692
28507
27122
18261
27087
19685
11788
19187
8560
7006
10967
3113
22471
31575
10659
23191
23949
21654
8812
30209
6705
6691
30495
18202
2231
5592
11983
1176
25620
27494
2869
22313
5143
20431
22238
13635
28553
24140
31781
12592
5180
3936
1550
29052
31970
21691
25597
5863
26943
17028
21501
7905
16996
11258
29907
2784
11114
6901
26218
31031
32498
30073
31253
17518
17402
6608
21874
13290
19094
72
30320
15777
28652
28189
3155
29597
21426
19914
14856
23903
17665
18721
25944
4610
20892
6701
16144
6193
25084
10531
24024
27702
30556
18222
23864
22386
29869
10967
29152
25604
5493
17577
25518
5146
843
9681
23524
10977
4977
11850
8689
12289
2272
18018
12139
23239
12910
18756
22019
8672
32439
10676
14955
10255
24003
8935
21629
29382
17501
23066
3298
2086
7202
13035
14860
28321
23928
6599
24225
18290
10294
962
28264
26593
3792
4739
18479
7299
30140
24278
7652
25786
15650
20006
5418
12541
791
11743
23607
19042
2250
31781
28737
6711
12664
6341
32581
10760
24370
30005
7539
31650
12572
15776
29478
14411
2883
12860
25794
30129
29360
1536
10035
7506
31235
17630
1733
10480
9012
32152
21356
5968
26300
3580
30995
23065
6509
13532
9722
3922
8045
11636
15144
7795
10266
21153
2664
17145
16262
3497
21103
31720
11461
14096
7070
21767
9668
16248
16377
2582
19986
13391
24606
20479
26906
14620
16819
5544
32720
28810
12910
6042
16059
28747
23086
23344
23253
2023
7489
27812
16379
16194
9637
23171
20932
7508
27771
32641
25083
26890
21684
12150
15599
31267
3280
13189
16193
6343
16082
24542
20622
29284
2256
8100
11045
30343
16679
9181
4975
24706
6938
4205
596
7831
32550
12155
596
17664
2484
16477
18397
6781
6899
6694
2587
25889
16974
4634
21039
26701
9733
27482
25826
7040
3492
20288
2514
8100
1445
7473
32617
16269
23899
13539
28493
30578
24878
11116
21615
19659
7625
16594
7171
7008
12131
13592
22437
18892
22192
21303
19137
13542
7592
18655
28439
4812
21952
11791
25324
16739
7806
9654
19252
26668
7703
28430
12107
15790
10999
24234
30657
1694
29232
15726
2270
1179
23300
24171
12071
30685
11765
503
15650
17494
27826
27886
10926
4796
32196
21721
7689
8515
7706
32694
29091
23650
11167
3990
20866
12938
7378
22092
20099
6081
14918
32105
16745
24810
18826
16415
6345
9900
4743
30848
20550
29090
31662
19994
12732
9928
17264
4510
9784
10719
31351
12734
8697
28802
23597
11858
13057
9315
16314
31639
2672
28765
3942
4040
27936
18781
2292
21413
11131
16446
22612
17311
29660
27307
25310
30349
2656
10702
16215
29379
11522
5040
6628
11044
17954
31742
29031
1854
11159
13424
12127
22996
21862
1810
26263
23476
2097
26324
30320
10009
26607
13363
19921
16170
32488
28997
9039
6190
22561
4386
2196
79
27432
22793
8130
19699
21953
18666
3690
19946
5980
15921
21991
6685
18861
5408
15875
25547
10366
31084
19079
15325
14001
975
14241
2446
14311
1236
31543
22831
19045
5337
30511
21816
3377
12486
27566
8919
25728
31998
20283
21463
6540
262
25893
10611
12430
26957
16212
5148
10104
20708
31110
9238
28343
21440
16605
16604
23076
13808
31982
1746
32247
18785
7971
28303
8686
20961
8736
5379
6458
30671
19294
29552
4009
7238
20573
30754
31253
15319
6845
21495
17771
31962
26808
10177
22176
32224
31694
23218
6699
9798
16260
621
10111
26571
1167
25421
10059
10710
27133
19904
21111
28788
17193
16145
8762
24021
3226
19756
31358
9639
26574
30616
17464
8057
15305
26649
5585
17686
2200
20440
23364
12087
32662
24688
3539
8109
10000
161
21209
21844
3155
30744
7794
784
17569
31528
4876
26410
1738
4517
26648
28090
9742
13716
5259
11706
2624
4005
11449
4598
16776
13429
1951
13354
8725
5768
4125
22483
18777
25090
12113
8024
28916
1683
31622
22040
10614
27817
19457
15041
4778
14916
18592
1186
3185
10309
28653
29675
22412
26988
19392
21451
13048
17803
21315
19689
12382
23554
18731
17047
26670
15315
8210
32347
27072
23107
368
4756
2438
21030
4173
27019
32499
4200
8481
31283
26753
24138
25165
23290
23258
21945
28900
15667
16020
1524
12026
29659
19719
5753
11310
15579
15930
13456
23645
17464
22460
20743
24319
3146
3631
11405
2819
28288
17488
18942
31343
7258
22553
24357
803
7458
22064
28831
18046
25487
12035
24011
15608
30756
9811
3405
21525
17311
13118
23089
3295
281
22668
18386
32094
18409
19840
1121
10541
26513
7654
28456
18821
17597
7762
27478
28432
12736
25182
2021
15930
4573
7237
15821
1512
3593
24745
31508
1658
13832
10600
24948
11541
5079
15613
19854
5389
30200
14845
18733
13140
16725
15747
12758
25318
18621
26330
20315
30696
7899
5131
18414
3400
21611
12048
13463
16451
14832
15298
6258
27902
9408
22369
23793
25364
2442
10029
12453
24696
29057
16943
21111
7781
2876
9010
25746
26202
17642
22105
9873
14445
14601
22175
13603
13072
23125
21117
11070
5238
23264
7944
9030
27110
10371
29367
11671
9507
29387
17143
24431
8953
31322
4204
20276
21978
8112
12821
6374
18504
10798
11726
9485
28716
31454
32322
5290
18746
15126
18436
4225
32486
28793
13753
10131
817
23284
4895
31615
18419
24291
15731
9952
27553
24943
32106
30846
27725
9451
11436
8350
8083
27319
18677
19008
18915
6958
5194
8046
4995
27137
24527
5928
11831
11305
12359
25525
27666
27156
23848
6620
23283
24184
17172
21820
7780
5813
6636
27908
27177
4678
19764
6199
27064
13317
135
31846
4943
2845
7690
14181
9043
31769
25206
5008
13279
669
14239
10642
32471
23114
16565
15350
23767
14478
6890
18031
8079
29720
29559
10026
15531
13554
16836
4195
4905
14904
26116
13360
11951
12616
23391
23326
19039
27084
28580
7945
11724
28424
13728
2870
909
23366
880
30681
21600
17710
25208
16170
20302
1573
15286
8614
5413
18302
25485
17265
25583
3610
11878
27174
22827
21892
19382
2777
26252
23910
9884
3498
6999
21076
28441
26078
10522
31122
23827
22325
4219
15849
12781
24513
8700
28677
18318
27140
13037
13085
15789
20249
29703
1482
10101
8402
13306
12591
24940
30041
8351
12795
30084
8571
430
29039
17209
13988
21189
10597
24331
5203
20883
10304
24202
13481
10123
18059
12265
3129
11702
4365
7119
9719
9053
14813
27249
463
5868
16253
16758
11919
13308
19900
7365
30787
8819
11280
31377
16244
3524
23410
20938
10921
29096
11441
16741
20676
14814
6079
30556
24641
18964
30778
1808
12541
32247
11672
21891
25818
12801
22581
25847
18259
4360
4365
23640
32293
17101
19385
12489
28322
17414
28413
25472
57
8991
365
5528
14126
15318
2773
17112
32215
29239
27852
8452
25127
20965
11735
6134
25625
17094
25597
13870
4038
17578
23778
30131
9831
17633
1514
23463
7403
10526
1303
6270
2215
21040
28256
21445
25153
16844
26385
17930
6703
12548
12292
20193
16208
27893
31090
4939
23308
8875
16489
23520
11917
2828
27723
1939
12305
5110
25704
10135
17609
18363
9657
2937
18787
12878
5283
18449
29864
28413
13426
10800
59
26341
13248
21866
4610
12703
21653
6419
30681
26911
335
30654
27635
1140
6607
31001
22977
21850
6395
19923
9169
32050
5189
8481
26581
17507
26840
1295
17202
1630
11971
30317
21071
19079
3286
21517
11018
23864
10564
21630
8322
16915
16417
16008
24998
25614
6061
6986
31336
19333
14327
26548
20570
9807
16147
13862
23108
31330
29331
3823
11705
16044
31699
18797
5576
19837
5489
26825
21135
2673
13451
8693
22811
28387
10371
22487
31219
9409
1500
29942
2452
15472
15820
25883
6855
20279
27916
25417
14737
28231
23857
12134
11810
16600
6952
17520
1451
16652
10178
21826
4706
656
20213
14736
8556
18552
19713
20199
15
9403
13356
11884
5049
8175
2247
32392
22126
24767
23076
2907
2685
27288
21937
27140
12285
22236
6149
28979
6351
8048
24392
30410
19234
971
235
28493
12330
25785
18455
21643
3600
2587
32089
11968
8477
2870
19501
23750
6059
2064
29352
32718
2327
9119
26021
19849
18506
28149
9087
1353
22583
25974
18535
5825
20483
9306
28805
20515
9844
3594
23923
15533
8583
24971
17428
13757
26105
30384
30312
19937
14904
20462
28596
31149
25305
30671
5151
694
28123
7720
22125
3097
31562
12656
26584
22628
12782
22809
3656
31428
12647
9104
9084
242
22710
12745
27116
766
1432
9520
4339
26341
8584
15780
8204
19606
8318
30901
11836
6490
32423
18290
19679
1778
27339
20527
12124
22103
19866
371
12153
29034
9349
8244
28434
22214
29809
29381
16708
8948
10255
15261
31792
2569
19556
27264
5969
27933
13397
25215
6352
24437
12595
20363
3178
12134
25632
19165
28161
10501
177
27906
27433
23481
14161
1740
21054
27615
25989
15250
363
5111
18160
19817
27182
21142
31746
30933
30057
1995
15641
23186
635
30692
10439
23196
14073
16613
19669
25542
31412
16339
10687
21766
12205
3703
17706
2284
5884
9204
2657
8155
20641
18101
6466
1821
24743
11768
16785
20766
5802
16746
21599
19908
11597
11230
7346
21546
24707
5544
14949
11516
27034
11155
19209
32452
21190
6307
2711
28382
7741
19179
26242
1204
15551
16228
3780
24787
27876
21143
29691
20383
5048
1102
4410
25188
6965
3475
29574
3230
20123
60
14385
11774
4035
7535
31744
14373
32004
12549
18416
4098
29773
32036
14277
14870
3122
14049
3743
389
24041
7453
23370
31620
9596
24924
14753
6311
4641
1808
9545
30475
14618
30852
24514
31081
23236
11205
11699
15696
13
27424
27842
14247
31939
4208
28710
31786
6864
16264
12667
15239
13533
30046
28075
726
17755
20317
10913
26464
17501
3946
10875
17289
15961
17306
31028
17923
6142
18159
3800
16914
19982
24180
9620
5904
12746
32180
25274
31105
24279
13320
320
1542
24409
3811
2240
2930
23947
27352
24841
5902
12226
312
3792
15137
7150
28081
392
32511
2729
18039
73
19463
6609
12188
28515
4234
16041
14710
12961
13002
18371
27762
19796
17723
32539
15389
25783
18039
5927
26319
3946
6112
3874
31720
12230
21726
17734
572
29234
8135
625
13067
8370
26648
3849
20768
32611
3763
3324
4531
26350
11693
10647
23323
24025
1754
11338
28702
31469
27294
7944
27291
11218
26440
13969
9954
703
27286
13886
32175
19745
29497
30749
21300
6301
4232
16178
5703
12498
6704
21041
19648
7596
8279
21811
2927
13978
30433
2819
7058
15379
25990
23843
10024
1091
12247
9735
5684
5970
17099
32074
19529
1681
28453
31498
13758
11587
3888
28662
23461
10186
6296
12107
7523
31
13832
4396
27193
15897
6831
21563
25998
1401
13284
10319
25627
28162
2103
30138
28681
25771
2537
19507
21766
13378
16915
4483
12970
7273
11132
28227
1530
12969
10868
20100
1548
11052
9873
15486
22580
16109
21260
2795
17548
14187
24484
14948
32249
15650
297
15285
3012
12277
11350
32105
14197
18400
13567
27485
7778
22414
22251
7825
18334
12251
13643
13360
5964
1079
2663
24525
24516
18382
28540
24545
13642
28959
32149
28937
26979
7890
12564
30734
12869
960
2346
2100
12624
9211
9154
27621
3694
19586
24199
6549
13870
18105
13
19672
14969
13797
22056
29761
18485
23492
25664
25198
18701
8562
23814
16925
6810
13098
7685
979
20685
5713
23485
17059
32148
23712
29053
21724
14094
30094
17907
22600
2278
22524
25982
4586
22549
699
14555
27501
11456
2118
31071
16596
7023
17206
9017
27642
13923
19661
5204
2732
27937
19537
1899
1008
16463
6279
21608
6660
21087
30441
8804
7235
11080
13002
27626
13162
2726
24725
16971
14077
6348
16880
22601
931
12758
5581
29693
13141
16122
4976
4468
22269
25420
8669
29758
14543
19817
29674
25652
24206
29998
18531
11317
9251
27977
28515
14885
5178
11713
22440
31855
9595
9055
25051
1257
20013
14560
6105
8994
17233
18782
20496
26693
27734
13591
15939
32053
14624
31241
21049
14856
4749
28270
11909
27991
17769
22818
15635
30396
5923
22172
3403
23528
20053
7818
8404
6672
7691
7826
15924
9171
12194
10468
31184
14133
25893
23245
1894
29717
15760
19613
4195
8261
30011
13812
10378
23717
17761
3926
9511
25273
15586
5662
31224
1828
13817
14424
3495
18504
24247
4321
18858
26925
30538
22182
6799
2138
2472
10650
15814
9371
5911
6506
25599
19767
3619
21880
26412
21111
7869
6469
7634
12815
9157
22949
20877
15285
21354
30722
18884
32552
16821
4382
25622
22111
13287
32057
7717
7614
25375
20089
779
22136
23951
11363
17850
3667
29707
18367
5321
2316
14095
19468
21089
21648
29022
31306
566
21149
15776
28400
25836
12541
32248
9953
8133
16691
9027
12699
20860
10977
10352
21386
7882
18824
26308
26095
15531
2254
6758
4409
3266
30705
1209
14246
30697
12618
2038
9273
12461
13674
29586
