6000
31923
2657
974
4595
9591
15851
26486
8469
24946
8188
28427
22706
28032
2345
27289
31841
14349
3020
6200
22190
10298
6870
7756
25323
26215
7192
7001
4961
3100
7966
18279
10068
2049
3509
24948
11775
29881
21472
15837
4600
28525
29934
14605
17571
20260
1092
8400
4618
28661
23209
25368
30507
13797
29472
31843
32681
3104
10481
18799
11855
26343
29625
25490
27280
1336
23746
7176
23090
4453
32527
22308
31208
16584
3012
24708
29153
31561
25162
4078
28977
28238
30394
3288
11247
29919
20976
28709
30079
9443
31530
30652
24243
3349
27645
24726
27591
17156
1300
29265
3880
6624
7313
19590
14244
10112
24642
9214
2248
24738
13645
14268
11425
13894
14170
6529
8317
23728
24205
323
27990
27014
31269
13350
7788
2619
14526
5814
18532
19402
24009
29953
23584
22302
26291
6353
23468
4911
21705
16935
28963
24222
6375
22279
15447
28045
11856
27979
13572
31643
18471
5752
14280
15085
26176
14096
27125
10207
9427
29528
21963
32270
1316
7941
16414
17264
14111
10079
10962
19939
14156
12837
6288
23204
17063
5835
28311
10403
23135
22380
12181
6262
10746
28648
20899
16520
27304
26350
18627
32739
1720
6175
1520
2305
7615
28053
22861
26550
16515
19868
579
7006
23122
499
28947
27112
15195
22469
7488
29898
24805
7805
2093
7678
20490
3484
11208
18713
23839
336
16898
6976
9919
9005
23357
12774
31593
15264
29242
31443
31977
29765
8398
28382
13037
12882
620
31606
19667
12129
5881
17868
30005
30126
18397
8669
387
15626
16506
8278
12049
11510
21503
3501
8380
23122
8419
3188
4385
12326
5729
3698
32580
1667
9304
17256
19196
10037
10742
14999
24481
11183
28843
9674
13728
6878
32550
16822
30390
5621
12145
1316
5569
19446
11333
18195
21792
10811
8265
6229
2894
24052
2859
6283
21450
11813
31406
25537
32414
23383
29007
7092
15432
10574
6331
22002
28570
23288
8916
5494
29944
3303
29035
30438
28863
6982
9776
2067
20068
24508
5549
21857
9033
19153
8107
21704
5254
26137
3132
2797
26490
7025
14851
12771
19419
3572
6952
29837
7680
2576
14022
22514
6468
4481
976
21887
11489
10433
12413
32670
9708
21505
21299
30468
1935
4502
7456
8601
5706
16473
10809
2244
25615
30597
32741
8130
6825
29686
15460
6128
5553
15978
27254
23901
16216
24730
20303
31803
12610
3023
20051
4826
7583
31992
15521
31032
25211
29418
4292
14049
30121
29825
28799
22490
19765
25106
31289
16142
17777
26918
11845
10041
15620
26481
9939
17234
14703
19081
32345
18698
9230
28638
8398
11701
3587
20637
27288
15123
17292
3353
11119
6265
29599
3523
2007
27429
18631
26629
14008
27360
10616
10758
17281
14636
30703
9767
9684
13460
32444
7059
1617
30561
29444
29795
15919
24944
29455
27921
31793
16779
1419
22689
21032
3930
8427
17995
10356
1384
27957
30185
31930
6335
9167
25287
3030
27227
15160
23351
29123
25184
6196
11487
9056
5742
30079
13921
30619
7699
25739
17029
2234
27933
16478
26988
23835
3166
14665
20061
28985
13248
9644
21628
22135
5038
14022
13701
18395
2827
8720
1110
23319
6304
7498
16381
15112
21297
9918
7355
16336
3486
22614
20277
5516
14705
32271
11466
1239
9747
19872
31121
8782
20646
21257
17883
8417
4744
553
31044
29642
920
9270
5722
17407
17875
26744
5454
17574
29963
131
24570
5946
25591
1713
31069
9932
32102
15173
30313
25269
11237
29246
24472
27341
30598
22126
13076
13396
19444
32620
14046
18718
18918
23909
14639
28703
11183
12722
6979
6578
16508
5081
31657
1936
3899
11571
3734
17772
18106
21173
15185
19066
20469
27391
28051
3077
27448
17774
27026
1289
7247
26127
27729
22055
25274
28881
7943
23095
28086
19458
26526
28962
22605
4147
9993
28119
27796
9950
21730
31596
29353
12025
30497
18625
30628
11613
15
5640
10049
24065
12529
25896
28814
22620
25049
18151
28327
17902
4402
24464
696
10031
23071
22979
20545
20888
15058
20230
13313
16225
25705
5264
31420
9473
5209
21467
14238
7337
22744
29052
11690
30652
27179
5720
6270
19803
19391
8765
17963
15445
26362
9966
4757
32123
3
20915
4263
23823
8671
31642
21647
24396
24208
7978
4194
7868
22590
31957
13982
25371
14267
1084
17921
10003
20495
25560
5233
24094
12682
10147
26419
1697
14696
18743
26088
3439
8026
21605
18306
17482
5696
32742
16941
25302
28882
19688
6152
22248
9966
3227
31840
3835
10169
24543
17882
11362
28958
29994
17383
16179
11966
26059
7032
30690
13635
8573
5123
4073
15027
31485
2628
27382
13940
6903
27049
6081
5005
14579
1268
14708
31264
7264
11446
17050
3510
32269
16288
21276
26538
7237
6162
11798
23155
22276
27090
20649
2548
22777
12064
28002
32091
18135
21892
16652
1775
6514
20200
24296
19666
19333
24320
24551
3418
12905
23904
3289
12461
8082
2583
24323
28436
1352
26557
27472
31705
739
20208
13317
43
12022
25998
6827
25910
6297
10499
4920
19625
19105
19448
3279
10798
25449
24704
4819
27103
6023
8030
114
23536
23226
313
14392
27572
30428
32065
27715
25835
26373
17873
24558
25054
1000
31406
23468
4197
23268
17166
22493
16511
628
17464
27760
3036
2089
3267
12432
12102
5928
31287
1818
12707
21369
17700
21582
32411
32156
4112
23618
30574
557
6071
8447
5381
6385
3487
24462
25107
13366
21625
25868
20124
24182
7973
20500
13628
4221
15808
7982
8436
10980
15738
30560
15292
32232
16544
18754
14589
31475
27993
657
11577
3836
12965
19534
28228
15210
19491
21852
9724
20831
23716
5014
16263
1929
1262
27058
28986
1734
17970
13361
12944
16479
20151
17611
16003
1145
1335
10221
1693
19826
1591
11690
1252
14466
28657
32538
17313
20047
20116
11121
243
25891
23925
32516
2844
9471
25556
2469
2433
12446
17398
5727
24662
5559
27509
8527
10396
7164
30202
22836
22814
16797
7072
16357
10277
5117
19884
4427
22592
19247
22455
2801
21767
26155
11916
2968
29425
32412
9577
27753
14243
11144
17422
2421
176
30911
29402
30368
28027
30095
27756
22598
15544
22735
2011
29824
30212
23743
25573
17315
11165
10247
26339
17063
32216
19612
18704
4436
24441
14389
11122
12020
7832
16491
32732
8019
2133
9168
24897
6530
14889
20897
3571
2437
17832
3887
12049
28074
23766
8918
16099
23367
28175
32401
133
6148
17147
18868
31527
19641
32012
19827
9377
8609
21523
15087
3927
23358
15101
22918
22060
10444
13554
3204
25040
28355
28614
12835
7357
24332
11024
3252
24614
11581
16685
32608
31705
8109
7064
31405
6118
669
2714
16482
13071
7711
2684
31474
16961
24172
12001
1416
19599
6295
12395
15122
18340
27550
28828
9293
12933
22210
18879
8043
24029
18534
13939
13749
2425
4717
19804
11691
2134
12032
28993
11184
10430
23611
20475
17617
17784
20633
32460
24340
19561
1822
8673
9085
14922
32299
8896
23333
26625
7024
9901
10225
22137
19646
31458
20622
22511
11315
30358
1951
32753
23093
27135
14100
919
11293
13566
15258
2307
21498
25219
27045
123
23894
28030
19950
22224
31853
20425
32681
31358
13744
29057
3996
13175
8571
28880
22456
11626
3655
4760
25907
9699
23982
28275
10779
26910
32747
14998
28579
19678
30237
21597
13924
10931
19622
17675
12050
25242
13156
2820
14664
24043
26300
2782
17794
2374
22983
19434
25132
21088
15629
31008
32273
3949
6749
18712
6477
20954
5478
15461
3292
1112
2054
20151
25867
27515
3845
28629
15164
5819
9023
29265
9151
17438
3386
20746
19420
8563
26894
15197
11445
11632
16166
12179
11558
11047
8743
9049
25142
27654
23927
20830
28867
8087
14935
32101
4708
7672
2855
26265
11652
2783
5718
26093
14010
11551
11229
10707
1734
17334
12857
12765
17878
12204
16951
9741
29269
19592
23006
23925
17206
2356
21722
26359
4573
78
9288
1602
10601
15589
28719
23202
27279
24319
4500
30490
23720
19877
18847
1445
11376
6731
23026
32156
24169
7212
5286
11735
16944
26986
13416
21284
2420
16727
2566
27654
18450
5757
30100
6273
18995
5849
22198
5968
28842
4661
20978
24740
3162
11868
30314
15892
3049
5900
19689
31113
11077
15875
15118
25512
19465
16049
5738
31457
28372
19156
7522
11555
3741
22823
17943
14902
8519
4644
23186
2033
6995
32510
3062
1347
7779
23338
2898
9476
10191
22377
19350
32154
15259
6595
9535
9497
31578
14329
29836
12836
20276
26869
8576
30218
8331
29008
3831
6145
23853
2148
2449
29946
31149
23067
15715
4091
2212
5496
25681
31817
15469
23667
25597
14696
15668
11147
11193
884
8831
1568
9252
32472
21511
898
23766
31691
11932
30798
5217
31996
10260
5516
15442
14687
24698
4296
30751
20047
27728
20510
1114
19510
24809
1934
17414
21651
17752
4871
20556
29091
14865
14043
25192
26870
23949
3726
23438
7628
6696
17046
19991
4800
22425
15646
22372
32501
18021
11334
20376
18359
15040
23407
31594
26368
15921
1139
30642
11424
24579
20488
29321
31814
4044
2093
75
22633
20751
25980
2059
18946
6529
30994
25671
757
15013
27711
1470
30173
3471
25871
2598
10845
22007
22251
25093
25396
12238
7357
1810
3776
31090
27936
22896
1684
11122
19246
2995
26774
28364
18631
21064
25548
9117
18666
26174
225
28697
3232
2989
18774
4577
4047
22194
9943
4451
13145
11254
30726
21278
26556
8145
20684
30135
30397
13022
1043
19296
23615
2724
31256
24929
11912
7438
13027
5458
29908
14540
19204
16272
17609
29445
1247
16627
20908
5575
23653
32077
25888
23409
18703
14859
3741
2676
12130
22193
19538
25073
5346
20643
11630
15265
14590
2840
8510
26838
11179
8713
29173
7300
14949
12190
24137
20611
20871
15670
8742
5389
17013
1234
16061
31733
22066
16249
7700
17258
3907
9795
18138
17075
26202
16170
19809
7875
4026
29944
22413
25834
9315
25791
23419
32694
21617
28755
12077
5513
31205
10559
7058
3411
10782
19560
3184
29982
3462
11897
9378
11721
5260
31810
19401
17487
24922
10372
23171
27550
4517
16368
5887
17670
24842
2706
16282
23785
20378
30673
2011
9437
3781
14815
1310
7389
5444
22332
14241
14426
2741
11504
24670
8468
164
31234
30067
1735
16492
18525
28370
30452
8872
26683
7584
17327
22777
18885
25966
28662
5612
28830
27130
29715
14754
27425
6312
30460
3016
17088
23654
21127
6463
23936
14380
820
22504
23090
19295
15096
7794
8743
19740
2391
19705
4912
2476
28720
17637
3705
24802
30720
14984
29374
16635
27511
6938
22436
20794
21490
30190
26361
28803
17324
18114
4967
10566
16173
707
24155
2604
16943
28562
10044
30763
29928
23834
20158
2221
5300
18483
23096
29688
322
11989
21532
8391
30317
6638
20259
32151
5823
5613
9060
12663
8884
5705
9999
2713
24403
7151
30942
6416
1701
22179
15015
31905
12748
27262
9800
31045
127
1788
24124
13486
26574
10286
7349
15948
404
8441
11494
17836
24969
29739
25964
21149
32658
28590
32014
6187
31694
30771
20861
19981
1428
25817
4190
16075
545
10622
6756
13979
1507
19019
20773
28223
14639
18104
508
12681
11505
6405
13230
19581
31166
5905
15709
30982
4329
7320
22878
16954
24940
25327
2469
8093
12980
21409
8695
3586
21513
11817
20404
12740
20530
25634
5275
6335
14011
4280
4831
30570
22563
19996
9500
3361
27482
21823
13451
13323
31027
18948
24311
8622
32690
15765
7167
26050
31781
185
1705
11868
16199
25152
18177
31553
8120
18504
6417
13633
12479
26030
4300
30092
1949
2130
14735
28787
1949
27609
10849
32408
23336
14160
30494
21644
7035
12226
7100
7221
17548
6370
2579
17557
29088
10232
27486
20290
12189
21227
22006
12113
26021
29793
29689
16485
28499
3584
30577
27425
13627
30332
3324
16284
29168
24830
662
4995
9850
18760
21307
8142
11863
32373
6453
6335
22767
1292
24351
14020
30806
517
30726
6492
25059
1964
15578
21404
20890
6093
20295
29434
7220
10080
14670
14307
2039
3353
6562
22236
11109
22356
14544
12601
19345
10988
6462
24070
30929
17859
31610
24963
8889
19571
28407
14004
27854
17025
30696
30873
2825
28606
26283
6653
13066
23132
1326
6610
2658
18088
27512
32025
24058
23186
16316
28585
16736
15090
25945
933
15204
8497
28862
10789
28557
20937
6568
25801
20349
16186
26659
946
20095
11336
31315
16708
25920
16832
16998
29267
16593
1431
1528
7331
5698
25228
30664
11824
92
12375
13536
17023
25903
9741
12105
12719
26414
11786
5346
28299
6774
26606
17850
14527
12422
22768
24506
25761
15606
15034
29916
1729
5333
13340
17628
4460
18386
31349
11020
18160
2727
8563
14112
31234
29957
31740
25796
13739
9044
27699
12168
3971
29504
3138
17656
13610
12679
19514
31584
7929
29159
4125
11192
16984
5180
28771
29794
5304
18269
13045
12498
334
29328
7411
15177
26579
4277
22362
10637
18279
7536
14773
16106
31172
11854
23939
2796
11475
19849
31260
6236
5035
2020
20197
9782
17052
31750
32415
31031
4747
29639
12460
21898
22658
19795
30443
23036
2692
9010
7348
4789
29747
937
13321
7184
26676
7628
27071
2218
15435
1240
27721
245
4018
27215
17911
31145
15035
24233
5477
12185
29097
5757
3876
12056
28435
13223
4266
21866
14869
26628
17237
28473
23972
10932
21875
23088
1836
1687
774
3068
5307
2772
30080
31228
4586
18394
23199
14671
24268
9591
29209
15128
30660
28972
12402
28787
21064
6497
2108
14405
2687
21961
13923
19494
20164
32064
28353
27528
4730
29764
13918
30306
28570
8732
18069
21450
28792
31588
9428
31102
29776
19548
24955
32309
2959
1709
8148
25214
7005
4966
6173
18595
17948
9683
3294
8167
22296
8354
31928
26426
11883
9447
20839
3152
2576
19034
19630
22718
15012
11567
9264
9822
30894
11764
792
7773
28281
6024
2151
16831
11929
18716
14458
17369
26678
11479
28275
12971
27865
30326
26109
5112
25921
11603
8296
6277
16376
1869
15285
21140
5893
5498
21357
18
31205
26252
32055
14386
23102
8210
30983
30868
8558
26109
29618
19779
13192
24797
89
1137
27352
10678
1719
17161
22428
23929
5180
23090
4224
20208
2374
9703
4443
24327
11347
1235
28757
5122
27847
19453
5382
1019
19228
18044
31462
2593
17524
21650
1815
6797
23033
30609
25020
9304
31379
13212
20182
20113
8415
4143
1102
24471
15364
19436
0
15802
6667
11469
23047
14863
24798
31118
14763
24183
25040
18470
11280
20741
5349
29905
27025
15049
23991
8956
20217
24163
12222
28134
16717
18465
15997
15120
7535
6786
24640
10713
14516
13139
25233
17859
29920
17675
6412
18524
3504
23889
10806
23412
7702
23058
15848
29268
31830
25103
1647
7173
19733
14574
18531
27392
27944
13136
15711
13452
22773
14518
27659
19564
2989
15102
11244
15482
30435
19691
25381
14224
29101
14405
13936
7139
23645
16812
32512
23171
11363
26833
32176
28008
17817
7017
16810
13600
9960
13016
26308
16332
13247
15121
19459
11525
14882
1783
21587
8221
253
15081
12928
17681
11190
7384
22377
1234
10643
9191
12700
18324
4079
10514
2910
7596
19177
14767
19009
29383
1581
7452
8041
22912
2273
18186
9422
31421
3583
17120
9485
25075
4260
203
7390
12036
25600
506
324
1681
20118
13904
11553
854
29096
22508
29484
16591
9407
13420
23686
21174
11767
13748
24408
574
25721
19867
4055
26524
13798
17704
7274
25183
22649
13089
21242
30066
25513
25168
14927
26705
31296
27826
5423
27438
13424
27593
17026
31750
30397
19529
18970
15773
23202
25411
22281
23512
15344
18166
5247
25279
32203
13845
13599
16705
18726
21208
32639
22158
28855
29962
1105
23628
10150
28003
150
29325
25731
12789
17458
1807
13936
10057
18646
27293
8549
27211
25074
5707
31203
8902
21596
1771
27980
16337
19618
32751
29171
18640
24364
4063
22436
31023
3511
6155
11502
9137
20425
9197
24131
5265
456
4456
23586
29244
13714
3468
23357
22532
18867
5912
30211
1192
27688
328
15717
28267
17753
3141
32503
31927
7701
12250
19915
6829
28943
17151
31595
18876
21002
7727
22817
24394
12806
30702
13063
12091
18553
26952
28863
27762
18015
11663
12733
7883
2842
25473
894
16387
3300
3538
22684
20965
1345
31578
16646
13036
10791
2810
17870
13869
4419
10961
12260
16806
20962
13297
32082
7521
26134
24820
30839
27036
7778
9779
29613
4554
1098
18323
8511
22388
20878
921
265
16751
26209
15039
28049
25156
19624
11240
21383
16470
5152
20054
29651
2413
17936
26826
3031
13512
7827
20371
12736
7952
26791
18481
18681
23338
4467
2914
2952
16292
11094
2522
15771
24031
26319
7306
7338
1977
25959
4715
25728
8296
26302
6718
26015
14488
6083
1664
24087
15435
19787
25509
14300
24642
4285
20566
18732
15670
16520
1478
22025
15981
11069
31121
30004
28474
17749
9283
11990
24871
413
31775
28751
26759
24131
2812
24689
6291
12735
25539
16825
13945
30851
20111
27965
29865
10721
7205
6622
27709
8728
5514
24731
1768
6776
19704
18093
11224
23520
17392
22202
24975
10639
25160
28351
16140
12324
14117
25837
17600
29703
24009
32162
23859
29955
27758
5106
20829
17317
25685
20978
30344
22610
20720
19418
30839
13115
3181
3262
17424
17406
1895
30698
27880
473
19582
8771
24481
21661
22877
8287
27599
17768
16993
7611
2892
24211
9287
12530
24147
25492
5871
1460
1378
29876
23222
17434
5021
17246
6339
5688
18677
14239
8658
5616
1806
17370
4748
8006
3314
22420
3834
24964
8307
17625
18729
17044
13527
6385
7501
14525
15893
17270
11184
10911
4182
12586
12453
30354
2254
24889
14944
20725
9152
8364
29295
24858
5049
22730
29068
18858
18533
16559
784
412
29403
2009
32441
21888
17144
16785
9613
640
3500
25262
25554
9634
13692
12708
27235
27063
12035
6175
6776
30801
29526
29918
26594
26156
31676
30937
9590
14425
9899
5452
5469
5150
4637
12421
3698
5409
26406
27724
11340
11271
7985
19775
570
7020
2123
32423
22852
26344
12292
20763
5919
10927
12516
15098
4362
15486
29052
927
8164
26173
29072
10505
20852
7239
9078
16626
11020
29495
24773
28958
22473
22174
2815
26040
21720
28186
8673
30886
6272
5876
17070
1819
29915
25093
32572
16572
1351
25847
11329
11982
25885
26519
31875
26074
719
14555
14019
28936
10785
28030
12417
30215
10668
2478
17191
11960
2832
11034
8585
5320
23287
21441
30976
30369
16562
22630
7046
22490
10974
840
19119
31512
24677
4247
7573
23376
15199
21665
4221
12477
19884
10328
14007
31269
31052
9275
15801
12318
21950
2183
5611
19096
4842
27220
18252
13119
24130
25518
24670
27593
5325
24585
23363
21638
17239
5681
19616
16047
24007
653
14075
8802
2628
15248
2535
3835
12957
24788
32478
30797
17711
16817
22781
30407
20295
20493
31980
17412
31348
21781
17053
32460
2582
24682
4252
16820
13051
26702
27178
17740
13120
16701
31624
1536
14051
7779
30944
28026
20390
5102
23238
6873
15646
30550
8057
2560
9963
3322
19734
9777
9361
19206
28397
20736
2129
20712
9935
5386
25894
14939
3427
17170
26709
3537
12670
18844
3832
6419
32
19388
11270
29145
6108
25224
20869
15742
28890
18409
2668
13007
11734
5743
10346
5702
2208
28584
16204
5826
12188
7453
1296
8164
3150
12480
8178
27190
7691
26850
30766
17268
23381
17276
5342
9527
30497
5683
2848
11319
13873
17277
1239
2825
9145
7698
15244
21057
3835
29201
27863
9128
15154
23869
1291
15260
13382
2954
22957
7301
630
24149
14644
11950
9725
26749
28250
10621
6970
296
11820
4629
11847
13224
3051
13759
27386
18178
3374
445
14934
30675
23588
20988
27835
3973
22426
24855
18961
24925
23025
12695
7144
15557
30980
25209
17254
32591
10638
1231
6834
9813
14781
13163
30191
7181
31376
29957
7976
21559
22786
32375
22635
22465
29773
19442
5185
19929
17555
30737
11698
16788
4829
31128
20911
21459
2123
387
12369
29498
4106
24312
8933
8412
12228
2415
22568
26274
17820
23869
24696
22687
26841
13097
10844
9781
5821
25439
1362
19146
24766
9135
143
26755
16008
11009
23244
25682
12073
31101
30424
26265
29381
23583
16924
20337
7915
6101
22101
22504
15983
1263
10605
1761
25437
23499
20050
29828
24100
9944
4620
4341
26143
22509
31519
29642
1479
7675
7790
18002
32654
8073
27396
10141
12005
23697
25508
21849
11008
22750
16459
22594
21545
25384
2987
19355
14220
13134
1505
16540
22831
18842
2092
22907
9579
22724
14714
24284
22053
27773
2599
1808
14550
29564
29936
17247
10833
31427
7706
4944
12815
31151
29033
3195
14731
8936
4965
18212
19746
10625
467
14202
27460
5313
19730
29590
21164
24096
11482
9858
10660
20577
30310
32018
507
18905
23260
9358
8676
1143
17962
17550
15553
32525
28371
23261
30722
20207
15157
3532
4488
7696
26545
9952
14704
27520
5360
27220
26702
23260
20563
29333
2322
7814
11857
5308
21606
18492
16188
13775
12105
14541
13338
5823
10439
6826
21328
28335
1612
11002
16907
28644
3681
3984
29457
15868
30194
22137
10047
4807
23222
27327
5237
29967
5936
30066
27201
7020
6631
12148
1867
5239
5400
28309
2470
24799
14564
27374
16658
18857
12989
22559
15880
32302
28731
20755
98
23923
10768
25426
4611
16986
23544
6721
28849
13385
3075
9039
22234
31510
11862
13410
30471
18897
23320
23977
8975
14640
20839
20695
20552
30321
8809
22296
916
17093
9998
29854
30893
19041
11436
12459
838
18716
11047
1378
4832
28678
20613
9917
14638
23491
9730
20940
32324
26527
14560
15227
27428
28568
9240
18848
28287
20492
25118
27339
18780
30239
29594
25917
21917
123
7163
14381
26538
15442
30869
26206
19681
169
22932
29026
19416
466
24412
10193
15473
15096
9975
22455
971
3786
21894
28956
31949
5723
22179
29283
12244
29035
27194
8352
20356
7097
2249
29281
3076
316
25990
1761
11712
32725
21194
14319
17116
26785
25259
22376
18043
14175
30920
28511
1731
31698
20645
28294
20375
22810
25274
30007
24309
6378
11409
9515
14726
12802
29721
9792
11374
21304
13085
23810
18092
31723
9447
9419
24672
20977
17032
13032
14466
28624
10200
27152
28231
10382
31909
31482
28193
12049
11648
11043
3917
2534
27575
16310
32098
9969
19352
3011
31150
12085
17102
18146
11692
511
10154
9319
5018
30422
26503
25806
18603
8356
13817
11569
31092
24993
2649
3683
20545
11553
23772
1721
10461
8012
7890
28931
15672
3685
283
10676
7965
19277
23784
23279
11933
9758
25632
21255
10005
27529
26233
24092
1043
9423
22384
9969
7288
16313
13516
3546
12897
17534
56
10286
19006
3354
5660
3723
8937
15917
12070
15407
30918
29050
6531
24224
15874
13086
32480
11037
28953
15760
19176
1794
83
11526
11040
30448
8863
29865
2271
12645
25418
1592
8960
12929
23246
32191
19693
14603
30381
7741
8622
10221
32039
29223
8630
20898
27652
3008
27359
32610
22884
24408
32443
19128
13144
20408
29413
27026
27536
29029
15528
2812
3096
31892
5647
7112
17490
11307
6938
5709
1736
18271
6962
596
23393
10241
30333
15643
17440
18101
32050
21987
13241
27651
9197
27727
28434
6794
16401
2519
7517
20756
19678
3209
29604
26441
18248
1934
23145
7573
10755
12884
12847
20182
21660
4574
7167
29519
11853
25881
26604
27905
14578
7873
21542
12747
27632
17347
23710
8121
24956
30356
11749
27177
31803
10647
31755
22914
22462
1409
16672
16742
13012
21783
23229
21104
20494
22725
4772
13492
31134
23711
23862
7075
3045
10207
3555
30954
20104
17177
15590
2516
11204
9408
14154
2193
9961
8361
9379
25765
31335
18991
3154
3202
12459
13521
28830
28542
13898
19577
31757
1192
23187
32629
27719
12403
31231
31144
11604
12012
19495
29048
32077
1732
11722
3793
8036
7720
2409
20370
27993
32500
23176
24286
1349
10895
9399
940
12829
5192
139
27066
29945
13636
14085
20624
16810
15376
7042
23210
27029
5244
7737
31850
4495
19516
14788
14621
13572
14628
9816
28121
4418
13030
1371
2771
30865
30921
23920
30405
18865
12477
18272
25481
20099
27832
3015
10394
10206
22452
7373
18375
24753
16648
16054
3467
17504
9540
11258
8880
1283
6067
2059
5433
16208
21744
6263
30373
12699
31810
4046
19518
14309
20416
14418
1913
19514
31694
3760
21267
25887
23006
7440
8818
14999
250
31967
7017
22260
21754
5843
22236
13440
8048
9137
18399
28824
24229
21617
678
27343
14022
32011
14439
16503
17065
29996
17163
1986
4699
32303
13160
31158
10579
11194
17956
907
2115
9480
4305
17504
12549
7448
13545
13476
8817
13140
24651
30903
1532
1031
18976
10365
25526
28740
26377
15377
6393
20358
8018
15532
20980
1388
25421
9116
27519
1731
417
29037
7054
6809
20457
31402
11877
30478
15494
7096
6571
13504
6265
25209
12619
16040
8153
11130
23509
3493
30320
2907
14754
18582
13801
5956
24289
28641
6050
29805
12441
12297
12011
26267
3641
29134
2076
18264
18030
3786
25713
9732
32585
16482
12070
22239
14573
16159
10693
26030
26169
4320
23975
1347
23444
23882
260
22990
12623
25598
25390
9455
23040
23851
29010
744
12383
30138
4816
15120
21334
20456
6392
25940
17426
5532
13720
9675
28144
22628
21548
32475
26306
16124
23622
22198
19479
3633
20688
11483
22843
26321
4856
19615
16568
14966
15225
5088
19850
28770
9904
32013
6469
2442
19523
14042
15425
10814
14078
6845
27770
7101
19578
21534
589
3705
18880
12152
3619
1654
339
5918
20833
1893
2112
11376
24537
9081
6013
13521
5153
3228
16314
15051
30138
7922
9635
9580
27169
8688
15247
23468
10952
17422
14938
29474
18615
13134
32092
629
29131
27465
17643
23132
11442
19450
5686
26406
20110
17569
30630
7337
22842
28138
4565
1043
18324
15917
20612
29114
4568
14463
7999
26637
10897
17650
125
2535
30381
24869
12575
22002
22612
10728
3632
15341
31852
19210
14853
18445
27995
19658
955
5087
4126
18120
22220
18352
10428
11796
3812
26101
24475
6141
31781
32127
24561
26176
25523
25167
17000
2671
23417
12790
6597
2544
19277
3125
27833
2539
982
2952
16966
4012
23392
2277
30563
13113
11154
2242
21070
13008
21602
2760
31689
7107
484
29028
21294
18880
17922
20726
382
30480
24396
8697
18936
4468
27510
29558
31637
18323
13028
10322
24624
20086
24846
28935
12019
20692
9816
23817
10222
9686
31737
4693
4624
19601
23933
3259
31344
12084
17751
4420
19272
31684
9591
24967
11514
30832
22492
13612
23084
8653
3450
4328
20709
2215
8844
19406
31023
18826
1625
6576
10948
27690
12666
22317
15709
27512
31529
2742
6235
27114
31850
4277
25875
3606
5370
4062
9572
7603
446
6027
29690
4991
10182
30284
18115
18483
29201
3485
31236
15232
27687
29915
27761
27953
32241
22007
17071
26077
3266
2519
16945
4421
11618
27321
14884
14481
25834
25119
14588
3311
24963
13729
2204
13886
32067
22468
18901
10492
26671
17375
27081
32445
18615
12793
11691
10648
32223
1647
21301
14373
23168
12768
29782
16747
26170
29073
24871
5541
17816
16845
3588
20494
6138
13482
29251
1221
14643
14167
470
29241
10811
22529
20541
13604
11099
3654
24103
26143
11857
8749
135
3853
15105
18439
10797
16830
30807
3706
25801
4357
13683
23587
19009
4422
3228
26618
22083
25324
20441
7263
23547
17375
11604
23003
19056
11317
29060
27146
4388
29733
3646
11178
15265
11781
4063
6619
18216
13474
13127
9920
22480
8808
21655
16518
11308
24282
1337
3401
7457
31006
14494
28467
31204
19499
15683
7492
13649
28325
222
104
4642
20718
31450
11464
1433
13333
8238
5173
17822
10246
10676
17102
18583
5841
1501
22161
8452
16583
26536
31677
24335
16131
4773
22154
29361
22598
3408
11266
27900
23917
30446
6336
18071
15594
18455
1595
6196
22309
24445
29759
30066
21721
31037
15526
4316
25490
4226
20396
32234
26510
27199
27947
11928
2525
4210
11635
5479
5870
13896
22604
29438
2766
30879
10938
7524
12304
14952
966
21548
4218
11473
7451
6420
8050
2804
10073
15676
13716
8060
14169
21335
24789
23771
14560
4882
14434
9756
19795
25110
25967
8791
16597
2114
18866
15482
24901
17724
29098
25046
15078
17322
14696
7027
20166
14472
15959
3310
26290
4740
29364
14673
20365
29179
15012
14659
30048
16708
25945
32709
7592
1739
17491
24684
29855
28031
11474
30920
24080
7830
6400
5324
31947
16522
2791
24740
1521
10439
8999
29616
20543
25640
13068
1441
27067
21646
14879
16039
9853
29821
22606
7033
23423
24962
27026
16802
29886
9436
687
528
474
10240
673
20209
560
15483
32162
8420
622
11990
246
20624
23211
31587
573
18122
17161
17854
25625
11395
7142
13967
15354
19405
5257
26839
23278
27036
21277
291
1046
29080
814
8890
8404
15850
7903
11025
27624
1494
27482
8878
25608
10287
25719
32365
21119
26623
17458
5889
16256
28238
22606
9985
11192
12872
28460
27571
6138
7590
29793
9517
18092
11590
30522
8955
27767
26449
12300
29596
15830
14496
11633
10032
14552
26748
13168
15770
9188
1006
2447
32527
5642
14924
13652
18335
13043
25881
14635
25636
859
30560
25093
26368
21601
23631
19559
23082
22944
31954
29906
14784
15166
2443
20501
13510
23652
7845
2877
30574
4983
7102
25783
28996
18102
15545
11736
30151
24268
13018
26026
31598
29468
7397
27849
2314
30554
24435
15814
30961
7898
7990
8826
21948
6851
5177
29491
32750
30572
21617
5336
10843
15897
5752
9992
4246
6563
22603
226
11342
26036
7791
13870
13135
11398
23440
15476
28510
20369
9755
29128
30577
30374
11673
29647
5835
4486
23201
5963
18078
12085
7449
16571
31057
13536
24195
17935
3739
1445
29813
29677
13454
22451
31156
32482
3084
11301
8686
9159
18668
3919
20241
11036
13169
22420
19234
25827
19940
9611
29702
24572
27879
7497
12978
27769
29074
24563
8873
14103
19895
3319
1840
15660
26396
253
15872
21946
14179
16990
25572
21465
10494
26780
3141
13075
28421
30054
14906
17125
17356
22212
3011
23185
27973
18539
13432
9918
21774
13455
26719
18911
18003
6762
21043
5188
1684
5580
300
26854
16620
26438
19374
19236
8725
17154
17415
5988
18920
26785
23180
15502
6712
20171
12482
24601
24126
5663
27817
6958
17950
28057
9472
12034
25947
24341
26320
6023
30135
1168
11605
10879
18771
27246
21592
25212
28195
32494
10194
18353
19483
20724
18536
31100
19309
14773
31271
1446
7873
22380
25539
23433
30323
16655
12234
11356
7464
23453
23788
318
3585
4215
20187
26474
16602
17839
15568
14179
18717
23141
15718
21227
29940
31705
11565
17410
23138
25771
25282
32011
32269
27661
20846
16362
21278
21172
18766
31327
2644
26257
28600
15691
24935
11010
7408
28490
17196
8020
30656
5819
2238
4823
31622
12897
1750
9355
4456
25086
19612
25226
20091
23118
2785
21705
10048
15041
6732
1559
9362
29899
29597
17368
3764
7128
25777
16530
31599
10159
196
32317
31080
29331
31883
27927
11987
7650
2624
1205
27243
23630
18711
18374
31976
28490
11207
11683
28300
31403
2445
4907
19766
18757
29227
22497
31172
31769
20149
8635
21064
25900
27756
13495
23692
19012
5259
22892
32226
6264
6329
14214
8554
14839
18523
4892
13190
7437
30490
15763
18713
24992
19440
14087
32599
18506
29773
24140
4172
25008
16665
17927
24911
25971
13704
21733
19565
30609
1106
21503
9742
16727
2422
4786
19301
27410
4830
14102
13984
16976
19738
12984
30468
27017
6279
12832
5933
24003
25880
29160
3675
19005
21767
18549
6298
9398
18829
32373
3687
4647
19688
17748
14334
23121
32085
23911
21262
15952
1235
25297
15385
28870
8504
24955
6811
24205
14450
6462
6400
25442
17848
19312
7631
8547
27585
8573
21613
22052
21680
3416
19487
282
13738
7998
22680
29344
5493
31721
23064
11531
3217
20690
27607
28313
24280
13370
27089
29971
8159
21432
237
29108
27064
21643
14002
6183
22506
15716
19102
20402
10203
8399
21466
4722
8663
24532
2070
29010
23957
13991
15309
23878
17846
20020
11353
27058
21970
31995
16633
16351
3450
21150
21510
11184
19132
30482
31877
9494
9876
327
12752
26786
21298
19510
27047
26492
19414
6775
5403
9587
790
26478
7791
18725
4100
649
22029
26471
15641
27673
21017
16706
1268
9420
27859
3670
641
7704
9033
1951
17611
8874
28477
13049
30048
2067
32316
30825
2504
31166
11857
6378
28156
23352
18053
17621
11828
997
10355
9053
18491
9886
10514
23628
8631
13592
21958
3354
17779
1895
28479
20640
1465
8719
18041
4431
9199
25170
2472
4268
4197
29516
25849
27743
929
13312
19004
15990
22051
4172
1510
3379
15693
25830
31105
508
30971
20774
23137
32038
20519
25069
1549
10516
25964
9014
14062
12778
20382
29884
26092
20153
18472
24222
16790
21239
12579
29864
26532
28703
13448
24986
23861
30610
20844
22928
10370
4013
23387
13242
28348
19213
24355
3846
9975
25556
15089
13099
23310
1534
24622
17680
9222
31435
541
13797
32035
29230
12598
14648
8235
10819
21216
7264
2225
21706
22847
24962
10154
15349
32536
9369
9473
30962
23568
20037
19275
17363
9725
12712
17866
1845
17673
11928
15635
21965
15893
26311
13292
18912
14521
26796
7799
16265
28159
4525
9657
13203
20838
20803
4426
21822
29436
20073
16727
23338
1260
3041
7485
10817
3967
19181
10930
22734
30638
10608
14903
9737
23665
20071
21827
15336
9190
2296
18573
18560
20905
9908
15635
6307
20945
9167
31271
6671
29598
4547
27620
27842
11746
25665
16201
14599
31419
8968
25704
12435
7896
25322
23026
24833
20690
2130
16924
22354
32018
32277
21744
30096
14707
25671
15809
23658
11235
19270
27350
1473
29885
3954
2226
2059
20906
29040
14788
15347
6686
1500
26265
28551
26424
6904
14814
1765
18659
20872
4092
18604
31107
23599
13843
11157
25340
5984
29422
30074
13575
26841
26988
9035
32664
4257
14106
11138
25322
31931
21639
25694
2550
20483
15808
22237
1284
16108
31875
5219
21201
15898
30961
11754
22103
2150
3148
21125
23032
22676
8878
18325
15803
18585
7154
32450
25928
14964
31965
19804
18528
30580
9301
17733
16688
2732
8838
29217
29765
12025
16663
22118
6389
8622
29144
6704
8422
8648
12899
3873
7881
269
7676
31409
19769
3721
711
16429
9493
25914
13200
16783
1222
7027
2587
11347
29018
23191
1625
1632
11147
28634
29159
23499
788
15994
1636
19098
19943
20379
31642
13385
26663
27585
18251
8517
19263
10459
10139
28057
17551
22877
9525
2290
27162
6601
30980
17857
13830
29753
14126
15192
30058
28843
19790
1351
25955
23086
24781
6506
21662
11610
16432
24897
28858
663
13012
17186
7442
19485
15125
3899
26907
11966
12224
5411
10452
28670
2381
32400
24433
23648
12910
27101
31381
32695
31242
24974
3489
28780
31011
32549
28579
9260
28860
7249
9889
28300
22926
18900
28138
3064
5599
22030
12740
11419
11908
13908
26311
21410
12087
27996
29971
13464
9556
12826
32344
20628
5893
7708
13032
25446
8778
19631
18713
23112
9046
22417
17015
2581
2875
5056
27528
5335
13609
2049
29983
9672
8230
18529
8750
23518
7457
25779
9251
9997
2414
30441
18665
3131
7805
13055
5616
25750
29876
16799
20315
1660
24266
28573
21570
1590
23441
24353
10134
2306
5464
26102
19052
1744
10410
11791
17789
23834
26821
32695
12485
11886
19590
6828
6528
4113
16259
31209
27874
1514
18937
30981
10931
25143
2286
19284
31345
15435
25442
27650
25414
18977
26607
3023
22155
25398
25156
12167
20488
19330
7352
30076
29387
19858
8740
20013
31047
9749
2820
20702
11012
7170
1197
27684
8421
8826
13870
16170
27282
2353
1220
24994
22925
35
4931
19953
6494
17366
18698
16626
30874
9757
17700
31251
25034
21730
24258
14553
949
27038
25330
3655
16608
23925
20789
16281
13692
22298
18797
5960
10416
2497
2562
31209
24867
27898
18843
30186
7048
17942
27434
16112
11873
13692
25379
12936
5497
23306
25528
5602
1128
1633
21368
19577
6624
3185
3364
15750
17709
9998
19085
18903
3296
14036
10371
1585
18224
11233
10899
22662
24154
14635
22197
8023
25017
7947
32220
23476
1348
16264
3883
19240
10897
12977
16614
16998
25991
24217
31314
20969
18776
22316
8900
7186
29758
6665
2050
22427
10128
26319
26951
26924
29998
13433
5822
27278
9954
31550
24312
15602
29067
16887
32026
24102
21199
18392
6380
15574
29415
19138
28052
19553
32373
16745
9339
2041
30379
30889
16470
27048
16276
24607
13442
29707
15562
5639
20662
9607
23190
23256
18241
28506
20040
17104
31790
10257
22882
3459
27212
6698
15143
18888
20327
15023
5174
15230
18420
23994
20660
24016
9946
18825
6394
11495
29434
26305
21119
3795
16632
20983
24232
24945
8921
18130
1145
30269
29174
12955
6150
10894
11455
13784
18302
5035
10142
8242
5452
14729
753
1565
27070
28820
30405
5823
5728
922
29103
2804
6102
29641
24461
1373
13580
31657
14765
32170
19599
30073
10749
28713
22690
6375
7501
1583
24397
13009
2905
18516
12703
20005
31244
9434
29824
32041
13539
19794
21460
11639
18872
9617
1415
24505
10273
3262
23514
30760
1451
21634
8213
2485
8017
10387
6580
19600
26383
13117
11945
11218
10550
30013
19041
25040
32406
15542
26108
10661
22571
25569
3419
1654
20102
24811
9342
18046
19387
27117
7593
8360
15232
29260
25051
6301
8790
15541
17845
22258
9750
21584
337
11080
22569
5727
3444
13145
32625
11576
8202
22236
16123
19460
11778
29166
4642
20898
19755
16679
3110
26470
31382
16359
20909
582
30364
17095
12237
28503
22999
20443
12471
28773
19750
10132
19514
8564
25555
10436
20594
22102
14257
26522
20726
17659
28238
14892
12762
14919
25760
20680
26761
710
6346
2810
