8500
1393
29160
3804
26388
9092
18365
5602
14574
11933
3134
26918
27313
18175
20287
8727
31704
25533
14939
2688
19092
3147
11092
14309
377
5503
24082
31612
17375
19438
29505
26914
4401
723
28592
15448
3918
24799
10175
14077
3666
12809
18695
22637
26366
31517
27171
18440
27012
30297
25772
21144
2349
9536
25027
15332
4836
31522
722
7356
21546
1701
19390
10186
27979
4153
13563
11026
2934
1681
32481
28344
1809
4200
27628
14028
15913
10078
23407
13675
30379
4134
14360
4462
2328
23730
22096
21141
31305
18895
2746
6610
14082
15257
24353
9197
27985
11618
19137
21201
15792
12446
2073
7628
5373
31724
27250
19448
1325
29557
8129
978
18981
28861
6453
12498
13191
11375
9934
32284
13314
28072
27788
29722
10887
26740
499
14785
25397
15485
23872
29348
9107
24845
8534
7314
30353
11907
14968
32730
29968
28686
12526
29491
22604
13411
15149
30497
5427
3695
9267
17451
3537
22571
2643
29886
21535
11546
23304
21210
13104
12665
3932
8184
20391
7641
15158
8185
2643
30441
28440
5646
14642
6947
25124
12113
7313
32492
3844
27874
595
13047
26474
20287
23807
19851
643
23242
12116
27483
24358
1784
2562
8947
30148
25422
32314
8882
9451
19305
21218
28320
26178
10620
32767
26079
11321
9029
19585
28488
30259
8506
7929
25313
10957
27838
7505
11437
13222
633
20206
26059
30321
8342
7741
30366
11587
9139
12479
22334
5550
20001
6760
16899
21460
11821
27557
19626
24211
19964
4729
8859
1624
22327
30749
8629
20793
30527
4780
31389
15017
8220
32230
19571
2831
27828
5386
30985
29908
29466
25723
30402
25988
22301
8404
25985
18980
20459
26998
10098
9581
12894
26987
10695
24799
26184
31553
4680
31919
13249
25832
2947
23971
2925
16504
27847
11771
25591
25523
18970
19385
30998
24688
5154
3645
28747
17464
9364
18839
16456
26927
28579
26794
4090
24995
19789
18311
22233
13126
31820
9622
8957
28609
5267
26019
31734
26527
9176
28168
30193
26814
32035
31453
14774
14321
3058
2332
790
11164
2906
12785
7928
29939
18135
8052
30378
21535
4413
18088
24289
30559
18994
21223
4277
22242
15918
1620
2720
17544
19272
19905
6163
10878
8017
7643
13814
29596
17936
15624
20708
32113
27611
9555
5185
6835
9507
19980
21474
28629
15368
6429
29677
8779
28377
26551
795
23625
11291
27532
30
31017
9871
16525
29269
20889
19061
22299
21635
18223
22040
24246
8566
1158
15789
21449
23882
28727
11183
12325
31014
12035
12691
26299
14492
29340
28379
32303
3425
8093
15795
4448
11678
6706
16301
862
3905
22084
21134
13208
1500
19278
11183
8816
17181
8189
17462
17683
7111
21128
12754
28240
19005
23666
23417
17420
19982
13155
23735
5685
20465
17824
24878
10058
22978
24639
19686
17793
17013
8933
18043
13340
9040
17675
13367
31037
11582
4090
30180
4931
6798
11428
12765
20089
26115
4173
28998
14372
21666
25989
26654
21879
8735
4742
6039
11141
14916
23911
16776
24370
11390
28647
15122
11000
19388
11917
26935
6255
32666
338
8659
12273
2554
20679
5789
20429
11313
8853
23011
8940
8381
16643
9940
8692
28965
25017
12972
6521
28201
13630
26803
29663
2915
8593
16742
28450
28480
23601
26722
1293
26737
6940
4637
23499
22966
6939
19624
29054
29452
3768
9275
24650
25925
16982
26002
20112
21654
1922
20738
12822
26745
11070
28600
2444
30824
7651
30939
22021
9142
9993
91
16621
18674
19313
892
14054
11259
1954
21844
15790
8784
18993
11091
12512
14081
31725
24998
18907
25932
21612
12261
3387
17171
27069
16631
19352
24867
30163
1545
31300
29024
32641
20780
29273
15495
22881
25275
17915
4749
3085
7874
31129
27273
1138
24233
2022
31870
1843
23770
7096
30746
15470
23385
17544
4457
6713
16994
24205
19768
16011
24772
1073
10626
25285
15479
9832
17277
21045
473
15874
14637
17196
28843
18457
26456
22552
10150
4861
14384
4448
5010
25559
15052
29517
26889
29355
5314
2352
14987
6893
24048
28208
12053
15512
23480
23489
23014
22980
2278
6833
11979
20071
26305
21682
6080
20010
14353
30169
7713
26668
19537
28873
13365
3904
19277
26530
1167
8040
11382
16669
30179
26364
29908
17949
370
8794
28599
24480
24941
2413
28794
28479
14912
14992
333
918
364
373
21464
10696
5780
28101
11028
9591
5215
28395
6662
2481
1974
3439
10790
20054
25785
16237
5919
23044
13902
15891
5011
30973
27324
18976
5298
29187
22447
29551
31449
29623
23603
9238
7515
8519
13261
7761
12437
515
13611
24426
14300
21078
21141
13689
4466
24882
28089
3867
10942
32246
29843
12701
1118
26508
27781
2582
18135
805
7049
21942
20885
7906
25485
32365
2598
32255
10553
20952
22992
7293
27316
32681
7858
25063
28900
23996
11135
22929
17624
16832
8371
16893
26976
6451
2824
23263
21132
2410
15295
7094
21950
31179
20571
1659
418
13657
10124
24114
10022
9905
29027
14198
2905
3293
3035
2045
12638
20521
25180
29229
1905
1615
30905
32085
25713
14540
23655
4415
6373
23140
12840
3356
15456
13043
8095
13770
19324
6053
11292
32413
19066
6839
23568
6308
1659
11294
23103
29147
21024
22516
24017
11580
24665
8751
4899
14293
25220
12229
21385
3687
4507
25216
16009
4961
32555
16955
13210
11163
10141
10060
8298
4162
30056
23246
15868
23198
11610
5507
13583
3149
27120
1551
23127
18831
6568
31896
16998
5586
2380
9215
5238
26896
13729
32118
18890
32289
4277
13524
2244
13550
19635
14393
20235
30549
6527
8750
24418
17205
22127
13377
28673
16685
31862
28237
19582
31180
24122
23691
8742
17803
25865
21286
30427
20517
5993
32385
21601
733
21333
384
4209
21186
31084
11273
6003
8805
22801
10533
20110
9595
21148
10662
29089
585
26845
18370
1843
106
18380
31628
2833
28809
1018
28282
27630
27281
28506
888
12278
6363
28328
2313
16663
30891
1456
14725
15816
18070
1878
5068
22325
16363
28427
2749
20341
18131
14049
114
18097
24118
22615
19643
16615
18616
25882
19122
7764
11801
24961
20489
25494
22222
5337
26646
13837
27831
32130
682
31692
31811
15126
24879
32107
3148
29464
3348
20103
30972
20427
2476
31443
20963
13400
12613
25134
18739
29318
1198
9751
23589
17391
26081
18237
30383
26802
12633
16957
29272
31158
10773
26262
18016
17761
21072
23136
24252
15517
22472
9138
3570
31918
32590
11847
26744
21271
5784
28787
3055
17362
9660
3188
13729
10020
20758
17006
7786
20103
17402
16961
10592
7118
7357
16193
6535
13916
5901
21500
15092
14306
7650
6745
23793
29177
14456
7680
73
17210
9161
11319
27078
699
31914
10036
17008
28562
26761
24088
13221
16644
4668
7987
16444
24100
25109
18074
32598
28233
8895
18219
23583
23498
9601
4887
23640
23569
12992
31104
18022
3808
22475
23275
21715
24457
28660
20617
24206
19081
13201
13270
9084
8116
27535
27498
8193
13690
3192
9571
21273
17417
21250
1466
31130
16440
26145
18091
2202
14126
7845
509
28172
8251
13410
3003
26725
8986
24291
10903
5678
4968
30743
22980
2769
26441
12549
12475
4240
32494
28416
25256
13025
17182
19471
27482
28958
14671
25389
16805
13279
704
23143
23639
29620
7
31478
32111
8316
26667
5680
18565
18605
18075
18043
19692
22242
24266
29469
25608
19287
24670
16155
20969
24959
10087
4500
3604
10737
17982
14564
11811
12985
24829
14780
18981
7748
27974
24778
6032
19910
10268
6569
22618
6591
19084
29456
2079
4283
29613
19288
28239
18380
19384
21014
2765
20029
6903
23443
13405
20495
5303
128
5255
7998
17870
4197
14704
19547
4682
18545
16456
20089
3492
25127
25665
30551
7802
26915
12
1813
28653
9690
24063
26075
21830
10384
28233
19389
2112
27375
20564
4222
284
4935
10829
5053
5960
30198
9322
15748
8218
31172
24694
22477
23529
32358
18765
528
22806
10064
27122
26178
16099
15098
21041
5241
3025
7635
32564
19250
10684
27258
18964
26854
24393
14241
6724
32714
22409
3265
14312
23452
29096
25578
17916
18861
8976
29043
1953
23840
2177
12737
15523
6029
3377
18018
26482
20267
13751
32689
3258
19798
3019
1088
28070
31839
22797
10947
23246
17008
11551
29566
30805
7378
19433
18339
13696
15747
6750
6195
3866
8284
17340
27872
31540
14338
6566
26177
13804
11262
23763
27891
7502
17175
23125
12822
17847
30215
24087
6962
9314
32146
16024
21538
22614
1402
20749
8512
21941
11115
20985
26357
28266
8490
31559
19313
23736
11580
27377
29163
2910
1945
7409
10176
25716
7963
22141
2852
21900
16689
4775
6694
15932
19923
5825
1740
851
29460
3178
13312
27023
28089
11558
1433
8708
7639
27659
2374
11290
30725
30833
25732
8855
20725
6818
15020
469
24293
24061
30076
5810
20924
21521
11253
27024
27664
23188
16648
19754
15880
7696
18203
16786
29619
4390
30387
730
1266
11586
119
31487
18029
9104
3625
10337
19300
27322
21851
29769
26172
27145
7580
4019
247
7077
2554
4405
30745
1154
29665
13150
19151
31384
17543
18299
14133
16690
32499
24206
3462
22191
12437
29955
29323
21275
28217
5492
32735
25500
1702
31116
23597
13386
22091
21827
28819
23235
20358
79
28819
21247
17816
2751
10691
2242
29191
26359
14573
18331
31121
18392
27483
23902
30843
9478
23541
10498
30402
26796
23845
5938
28656
12793
876
16924
139
3549
24467
8724
20764
4148
12845
8332
5957
25210
13884
17018
27729
4041
18116
21682
19990
7731
31494
31297
6572
6057
23800
19553
3195
32744
345
32159
27172
28217
3410
16046
3928
17141
29076
26230
10595
22086
25219
11836
13043
14463
19744
3757
17504
4008
15888
16769
22638
5465
28682
21528
12243
20231
31212
16408
30931
14146
3062
15659
5493
4409
25533
16407
13362
10897
16403
6921
1182
14006
22406
31849
6445
5032
2817
2168
9199
8166
26758
2424
31386
5031
20534
14
1630
8274
4047
22883
13646
18849
6994
10722
30445
8284
29665
4124
18665
12777
22915
7435
403
31791
23431
18500
14995
29219
29113
8294
3023
19693
13774
4592
15900
24336
1447
18353
14654
18926
3065
14156
8344
9286
12231
21479
14775
32223
26075
16053
23582
30811
23868
3119
16955
10414
17213
28957
3320
25685
12441
7338
11051
12153
16181
19339
3784
4815
29933
20820
8531
6965
14003
13824
28924
1445
20955
15527
17687
5701
9684
3878
22037
19029
5638
17468
689
8624
537
1218
5540
2524
3168
13424
14210
6761
2095
25204
19096
6379
18241
22569
14293
23478
32293
21016
3712
26033
30248
3401
19810
11219
11396
25985
17817
22665
22811
13920
6894
5723
1673
27102
4773
17120
5137
16729
3789
1310
13572
12943
24430
30037
3149
6903
25944
4917
29276
22380
23442
23687
21838
30710
24581
27963
32350
27777
13975
27586
23600
20929
20999
21008
12170
14490
2469
644
5815
17472
1706
28603
28954
23444
16516
24010
17797
28470
24351
31795
22521
10102
11083
11847
32098
26456
9163
634
25846
19085
6317
27842
23133
8270
13606
3164
14619
7908
3688
9450
20101
30430
32554
26159
5094
28081
13252
22608
9544
29644
2089
15678
15724
20640
18065
27133
694
25217
15065
26125
24445
21833
24508
7355
26124
432
3095
4902
1337
3970
30516
12635
24297
881
27736
13471
32703
29869
707
8279
16783
30337
5772
15755
10175
15554
26345
24336
15677
1728
26789
30818
20545
32149
24523
13642
8083
15348
25814
24685
28551
24108
6806
25662
8232
32402
990
27223
10197
23122
27323
7041
13136
18195
13863
15656
23607
18205
12364
16038
26667
3468
18715
68
14356
10435
16065
16766
10824
10570
12985
10040
19788
24671
23703
22218
8809
6305
5542
6741
19615
27337
12225
28732
9958
31703
17689
18079
1639
20372
19912
24629
27158
15303
17661
90
12473
12790
21623
13773
22105
30890
1829
19722
8966
29388
15583
7159
1986
15989
8025
2571
9260
27914
8436
20065
16648
28368
2983
25143
31298
1117
27122
32525
30678
15055
16115
24217
29885
8849
13413
20044
22070
12527
26100
8697
23219
26345
16862
30683
6073
27608
28109
30224
32732
28023
9889
12369
5393
23011
13975
10082
1601
30999
6334
1379
3467
5592
17993
9453
9950
7027
7125
8386
26692
29142
12185
26764
10350
12280
22017
11556
15581
10709
21492
5504
9682
31215
11409
17150
14912
29154
16190
15255
25543
31432
27477
13536
2033
4584
26651
25691
23078
13345
19186
31783
27492
28475
9462
1111
15078
15376
25887
6272
506
27806
12388
5030
15885
2416
18042
26663
21096
16709
14875
1693
26572
11020
10149
24066
18259
8352
15935
21382
14813
654
21879
2557
21624
11965
18181
19906
32045
21633
10686
32415
20482
84
20093
2583
13925
12697
14447
22788
8067
31372
29197
14976
31660
14550
13724
20151
9932
15426
15816
4595
21505
13921
15073
10698
10632
16309
20135
6061
27304
31989
11163
3060
2502
1757
22155
23558
20965
5275
10890
14348
18731
29104
12756
12772
2025
26600
12411
3115
15373
11147
18540
22310
11775
26118
17494
24771
25175
9037
19819
10781
24445
17735
17842
30147
31090
9008
28872
30508
1922
4611
29614
10397
31752
4827
18597
28641
10897
2418
9535
20411
18565
9675
6162
5397
17569
12260
24815
6440
16795
5451
8110
7688
6169
31248
13535
6216
24523
31688
4068
18933
2845
17795
15835
17132
29131
24999
14882
26852
15165
13665
28047
15996
4940
30493
26427
7477
15588
31524
31572
21355
22355
28312
15558
30484
9930
23572
24490
32763
24690
4940
4873
20910
15532
8911
9018
25647
3131
25245
30387
5928
16726
15021
31937
24494
10375
13699
20445
11772
4818
11881
26390
391
4547
25992
974
7155
729
6787
26170
14515
2269
4766
19875
16195
17288
11821
2515
27364
12041
6388
20850
19391
9006
13913
15742
5503
12628
14334
2049
25953
11744
31080
20891
22932
10402
5527
18267
10071
16835
26785
17741
16764
25190
8106
26935
7995
26463
4202
26424
19800
24493
24123
1547
12878
5108
12818
22595
12823
17388
3303
16398
9226
19964
6348
21535
12299
9184
54
7539
2076
20043
1096
16045
4426
1349
25587
8165
2860
22
25425
1615
19124
25622
17113
15297
7367
9321
20522
29496
14995
3473
14266
32607
1267
28597
6118
29451
16544
3705
14667
25769
5981
7625
5789
29616
22022
1952
31442
22351
11641
19113
18461
20656
30021
22066
17727
8275
9532
30256
26701
15889
31827
2381
20345
9238
14016
5211
10176
11369
28978
24828
1930
2903
9421
19406
10881
26427
29308
2000
22122
30486
104
25339
1548
28957
17731
21724
29919
18479
30256
24163
11676
1509
16817
31910
20813
6717
7341
29952
5617
26539
3887
30566
18391
21655
5515
14819
11433
30745
11399
32472
9948
19205
26115
25447
20788
26366
11566
13112
17845
20120
11891
29577
4675
14216
26718
9386
10063
8354
28606
15982
28444
10408
16138
7842
8291
28508
8931
4793
20140
22723
8559
11149
13628
10042
2674
21849
25107
31116
7528
19489
8792
7073
26411
2608
26236
11763
13401
15449
3804
9718
19358
31207
26309
15288
30776
14229
7152
24637
9197
6413
264
21100
28305
10816
788
5330
28426
9971
13293
1555
12547
31668
10954
6316
26705
24230
25472
534
956
3909
340
12630
17070
23732
19209
24667
10164
3416
28226
11766
16078
30914
8949
30523
5055
29459
10079
16940
2427
5577
721
22757
28879
29740
7178
30515
28357
11033
13880
28233
4868
29290
25581
15416
17920
15620
13645
9694
19933
29642
9380
13669
16547
1313
31906
1241
20025
3524
1804
12887
8686
4476
4533
27398
1691
4493
20468
13020
19547
32190
32572
31913
14314
25322
10581
3105
20978
7554
7390
28436
28262
17976
16065
7890
23473
25294
665
19540
2504
26570
8222
20165
14348
26446
25036
16792
25685
21581
29492
26436
3676
5414
13145
1969
13749
27801
20495
23868
7554
7946
7315
8242
16683
23294
19192
22337
22473
27737
28169
9413
4811
18362
27019
6555
30455
29272
15486
13080
12505
14898
3696
728
16114
1301
30902
26614
26170
6061
15695
29189
27055
17691
4646
21608
22069
31617
17570
26997
4564
8147
13533
1007
8292
29892
21412
9922
1043
14669
3837
29460
29021
29317
19075
8575
28152
28141
14597
32075
15599
31441
9007
20672
9986
5113
10355
24302
30263
11095
14348
28339
30066
31582
5578
4413
29780
31944
26828
18243
17026
29867
23543
29462
13652
27344
2773
30517
19926
29508
18623
9843
22910
22748
26837
11545
26937
30419
15643
31002
8069
27233
20368
20145
32643
17860
27248
6156
20862
18603
17407
12281
28052
4740
7020
27388
26425
11690
10628
26872
8536
32241
19107
10722
28516
1051
7245
19143
29237
11762
11938
4197
23033
28104
16658
3164
30380
7950
7930
1979
9178
18751
5959
22294
7333
15097
3943
32741
1501
31838
3995
1644
27512
24431
15361
13457
12842
1437
30496
32470
10881
642
9402
29764
3075
27568
17612
23645
9195
710
27349
190
31346
18065
12382
31915
10036
16097
28407
30428
25164
5496
21638
32376
11873
22921
2525
10630
21713
9882
746
6239
28605
24755
32109
20224
4443
3939
27682
7068
2341
26920
12473
10638
15383
17274
21382
16482
9311
19957
951
19321
1807
4064
13923
9121
24423
7495
14116
21007
2229
7344
32497
11093
12670
17436
30542
7176
20406
7783
26685
31257
9542
15610
23321
7139
27292
12986
4890
18379
9308
31045
26302
17609
20187
30778
4320
583
7585
13304
25987
403
19850
8403
2772
11193
7519
31160
12348
22986
29375
23281
5913
25710
7443
815
6387
6391
993
549
10865
20273
3113
8926
29351
20969
5476
19706
5103
31177
17589
27833
15531
9869
13400
28415
15250
10015
32210
4548
19435
13892
27844
5781
24313
20337
11483
30841
22393
26401
3940
22438
10738
13419
8039
24991
5837
8443
27802
5793
3947
17542
1106
566
922
30935
31843
1381
5971
8630
32188
17651
28020
5642
29011
26326
26378
19476
25957
22291
23704
25019
30281
7389
18131
6202
20247
21044
7232
15693
18336
9526
18668
5473
3618
5452
14117
18514
982
15198
12524
24487
10683
2756
8168
11137
2258
16599
6302
19133
13554
15736
13442
26685
6138
9429
26711
24779
11023
16369
19593
24042
18511
1786
23477
5279
13860
11018
26507
28441
31529
2352
13234
6352
24609
19776
18027
12672
10155
19260
16593
27092
13622
1008
18672
10712
997
3515
30151
969
6734
29985
21249
11423
10568
10426
16597
32319
29404
28901
32678
28830
11650
6886
18730
29974
1850
9297
18418
2143
12392
18940
16170
11838
14312
31621
25088
13510
4269
16440
18892
30568
3461
16082
7834
526
27533
19677
12764
28600
9274
26665
16994
10166
2825
19210
26126
23875
19475
22094
722
15807
23917
31534
22551
17593
9245
4638
9904
1615
25730
6847
11014
8291
30105
12823
2584
4786
22918
13201
11638
28214
10473
25746
26345
5607
9546
17975
28557
9177
14451
7751
6670
27029
12108
29851
11181
10566
4931
21681
13140
28827
2508
12955
23761
17389
32289
26691
11726
19695
29072
16308
22085
8719
6107
19364
17016
18511
16556
6896
1598
28838
16587
2710
26355
30797
4088
3282
15967
8328
222
10125
24304
29136
11094
19765
31722
7922
20440
13151
18618
20111
24671
9455
13857
9353
23779
4543
9034
27861
20572
19634
8483
5719
29857
19670
10896
11839
20337
11170
7833
28450
29290
20148
31275
18957
20733
29140
23306
30596
21406
14297
24376
31880
7142
16873
28089
28212
5013
31128
27105
17947
6344
21084
10271
32648
13558
29974
4697
9775
14895
9426
6092
6838
23035
14144
26393
7767
4024
29842
20658
18867
6881
11952
30611
28653
17650
30347
5096
16480
849
21577
23154
15765
19811
26363
19053
30546
25738
10462
22375
29826
18091
11683
9549
4404
11648
22540
13411
23063
4053
21630
24225
11015
27105
32245
23790
30460
32354
15289
14605
29623
26955
29566
30808
2576
15779
8299
28271
27392
24202
1956
20940
15717
24535
12731
15876
16563
8886
31548
3794
26219
22628
32607
20854
26522
30504
3528
8407
18797
1165
7566
21350
21556
3946
3248
7355
10537
7324
24022
19665
9883
15282
13274
21833
19760
13162
22904
27586
10382
4878
5025
20745
4917
25595
3686
21172
7281
11120
26313
19833
28610
29061
9362
31341
5333
22982
23434
23558
2044
28027
14842
1496
22501
24503
23894
24817
5440
29093
29826
8944
22372
7502
6643
25875
17264
31784
30727
2786
29464
28613
25930
956
11793
5304
23085
23836
3962
10906
12941
28390
30488
21406
10055
14635
17169
13577
28416
14798
10772
17078
30049
18973
25630
7229
16326
14403
13529
29475
1610
18872
25308
25387
24719
18115
17007
23311
28224
23711
531
17122
10369
8392
7810
24937
11853
8974
8550
2351
9024
31806
1498
8332
6473
32740
15453
22664
6523
20818
14909
9633
13840
4742
4007
11962
13951
3851
4235
140
21838
8185
4192
25866
2511
30583
6388
14593
18570
21243
31381
30417
8328
3588
1039
6159
3573
16307
10299
29044
19159
15104
23110
17224
11139
27865
13046
27232
514
21826
11813
11694
15636
12822
32272
858
19592
23232
21174
27529
13508
27853
25664
12457
10558
5464
6763
3692
1481
8736
9093
1958
30778
587
19847
14362
6950
23290
13206
19502
18910
30509
8826
1019
3727
3479
23552
10702
10326
28561
8186
12823
25137
4458
24727
6135
31513
11186
25929
20436
7217
23229
21983
13975
16788
24556
16120
23534
9026
31837
16285
1297
22928
11132
26906
23872
785
15618
8429
5410
26367
25608
4297
7417
18542
24572
26258
6151
12538
10920
3704
29879
1737
9352
25751
11072
12634
12846
173
29305
7098
15793
11370
13296
16362
26454
2492
28288
26482
6875
7386
20875
28918
30738
3862
23942
922
14013
25144
2425
2370
1160
3156
19784
20936
22928
27611
7406
31318
21109
508
14130
20359
26656
6281
28511
7319
1797
11362
17573
19792
30872
11805
21372
26134
23939
23282
27131
29945
8738
123
19242
6547
11265
19229
20945
25093
26299
19897
16541
21336
25654
8884
345
11479
30029
12298
26592
4256
7403
20657
20860
29063
10269
10991
27258
6662
7450
31209
9385
8052
9120
28782
7559
9611
14296
24738
30294
11813
22785
25413
19649
13331
26083
7759
5276
5146
9407
21283
22022
6488
19005
32327
21787
5817
7757
17045
27408
28821
467
24929
5631
8431
661
16133
20650
7757
14717
23920
2538
28467
2765
8692
26454
16115
28951
14326
31567
20875
29550
8345
6890
5633
10192
23427
22629
17010
8002
30574
2140
20951
3634
31118
22907
14785
10398
1428
1802
6793
8291
21574
24790
19781
24806
27403
16948
23325
16616
22371
14267
11143
29755
27285
6272
15912
9311
18178
21397
28837
5349
21375
3651
2370
12185
5340
1399
26238
10800
2942
4472
29957
3616
22983
17713
11472
14465
4754
26244
446
28898
7339
6080
24490
26402
29466
17685
26137
16679
30965
25552
13686
4518
30142
11087
1009
10855
23599
1364
5232
20540
7343
7400
17000
14168
28589
12207
28044
16594
7274
9655
16543
28005
29497
25054
23891
11094
30929
6287
22532
5037
30350
23412
10023
30472
30477
7441
3575
18068
18648
10082
9074
20142
16779
16072
17376
20863
129
134
10763
30752
13618
24469
5912
17909
1103
15302
26653
30261
14881
28577
30431
20715
21718
16649
3940
24392
32717
481
22143
23616
10875
2480
14763
11335
7704
23272
12417
20332
15860
25580
10320
3029
5939
13214
6197
15408
16009
21797
32020
16604
18807
21917
2009
14314
22410
27072
28557
22871
7446
24715
8705
5774
19513
5856
12900
8556
18662
18957
403
5842
31411
28125
29815
9429
4567
2615
32438
26778
13146
21817
10931
27834
19326
10385
6773
1818
15842
102
23622
14021
14581
18651
3592
2314
6764
99
26547
19586
30811
32499
8596
30508
2269
2011
25560
6056
31514
24032
7669
4108
5070
16374
22880
19227
3229
3549
1094
21479
839
7413
12627
801
20858
29848
18533
28419
1839
27767
15812
26383
27998
8014
32131
28224
22011
11684
29327
22363
22404
13192
11079
26443
19676
668
14214
23879
26141
7571
32330
18024
19677
31191
20694
16150
30261
4158
31595
30130
19466
29838
31783
28957
3536
20435
4332
7150
1351
21002
7779
2283
544
29366
5501
25786
16987
12490
8488
9737
20093
20567
27255
4544
5898
20135
25572
18794
28787
31624
25427
23046
29908
17561
950
31695
18861
15916
31658
26663
5492
16007
27545
12877
10823
30256
30072
30593
3855
30406
7839
5642
18578
21142
13029
27424
28600
25563
30487
19943
17935
4096
22186
1398
21096
10765
24515
27850
20311
28292
6033
31733
12330
10890
25158
19356
11023
30425
2688
28590
23136
20614
1143
22705
9993
23947
20580
11664
30754
25674
30323
13834
4411
16208
12051
26495
7245
17404
161
26646
32304
15306
11959
24379
8118
14016
339
20442
14235
16601
13529
26197
6499
18507
28662
15694
28832
13522
7462
31888
15931
8215
11289
165
25930
4125
19940
2977
31091
11047
14546
32661
16499
11683
17309
20750
14127
12645
32162
28169
20222
11978
28957
32382
17385
20011
20538
28059
6717
14561
3606
30846
31332
30455
17674
27277
9596
14613
29062
29348
16367
9048
10889
30379
18083
21815
4572
29827
28792
10923
29567
18302
8810
6043
11504
19649
9429
14224
13134
23455
28680
4637
4060
15264
19021
814
23279
19580
27218
14975
31314
29485
8159
30699
15204
19244
23937
15480
6717
21627
29299
25362
8684
7035
31851
513
10064
7027
13830
17050
7296
29845
22403
22910
11505
2753
29227
12650
13320
22845
16569
16476
27434
25257
4786
19611
30369
23284
4544
19957
15261
21461
24150
23586
20967
15538
5704
6670
1682
11606
17891
32140
28882
29788
22771
5546
28450
4524
23346
13729
2297
3693
15661
28734
28018
26357
32154
10971
3129
27550
12241
16827
26769
28230
15899
9517
4295
17730
23589
6629
29930
12180
12486
15834
16196
24058
31284
2505
29894
3701
6133
8942
9453
28671
4215
26050
20410
14084
25203
19337
1125
18197
5984
8029
27334
7318
9463
25342
27402
30821
2945
27659
22345
31970
29630
30523
18125
31373
12340
21882
31433
10750
28196
12551
32692
4932
11675
4630
8425
13515
7994
32254
8566
27078
1659
4180
8174
31702
29131
8359
24898
23378
30334
27950
6930
21275
17169
25274
16181
28577
17324
12780
13571
17869
12331
24409
23177
28780
19869
24783
8349
1349
21773
31494
29442
26225
15033
28854
29190
23245
7614
12033
8864
32710
8433
10859
24278
27125
24032
19601
3141
15222
22607
25463
23126
24157
16579
19729
12117
10530
14435
7913
584
24701
30979
24289
3236
12289
5835
23394
8106
29193
30263
19784
12534
17576
751
3888
1024
2555
19164
18569
9720
5724
9768
5281
19678
18751
13694
12056
11528
27846
5250
1564
20765
5269
18802
18125
24676
15254
16181
25970
6424
15567
4900
30557
7944
19510
1290
16402
10437
14908
26201
32180
2376
21550
7307
8060
8482
27874
16695
21776
675
233
21994
28498
2875
32568
14351
22737
25244
16746
18924
6237
22499
11002
10359
24647
27175
7977
23868
20700
14297
2058
2355
7863
30020
30478
20138
8412
19587
14820
32176
6760
3616
8182
29634
5506
26512
31551
18324
27734
12333
8496
29335
11945
20322
22472
32452
28940
8500
1955
12481
8216
24191
2111
20067
5361
9966
26101
19021
23970
11271
10250
32627
7887
31380
11495
20270
4449
29280
1566
15738
6856
3674
15312
10221
19067
6259
17328
16024
12129
8960
24171
31458
29905
30267
11399
23197
25187
8981
20505
12885
6997
25728
159
27292
6918
14898
29163
23101
25931
12924
7873
25254
19893
26059
4914
9699
30155
18907
20513
16494
32696
5719
30144
331
7157
21381
21021
670
15426
21364
26846
7920
25383
22183
13862
6327
28133
15785
28390
7869
8734
32377
25541
3556
1759
10571
18140
5780
1981
6066
21870
2937
5339
10577
14838
26123
20785
19256
5109
24545
17287
12247
18090
12267
17582
27598
13849
18089
32661
22233
4989
28904
22869
29721
18412
31375
10528
14173
24939
12059
4274
12005
19219
13598
13261
19203
9678
15891
26003
1653
18395
10403
32443
20513
23687
31229
25405
28
21090
1140
12280
11088
1720
13563
2723
18174
923
15661
22055
26337
19505
16212
18362
24801
18789
4569
6334
6806
25944
23139
18697
14660
3755
31328
1074
487
27413
14167
23880
11540
16832
31978
880
2769
14847
24628
32730
30483
8340
13393
2405
5651
24159
20324
4120
9638
2761
7996
23354
32438
24766
28119
31008
22654
15526
3542
1667
6433
3395
15313
29784
28904
710
30796
25101
7128
20653
15399
17609
20964
24214
23510
10746
1438
4969
7970
4899
31426
31493
5658
28550
9946
20810
15550
17840
7361
9778
25222
24955
5454
20574
8705
25314
24930
231
24399
27899
30996
2004
2586
9060
12715
17363
32055
26736
478
29845
24929
31911
11695
292
19177
30181
16716
24037
11339
26695
1081
6660
3190
31121
14226
2236
22282
19253
1949
25277
1740
31488
8755
29503
438
27367
22377
16687
26513
31383
25364
49
9497
29182
2175
9482
17302
6668
30949
14283
30697
6254
18760
23048
23843
29002
32521
1691
22193
12786
20595
3873
22722
10759
32479
5273
10020
28248
27013
7420
14242
8638
17869
18463
30850
17834
30700
21206
8824
10911
6755
13075
681
25811
19515
25813
3346
27020
15945
6103
19612
7014
3598
22805
2089
9827
19915
25531
23976
29622
21370
7146
3422
4935
615
21819
29066
19849
29237
29352
29288
6897
2974
20644
1825
13181
20510
8829
13903
12711
6467
1129
17552
25999
3946
24510
28131
24025
14595
12318
31914
21823
20237
32474
20655
28636
30248
16541
6713
30784
2249
1024
11921
30991
9695
28953
6165
31898
30302
29579
5982
1545
13109
21007
23226
26286
14188
22968
22804
15586
3845
31489
7929
10773
23661
31746
22724
21970
32283
5683
15679
25025
12340
25911
21831
21018
7590
679
6526
24383
25061
22209
28868
25357
31086
11280
11717
29894
773
5727
13827
24274
11080
17232
5879
17951
8011
5312
10627
31887
13604
29441
15508
15915
6710
29618
23220
20401
15793
32693
7336
21292
3158
26033
15381
21792
29367
7461
16479
17300
18024
27368
14908
21050
25794
8671
17974
4616
8169
16046
17875
4818
10745
23534
1840
11967
12430
8332
32659
9818
11603
3416
19487
14053
29918
23127
23423
9996
542
17353
9397
6536
26972
28805
7607
29114
14660
9071
17020
22984
20505
20482
12141
12701
18806
20648
10623
3582
27125
22681
24486
22870
30177
4740
3129
27130
14466
20455
32029
28097
5820
24048
9878
7565
7080
12043
3772
1031
9138
23572
15713
2731
19421
24872
30671
31522
8960
15262
1106
6602
19461
22869
29174
2796
8603
17008
18183
26928
17962
21402
28351
28568
4244
19295
10291
2126
17527
12517
3509
12320
14906
20618
16107
23574
254
11834
32717
22977
26833
9988
26972
31561
21342
31357
26240
31962
18480
11860
9168
30628
4708
28175
15044
26394
3804
21709
24179
22325
10104
17741
4575
2935
18793
2436
17974
6777
19681
29724
12714
6782
21377
13988
29670
25524
23140
12871
21531
9175
28087
2782
8267
16748
4085
8124
13086
25557
17757
29676
11756
17433
32705
6265
23964
24707
4047
24941
15027
28491
10109
24886
20546
17147
23472
29796
7967
16407
21527
4627
2670
11656
9001
9094
6003
13886
5377
1498
1476
23882
15210
576
12266
25519
30351
29800
27800
26515
24678
6119
13494
20551
14246
3246
19322
29614
16573
30021
26432
21713
24647
15056
16251
15141
12672
25619
20163
2305
28781
29774
18970
27524
4956
15975
22909
7270
30288
20815
6498
2369
19367
31059
18695
21802
20314
15249
8491
18503
7904
23641
1141
31298
19732
20996
30346
17410
31251
13523
14888
19203
26767
17973
4170
30990
21988
19775
30501
25484
17667
17699
20228
5345
7417
19506
20426
14834
28537
13803
8346
22782
9715
29813
3676
17319
8122
5244
13671
3136
14336
23294
5418
25479
3830
13759
11866
5388
733
5502
29389
32481
30163
24367
29404
12825
16194
15708
27423
3214
10546
22328
21628
31847
21789
31042
25992
16500
14448
30052
18983
16366
15617
24235
27283
25719
24240
14195
31626
16791
8080
26656
13324
29691
226
7353
20347
21817
9763
28458
26613
15737
5249
4048
17886
19813
32243
19683
8668
22673
30025
18729
18194
7339
1647
13395
3722
12445
19961
23469
20714
8963
2896
23601
1085
3435
5988
10357
16797
23877
5488
8470
16217
18547
18898
16312
24528
25673
23849
6777
12063
31489
14164
18048
23918
17276
21137
11923
10482
3606
11618
16546
13196
26118
17791
28846
15211
445
12605
10966
25147
27622
9783
13921
2795
31020
22881
1858
2556
30414
13968
13142
18289
30090
12045
27718
919
7515
3527
15285
20416
12195
13893
25214
8627
277
25494
7756
10298
25083
3514
5417
24403
27598
2919
18040
16511
22356
29293
20564
19777
17593
29862
29523
28789
28400
11012
24068
22476
31738
9438
30132
14292
1647
23376
23807
2407
1452
24946
30529
31766
21664
20106
30532
13947
7253
11652
18108
1648
8136
23100
22262
20140
27965
25996
244
2030
21844
4331
24518
14150
31444
13135
17863
25520
14452
23060
16490
23867
17199
21721
7308
7869
13734
18128
25417
1327
11267
18972
9387
23471
147
20474
32736
13270
17388
10260
15293
14364
24421
13657
12287
6968
29811
1095
19323
10912
14013
10816
22091
8124
30916
29816
16322
1841
4487
22580
32044
11858
16551
15488
12712
31241
6451
25371
1749
15697
17316
4955
19807
24624
9951
20187
28474
15818
27117
22110
19064
3962
7590
14763
24477
14155
19111
5248
17748
32020
20386
19830
11510
19706
10772
23722
13800
1317
25077
2235
26785
21850
31213
14623
25151
4308
5073
2645
9992
21909
23911
26465
18089
11255
31176
19380
2302
25592
15893
8554
18385
32342
18582
26303
12164
10056
5518
27102
21491
9788
14430
13368
7516
14536
12499
16031
11131
578
9414
5607
5920
25353
16407
4956
14800
18630
15275
30453
24723
26701
26040
9210
20878
23963
22925
25478
3560
22756
18629
31841
17777
18251
8096
3075
14742
28352
14873
21729
10368
20629
21009
31140
5732
26304
13440
16630
24840
921
23863
5344
7918
22287
16533
5425
25527
28182
10799
3125
21207
27587
27169
16319
3424
20210
23426
12870
25398
20995
17526
19776
6129
11327
26188
12210
16412
13183
29149
21153
4839
11414
7451
12082
8295
14637
21262
13252
11518
19990
8775
10184
10684
18687
6321
18253
9539
23710
7676
19036
7896
5922
12500
45
13180
31871
1537
9579
32618
19037
11803
31402
19542
12582
1629
14356
11499
10064
5911
1318
5391
20285
11440
28613
11744
8941
29487
20505
1172
9702
17161
1375
991
4810
10116
3871
1365
5600
9526
10398
1362
21473
8690
31260
16961
4002
32593
29381
30155
13004
29367
2665
23059
3350
6787
18241
22596
1247
4008
8584
6849
16720
31027
15656
5777
17778
17849
16572
2924
27731
5408
21739
16025
26063
3275
24959
4763
21458
28909
1368
28376
11244
9589
15642
13062
22616
15101
6863
3145
27061
24732
11799
14649
12250
17294
21659
27316
15425
28801
24925
9226
30869
6133
25352
30954
82
20460
31010
20195
2126
3744
24393
28733
25032
19620
26095
9938
1052
12192
18772
27962
7352
24080
19841
11740
28289
2183
24214
31043
15345
20487
32053
3989
30241
16812
31175
14821
10016
27109
27474
379
10321
18653
11074
6906
3266
18591
3251
24384
19066
20242
25480
8323
1290
28630
31925
2985
25340
26886
18662
11617
1904
20665
2761
26888
3859
30567
1388
663
13865
6368
9178
10077
1432
14771
6896
25951
20008
27255
29615
14198
12009
29400
8976
10245
4537
5562
5853
4135
8290
15746
11693
3319
16284
23025
24163
6119
10836
3034
20370
25179
30927
27722
1275
18569
11323
19769
31069
17572
27383
3212
23562
4522
32528
30251
22800
14609
4729
20588
7599
21483
21975
4177
24672
21209
18224
11302
27379
19002
24118
23217
28983
3469
24745
16584
26855
27653
11054
8486
20871
24812
30426
24583
16430
1217
14322
20748
23749
21936
21769
31993
11457
28603
26316
2584
16563
10811
582
13826
20716
32527
15823
13097
21345
9980
16953
15768
25780
32047
13718
10251
8979
31007
15860
536
29714
12397
8376
30464
23759
634
2610
17049
9354
21878
199
7937
1743
22288
1932
6022
2914
8812
13133
11882
8109
2547
1865
17876
11541
9106
2364
23697
11402
10558
19188
12505
7839
6330
26086
7134
23083
751
15619
11150
12200
24672
16387
838
24347
31881
31068
5172
31189
22109
30941
32687
14904
26773
30620
10345
15567
27440
22405
13182
28084
23901
27911
4303
19706
19389
13640
11967
22319
3637
11775
28445
1593
30673
26799
21850
14135
10654
6197
25193
9835
3963
17911
29901
21258
7219
30379
9109
20552
13044
6839
16479
17758
22854
9094
2595
24754
21387
31478
10608
19009
1259
15672
24030
5821
8473
15422
10641
14415
14619
26155
26233
17511
3222
3817
12294
21970
24293
20701
25305
27228
28785
148
7847
32293
11555
24557
18909
7306
8061
28984
25551
23848
15937
6574
32344
12404
1220
24366
9215
9930
27498
17460
5794
12958
1806
8811
31787
187
29608
30856
28994
24725
18543
1892
23941
31652
24234
22012
945
3852
18673
15632
225
12310
31336
8174
662
22717
22532
30602
20465
1453
27934
28140
8088
14226
24599
22396
21983
25599
16504
18016
22798
29618
17911
28243
1491
7254
29822
9693
2843
31142
29530
8220
27625
25058
3097
23121
23046
17032
31906
16667
10426
27168
31897
12894
12187
14124
9498
4937
26481
20042
2204
330
26180
32244
23739
148
8876
5798
27712
6238
22380
419
28132
17745
9716
9992
13054
23550
14503
21720
27401
20155
22440
13400
7903
28704
5125
21607
5970
27248
12674
7667
22341
22905
20761
4797
13879
19153
30763
8325
28660
10848
18456
25949
4368
6711
29384
21345
23857
30383
30355
17608
7944
28484
20011
29572
6488
2274
1314
19217
20118
15731
31237
20536
21982
4329
22101
22556
24427
23816
26613
15579
2910
24000
2152
22510
26259
28628
23272
16511
19311
16977
11943
24538
30017
7749
7003
16050
2516
27565
11303
5673
8202
13503
19238
22862
1727
15489
29806
8895
29005
5838
21384
8687
8627
11727
9839
11099
8964
13940
7922
16264
27075
27441
13492
27116
18452
20017
13145
15840
11816
29098
7641
13233
8508
1125
30469
2415
10834
6299
18346
5166
24950
24631
7165
11592
6890
21967
4693
28914
6034
9551
6502
27202
30357
7515
10739
9638
28869
9347
25520
24035
3838
26845
29888
20551
13847
19733
3838
30737
28586
26989
26735
11680
7178
12695
15120
32491
21915
12836
25464
17775
847
8800
30936
2508
12391
27197
29661
24789
13357
32239
19541
16726
64
1540
24576
6355
14802
9755
21328
27784
10086
28456
8609
7293
6624
29927
9499
13313
22373
120
19636
22949
1723
10268
14177
10946
315
29039
11410
6479
21820
13197
25019
10552
13393
3230
9224
15934
21864
20668
29355
24277
23083
30177
28193
8307
20942
10796
32373
28861
11997
16515
29564
14370
10431
90
17722
30641
15988
21462
13465
728
30027
2131
11097
17139
25798
30895
30527
20999
20105
25308
17313
24781
8757
25662
30954
28826
30744
13953
16036
7446
10715
10484
15128
20148
8996
29508
20568
16808
1309
20574
26200
22498
32764
5129
3561
7627
6757
32187
14803
21934
6352
19863
25135
23458
4627
8725
3754
27944
26864
1037
15733
21295
12934
7179
22592
30801
12284
32357
1521
20653
22004
18316
21955
15190
9035
28121
16599
3125
25823
21001
12214
14824
13980
31058
5531
20880
14048
14011
9072
12035
596
18349
1420
5110
25359
14191
6695
31959
1832
22996
17665
22936
16545
28711
4259
5301
19934
12105
30275
18888
10056
12797
12812
8961
30474
5885
9928
13435
13194
2145
4853
22945
10157
30100
13735
6916
2859
23610
23730
19622
3814
24844
29801
21884
8626
18593
14277
17564
13171
3033
30524
22196
1424
20182
32685
31055
18435
21531
9099
31342
8070
13058
13272
21321
6699
13420
9766
4570
25087
26309
13528
2279
3347
6300
19710
20059
22008
26157
23190
27350
13520
23735
165
12625
23766
2904
26106
2663
25647
22818
21876
17257
15894
29956
24581
21615
20695
10161
14232
25250
24791
8727
16725
15872
19071
1548
26372
12196
3522
15136
16914
15027
7076
28808
9715
32550
30569
6467
28516
18459
7878
10792
10747
20364
18780
26575
3272
24524
18710
14424
26834
23508
13952
32569
11074
13159
13968
19962
14985
20757
30671
419
18476
4401
21050
23753
23499
12737
22223
26232
6758
16413
13757
8328
30193
700
13550
16999
31037
9610
4889
5141
17114
5771
19515
9197
14962
31207
11232
22238
7191
11104
20588
22984
20179
13351
9057
30886
25470
23224
18503
12388
14018
24435
5057
15399
27770
28203
11126
10334
10874
1529
32017
15877
28752
14371
25006
32674
14844
12552
27487
23517
25685
11752
13935
19428
16538
1086
22168
2370
3272
22629
22443
6699
26391
6981
21138
11644
14657
4135
22543
19042
1585
12105
1812
17998
23059
26913
31891
3935
4710
3381
9585
13745
27290
5966
8330
22416
15365
309
5598
17140
29812
21596
90
5409
23403
23773
22825
19533
23145
1644
5417
10766
2522
24048
21505
22907
6176
6965
7630
623
16463
2263
14969
20312
481
5374
994
2534
7663
12365
25753
26511
6582
5775
22366
899
5339
28410
26323
27188
31368
31981
5340
21903
5115
29299
28566
28653
15764
7539
25323
3703
11455
19496
20277
4247
23091
23921
22821
4203
3734
2500
9259
17750
14861
29873
1334
1869
26996
912
27333
15390
5598
16291
10309
19477
12310
10197
23907
1579
27403
23032
23551
15114
29110
30276
30652
30204
14128
3068
3361
18447
27251
31602
15460
31467
30413
15518
47
25145
5239
29358
6407
25150
20699
24380
1093
3175
25248
19017
30549
14296
11213
29212
24420
20584
23065
843
27925
17302
8522
22342
12749
5599
30987
12827
21947
9483
31011
14583
3851
22961
29035
24324
12931
23067
16325
4576
18624
6195
6993
16388
25436
12623
10740
6964
27782
757
18079
9
9517
25514
11489
8628
3362
12249
21675
2381
15461
19244
14730
14400
78
8945
6757
618
19693
10798
12894
17318
12441
16135
13854
20677
6663
18721
1165
12661
16943
26269
26963
16166
15979
4275
10162
19966
5643
20316
9695
26271
26071
18825
22227
2301
737
3485
15402
6887
7426
28904
19005
22612
8676
24136
26328
12438
24004
12384
22974
25958
2760
16632
4575
18120
25700
15857
13849
2242
30021
2307
23230
22694
10953
16592
18007
31985
22771
31176
25366
21926
27731
8364
6175
734
29102
637
4220
14240
29790
753
7190
27168
1197
20876
19228
6702
20508
22279
21946
15023
25599
17705
11476
23220
24546
5845
11324
23204
5622
25263
6012
10671
7209
18618
28694
12154
13233
32160
32248
7000
16276
32530
11235
10338
12865
28343
21972
7560
1010
26298
15196
12497
29013
31136
20343
4944
13133
2237
28212
32191
21033
29938
16678
22714
11966
9403
12287
18914
7025
21088
24056
23340
23960
9884
20433
19770
1714
15036
26473
4169
14579
29091
18015
241
23901
25921
21192
15549
12317
3661
30537
18065
32618
8511
20033
15093
13695
21842
14668
25519
12532
19459
16690
29773
1192
20761
22951
16981
5901
26923
16084
16100
1819
17105
14936
20559
7558
29031
5870
27639
20091
26647
9732
15298
5006
32102
7745
21962
11038
22557
23019
9457
6566
14606
27803
16143
20008
8031
11929
31196
27816
10508
16059
10854
17600
26553
1069
11595
19140
12416
27294
22437
11824
10562
18481
30403
4101
17311
15790
4269
5654
15734
12710
14582
29313
8451
13207
898
23954
14869
9731
8615
29741
15784
29368
14683
14167
3940
22165
31647
10372
2715
15267
18612
12498
10967
22091
26636
4839
14944
27431
26762
25733
22781
21327
14522
9510
4567
31690
18281
30204
6930
17231
32432
5580
22916
11239
2334
12453
12496
27527
9917
13428
6964
6916
20733
28776
32530
2719
24375
24708
7605
6922
8378
13747
28695
5044
16498
2910
21890
13814
31071
5434
31697
27226
6830
5238
9563
23480
3383
30053
6110
27796
24372
30276
18698
19348
10890
27377
31828
27740
30312
25873
24807
7572
15712
7686
21557
16706
31900
26806
21841
18149
4925
8114
10406
4420
17228
18062
914
4446
27538
23285
23241
6060
22140
10536
30343
26518
6224
23513
19668
16459
23169
22507
2288
21551
27230
32122
23184
11048
18435
11874
17990
6896
29444
18729
9231
9024
12123
16442
3336
31101
30167
8357
13491
10921
27337
4755
20031
4526
18446
9999
11343
32259
5914
1217
30554
18008
11297
28261
19412
21222
28902
27649
25678
25852
32278
27312
25747
10468
18551
17949
25154
18289
9476
17583
12547
13435
60
9977
20811
4108
4583
112
21920
12398
22847
14344
7174
10477
2378
20003
25894
26144
9147
30136
23875
21287
733
32719
29772
30649
8048
19793
8411
10628
29637
7855
20206
29043
20519
18392
20591
16330
3679
30666
32511
12893
31645
26382
6085
24516
30655
13126
19006
13949
31392
18981
31947
23204
24060
6755
24662
27788
18465
29497
23549
13273
25201
24469
514
10909
18629
26977
29158
17907
1886
16294
5571
31997
4723
26269
20107
26475
20868
9060
16757
22366
26402
7696
11164
9423
3360
18310
28942
15575
15114
1985
2128
29077
9448
12984
30483
27366
11940
7632
13000
24526
24376
12140
20029
69
12068
24468
991
10309
24152
31894
18840
23276
24861
25180
5702
31576
21650
21607
230
28253
30825
30361
30183
32258
30469
26438
18468
23663
5946
18059
10355
4032
26320
30997
9312
4447
8420
3091
18808
18828
6671
23442
13973
4084
6074
7350
13025
18395
30821
29845
27534
20265
15718
5207
32602
16204
22976
15843
22468
32613
19683
26053
19147
13010
1431
6065
4719
6531
10765
22724
13138
32043
20557
4986
23215
29093
8698
10872
7944
27324
29774
16807
24525
9653
5078
19340
3602
18471
1432
30663
27609
22600
23517
20234
11033
30324
6545
19992
19319
32443
31256
21231
7811
24658
18532
11767
3414
4524
32358
19486
27051
24469
3689
25748
14209
15742
16959
13923
7994
17212
13667
1674
1332
17154
14848
24595
17444
5814
22711
21239
28570
8280
23475
21117
19607
21786
19396
4208
23176
21852
14128
14240
16395
9758
15516
8350
6446
25735
8720
6982
28929
22308
14371
11384
10154
10673
11537
5100
10979
28903
8694
7256
17546
10593
20842
2880
17189
31873
3251
26378
23869
14216
25794
27222
16572
30536
29974
27344
31314
20112
9788
15731
4496
5520
31319
20473
18975
23085
763
5150
24982
6639
28235
25276
17592
5114
22176
3899
913
16495
15032
24846
3638
9317
21188
10640
29147
25706
693
1618
11884
25566
4632
24830
29268
23014
28767
9878
5420
11265
31736
12420
1331
7727
14181
6253
25886
6315
12867
15201
19162
8342
7405
15782
19642
26687
805
16779
5433
32758
11507
30739
19758
20804
19311
31098
30424
13623
17178
5502
16908
7424
29854
32518
6494
10681
28494
7953
11995
10179
11549
23510
419
31528
23722
19623
9875
4704
1380
23309
24673
20698
1423
24213
16554
29066
23656
5654
11003
32250
28390
9854
2937
4187
1371
9903
26153
30004
25181
20747
29030
4255
11429
17970
23948
9989
11140
29076
28583
4835
18935
28660
23236
19624
32279
4388
15676
31153
302
18719
16455
4473
24251
7733
21849
32356
15810
31552
23269
25710
7674
19865
15454
26072
32728
17887
12426
27941
14817
1016
20394
10478
20854
32161
16599
1715
27935
13914
29375
10948
14250
26535
24881
21396
19556
760
30759
22638
17000
28605
16584
7549
31859
27692
8867
3910
4463
29517
27970
21488
3527
22722
27149
7823
12316
30307
10691
16004
26794
30090
22796
29616
7442
21507
17313
7502
16070
10382
25755
5873
10771
67
5096
20816
20029
1173
14404
26655
17772
27939
24111
24628
17585
29510
16948
29631
26061
28884
14888
11483
66
13499
3983
25401
31387
16612
30776
20510
16918
21837
17560
23230
19207
20894
29740
23110
13757
32736
9783
15746
2721
14023
28547
26614
20639
10881
16124
13373
2760
23577
24414
15404
25800
20835
9954
28181
31691
2080
32247
7033
15495
7879
27642
15443
26103
5824
324
4541
10265
32678
13457
31149
8090
23881
22766
2717
8292
2893
23264
31312
18696
15656
23342
20027
4779
17099
11320
8933
30258
28436
10242
31862
28449
28555
25462
17702
18980
3769
20205
5469
18303
14500
32069
8873
7570
7574
30054
5349
9624
18391
16880
16292
13863
26238
3739
767
26088
10007
10602
5824
22980
7191
10229
10283
14822
30250
4625
26565
8208
30174
24941
32007
20362
8103
12706
24649
21401
29543
28581
26483
3777
23008
27118
5458
18823
5908
20912
30491
20056
3685
19432
15306
16915
24995
8299
16948
31651
22978
19980
31442
25760
22313
24395
21659
28362
30108
9779
29951
32010
10584
7506
3450
17332
24555
27654
14174
8826
4514
28667
3701
27217
2297
19759
30204
11571
2000
28619
2638
29427
1521
30979
13202
14862
31851
18430
3289
555
11175
18822
6923
765
27141
17453
14453
1654
24972
24569
9612
18779
18667
14450
592
770
6671
25785
29505
11031
23929
5774
20550
18282
8033
26648
11331
7802
4626
19103
21917
15608
22044
9037
13681
12912
5979
9936
20457
2795
18864
20877
20863
8049
23724
1579
31816
19750
23458
16545
3600
1123
30225
20758
19458
28530
21794
28195
11413
19937
20785
5680
949
21775
17971
7873
27157
24779
3399
171
23359
5793
29516
20277
16745
5886
21109
26985
5114
4116
3647
29329
3942
2099
22220
10331
29056
31914
19761
27657
29551
31371
5176
23786
26629
9104
10311
18262
4084
10030
32629
18486
2518
18410
20721
18406
9128
23101
17731
19862
24755
13368
13632
10099
20498
22881
28175
24624
25188
24965
12523
30281
6258
9364
29436
16125
6013
27204
17543
18945
8342
20766
4027
15068
32482
8649
14567
5846
21864
17263
2600
23095
17351
20471
13268
18760
6784
4094
31189
1718
2311
31359
14277
1650
27830
27188
16187
9004
29889
24661
22703
1735
10697
5728
1913
31006
32597
21297
21059
9155
22339
19884
17585
28803
8431
3075
3170
30075
14212
15229
24447
1189
4953
6461
30816
21720
24085
24478
30372
29660
9660
22030
22540
25371
14109
6912
8517
25257
28304
13310
780
27627
30313
32020
14805
30762
907
21237
22018
4540
10303
13710
22288
31862
1069
26917
10511
14842
20322
13009
13250
30254
30102
9199
21315
19042
18381
25494
23115
29053
12512
15304
11261
251
19750
6679
16652
27969
24225
19203
8026
4127
7286
5074
30938
28796
18079
10027
4829
29509
2086
3081
26279
22107
31820
13805
16263
30956
527
7716
9522
23053
22744
3321
15823
1451
3124
15114
11967
31950
12294
12791
20100
25166
30560
25743
5404
9806
18586
18387
26863
1308
15368
8837
15869
12430
12910
21431
24964
15119
7425
20888
6486
5291
17896
13750
20421
25705
27079
4722
31472
9750
27978
29888
1226
32305
27211
1727
29917
8078
19465
19339
13993
23094
11621
12167
18755
23930
15720
26819
15873
20907
23220
29662
10639
5730
23900
3313
27497
24250
29937
13433
13796
26746
1241
21582
1441
21235
20465
7585
5186
9817
10669
13016
30261
26497
4201
27020
20374
31187
29313
10568
16828
10232
12306
31259
21892
26838
3986
25691
22262
16306
16728
29938
11076
17784
10687
423
15827
4351
2719
29447
30077
23632
24830
9660
31997
20530
29465
21018
30949
2268
28105
17045
19772
19724
6361
18945
31436
31890
24150
11266
22813
11158
27610
3841
29040
11992
19679
2079
16717
28650
28731
15294
26382
31345
459
26294
19187
26778
10517
30011
16619
17222
2993
2014
6923
6771
19050
10105
5414
13679
15857
1333
12056
12918
6687
16822
24132
11185
4528
26216
14104
17116
5808
17463
12911
21187
14873
3855
26009
19694
1599
21838
31458
21237
18022
25034
22245
10548
852
18036
7037
12996
1550
1611
22032
7256
9841
24910
30650
19
32703
28831
4406
19431
21994
2190
28702
15416
511
14234
29587
14841
30818
9255
29019
9563
9109
8427
20240
10627
15311
32359
24491
20340
31932
6283
15080
117
13704
20542
32041
10433
28049
18182
29349
24506
10430
3214
4119
5013
9189
2350
23058
21880
2001
5778
31929
601
30965
10290
29707
2532
8031
17599
14762
22939
23679
17777
17422
29844
21050
5825
17777
15161
12123
4968
12947
27001
31748
24046
13605
21354
25310
13638
28489
264
3031
17182
5915
17548
22389
22679
23143
8241
20488
15748
13878
10363
21426
31028
6425
4665
19592
10909
16812
11931
16895
7043
32109
12435
7046
2557
15061
24202
25092
14113
14456
14907
3200
16933
12479
5329
19559
24421
25612
7662
17335
21685
32442
8099
8946
24526
10863
30428
16109
25778
22261
21824
26184
10984
12583
24327
21577
4453
8335
31999
17877
27245
21664
3265
28987
26421
11443
10695
8495
12812
22600
22938
1776
31109
27276
20795
24897
18905
31245
6119
28031
4988
12832
29838
20638
24564
8760
14231
17440
28519
1170
18139
9913
28038
29762
1981
30511
728
5704
20174
846
21352
23435
21817
31507
25524
22348
20928
14019
31135
12130
31076
693
22920
7148
7159
29909
30425
21765
31740
1353
28234
20220
26820
27724
30179
8923
17154
24566
281
20162
5273
8007
8330
969
28589
14717
14809
14750
5451
30964
9894
23071
3311
9546
5627
30778
730
25916
2290
29994
18537
28945
9035
11993
7902
21108
29673
5944
85
20222
22616
31560
18864
22553
8532
20401
23830
5822
16251
28054
8032
27669
8147
13118
1720
15848
20678
15335
12531
31643
18334
21737
25764
2437
28076
22002
3915
10466
7071
31829
27713
6938
10422
13011
30221
56
32122
23848
27475
11481
18551
24119
16741
20520
105
2606
16906
7527
14020
6101
6142
17291
31822
