13000
22532
14103
9291
19313
1952
27636
4606
17116
10588
6460
18213
827
31076
5818
18519
14026
13638
21087
4892
13806
10612
1066
11212
15074
30468
2635
17950
24387
3862
17197
13615
24546
3564
17706
9051
31112
5356
23135
20330
27747
17602
7863
31111
11520
18005
11484
30990
17907
21126
27590
19317
28610
24983
23769
20055
20793
27952
10042
3429
23444
20017
32566
25049
8080
10098
32485
2115
31511
29446
6548
27639
258
19116
29952
7567
18259
19997
9235
7152
18660
4471
1137
24195
31561
25118
4673
2731
24720
27031
8746
28856
15843
12628
20525
32545
23144
27783
383
11581
19372
27474
17622
13360
1152
20534
11193
9742
26644
20817
11318
31270
11549
8248
25831
17217
1747
13260
22237
7684
29990
20799
27284
27759
13857
8890
22677
6425
2774
27449
25676
5888
28418
3090
15061
28139
12952
9000
13493
3383
32056
22821
5012
26244
10314
19192
20516
13829
32361
283
1640
26274
20524
10850
13657
18798
27109
14569
17856
22178
19001
12833
22688
25183
3290
3268
10212
20839
14018
3066
18224
30677
23578
14162
29184
7141
16027
8130
8469
4927
6980
11173
20624
27479
29213
28723
27588
23935
30373
18107
16621
13781
4175
18423
2855
27202
32487
19205
2253
16600
30632
16988
24688
2677
3573
32553
27518
13010
30430
26642
17072
7942
13689
6804
12490
2511
22674
15008
28459
9999
12460
7544
7840
22806
28801
14777
23532
32475
29582
28658
6468
660
26366
15998
3214
3959
16388
28850
25590
31748
28292
32685
22985
10918
1267
25747
24934
30840
7060
30907
12751
18569
17230
1460
28000
17576
3950
4217
23175
12067
12141
11336
6944
14273
6502
20182
7191
30416
16691
24747
11603
6722
4509
7979
16408
10054
12761
11264
22901
7614
31860
8123
7894
23983
23697
17032
19789
8533
19478
24172
20994
21619
18488
32559
28850
18236
4347
9134
27983
9589
10521
1352
3044
1802
1363
28743
9404
26078
3888
30431
30627
4621
10639
12806
9979
28989
5709
4802
25312
16618
6763
21960
14804
22912
7502
10253
2962
21110
17563
5093
4445
18133
10333
28940
5166
30069
20250
7362
24269
2074
3140
18081
7251
24269
16211
1103
22604
6339
31070
19742
25618
12477
13459
16927
11932
17240
21250
28362
415
5864
26533
24796
9207
6398
28925
28242
26984
12962
15785
16062
18429
12543
11985
17764
7483
5530
6857
529
26829
3999
22169
823
19473
4101
11884
30183
1628
20174
5412
19335
29141
26377
10573
11676
30474
22502
1056
9037
14952
9823
13507
22763
5961
1109
14417
7480
27183
13693
7123
23728
18395
12239
952
16022
19258
12652
2128
19335
11845
15329
4051
14825
3071
8347
892
2262
640
5678
19922
15023
11572
4769
23461
23122
22101
5096
29271
16487
7867
18825
556
17499
19464
31022
19124
8130
8409
32395
30730
6327
7490
2904
22393
9502
12124
30030
13476
31335
10217
13157
6501
17966
6884
20111
22038
27434
23067
1498
26931
28794
11436
28261
6347
28917
24243
13694
15909
5507
307
24466
17544
17303
20844
1755
27407
18169
28559
5106
7510
19969
29704
31270
5392
15679
19695
12553
6391
2516
7386
12714
11036
27958
6129
15003
5111
2771
456
3800
979
24679
5954
28004
469
10687
14024
20115
11106
28293
23442
8158
23205
7316
26566
30635
14559
30765
24243
17914
13375
26713
8992
10167
12665
31277
13877
3859
8275
31896
2738
10281
8472
9624
14731
21836
23630
4877
13559
26041
3607
16278
15332
1085
11725
27047
24713
19491
32583
24797
5174
18203
1966
6907
6536
10331
13501
30170
32251
26810
12223
15462
25666
4180
2430
14271
15187
2170
23191
24128
13539
31950
26582
30072
20899
15337
23602
29666
14901
27716
57
13283
13759
5026
7999
20260
10750
26359
3896
11905
28398
2043
8586
23905
21947
18369
1802
16002
13335
2136
32503
5899
26394
11448
10794
8316
3564
14108
3624
2508
29394
11287
24103
11845
24589
7629
14358
13529
8563
21003
20172
27249
6967
7699
18640
16032
8237
22049
624
12666
16173
12825
27039
14637
28949
5741
18846
31843
1780
9013
27868
22451
5149
26577
93
32313
2559
31031
8827
28840
8002
30423
1927
29201
8736
13380
4180
11409
31247
22850
7205
32574
24798
5279
4293
21366
6969
30275
25907
21477
31532
11673
27984
12904
8436
8396
3878
7799
2704
5999
9369
31096
31649
17280
27467
29310
26678
25786
5424
2851
20394
18414
6541
7630
20591
20925
19376
27255
9877
18484
25092
11531
18844
6433
6513
20253
7345
12008
23913
31579
13030
1105
2585
23354
30691
12738
19017
30012
2361
6735
21165
25359
21820
23899
10150
3500
29367
13182
21478
20092
20235
3453
4538
23669
11067
26246
96
7587
31665
6367
5631
13663
8463
22615
12342
29258
9604
16149
31537
11529
12220
18752
10302
26300
19929
26654
116
11157
26808
1112
28954
15716
6908
10622
535
30676
23182
22673
14498
16341
21104
1729
24416
31666
3197
7145
22322
2627
1668
17820
19359
18533
2771
23864
26691
7645
14280
27766
23884
11062
21777
21340
6886
3026
10442
16622
5602
32070
18771
29327
28326
15607
30186
9026
21860
15011
18899
2346
23610
30856
12455
10965
25017
22165
9596
12733
32575
16439
18910
13628
27714
9273
1721
2795
31820
17113
8150
1202
2097
14846
4528
22397
29096
14947
6168
32496
10887
21047
15479
16638
8743
17187
14911
25911
2251
22183
5441
24307
4944
21159
29657
21754
30552
16139
22378
16626
22998
16946
6650
4308
5984
27627
5027
2972
3400
9417
23389
22669
30721
4060
28114
17815
11237
24158
23845
27761
21970
30059
27649
1026
23935
25781
21129
13792
22564
13879
30900
12738
5163
19832
28698
14250
29667
20655
31932
7061
23289
22110
29320
23695
22780
19456
9503
27956
30642
25325
30191
15938
29592
16403
6734
6092
23924
19668
18193
26437
3483
31004
13722
16264
31562
6623
9415
23701
15044
5055
445
30867
9097
16753
20332
9550
10791
19729
27025
17712
9772
7547
18005
23208
28124
19222
2083
23156
22425
13159
30158
26082
12878
19173
4957
31099
22023
4829
21271
18207
6547
23449
29828
8145
3394
9260
26737
11229
16659
3601
16046
10789
13711
25832
29271
16486
16595
27142
5097
6671
18473
9252
25994
24278
21990
17970
14289
18873
13168
22069
4831
30621
11466
9336
1860
16965
278
2941
29772
17812
6914
949
130
23608
31776
20287
24689
32575
13355
19754
25973
646
9497
30153
23869
31346
18439
5527
20451
13742
6360
31721
4897
28131
20666
14057
14526
3004
30698
1700
12675
22356
7682
8608
10600
29555
1752
6223
19244
16657
27706
23836
4428
24512
1086
10893
8260
26636
22094
31997
25642
3006
27302
4357
15229
7013
23306
1089
9439
5765
9926
32386
27801
13522
30162
977
4617
21944
13719
17069
5540
7447
19806
1098
12040
12114
8356
11156
5205
12431
2214
3947
22054
10856
19614
21456
9644
10088
27003
30310
12323
20454
3993
23105
16679
18444
7150
3252
17966
5147
24264
7357
27145
5759
17607
12780
14028
31065
8269
4016
975
15404
24235
16424
2879
3772
30397
32047
31905
12740
32443
18235
10738
32196
29048
18887
15301
26600
8888
15753
28150
24145
18150
13614
25113
27424
9273
23846
30248
17488
28474
25022
6505
5035
4616
1969
23928
21371
12697
14137
9524
19000
28743
22701
4130
11011
3155
11190
29733
19327
1703
18229
22222
13991
6661
29439
3914
26005
22607
30320
25913
11870
16527
6953
21762
17401
5584
30040
11037
19898
21373
15529
3569
11217
29994
13590
30703
3614
21868
30875
24490
11146
15333
9154
19279
5436
5116
17951
14033
22161
9463
26374
134
15802
24568
11623
11194
28695
22661
676
15756
28960
10911
15088
19168
25042
25593
4963
19411
18039
30376
13329
21425
22366
24466
32720
9760
21593
18178
27365
13729
2503
8642
12567
24504
3796
12114
19849
25037
24489
15928
14892
14938
20580
20489
21405
17981
25573
3503
26545
23431
14881
20275
19159
22135
15170
12900
17338
8327
17014
13478
5978
28503
19982
31269
23140
16913
19427
21521
23771
31867
1327
3631
9487
23783
6251
21321
31936
6363
8577
6450
30722
9206
5543
32724
32673
17183
16674
29893
25433
12410
11997
32578
24623
28411
10967
26654
25554
25582
26070
29116
11576
16648
29173
15864
26826
32702
26657
26160
1351
12591
19732
29936
3061
22519
12607
17289
6157
10460
6862
17115
27323
1835
7627
32475
27480
15912
32507
7804
23094
20676
18059
9615
8433
28406
2501
18532
8528
13874
31010
12100
12713
13859
9837
16733
8797
3666
812
3063
22832
23841
3553
31837
10428
21939
14986
25763
636
22787
10782
22576
29263
32672
16875
12757
17969
7977
24055
12889
5340
21097
27959
959
17791
576
29421
27367
27817
4973
29965
25323
3077
32055
6341
25281
18210
1324
32672
23934
15529
22117
32485
13544
7081
12679
18097
11785
6135
32080
29502
18388
13383
3414
30993
3453
10624
32369
11161
10573
12666
31200
7693
17539
9297
18108
28440
4329
10976
27514
28231
3213
16333
4449
29502
7004
13647
16097
6096
27372
2223
10536
10774
16317
24738
24464
28300
3070
20739
21607
2859
7726
12092
24820
26344
27002
9131
20709
13994
24624
5567
24995
18517
31205
29611
30639
5539
34
10517
24581
21619
13928
1519
10276
21146
3016
7527
1305
25118
14636
5201
2222
16291
21926
6743
9818
15932
20034
19661
21317
29438
26966
30825
11165
13821
23047
6035
9475
32034
1838
806
1996
21342
19146
23818
7628
16071
3867
13176
3025
9206
22593
8596
9346
24830
7952
19709
21532
30470
1024
32137
22019
4997
4325
9472
3018
14587
27391
14513
12104
3950
19275
10769
27170
12026
12424
7000
15651
13949
10320
24714
10424
1464
10162
5435
18259
6655
15980
16114
25931
21139
296
29943
30128
15978
44
19026
13937
16601
27384
24194
720
17768
9759
394
31645
13090
10009
15997
14633
12471
3292
6060
6156
32163
10473
19831
27239
29325
10631
20151
5724
27287
7517
16369
15897
25861
22507
2487
25824
8813
11714
3796
32261
162
28698
1216
2166
16074
23131
26443
27545
29557
27273
9943
11076
7321
3596
26891
29847
23390
4931
681
26749
26075
21870
19385
30953
16238
17801
29312
26711
7622
9981
4242
5268
23776
16910
30733
23171
4778
22197
3523
19871
9111
28604
15182
17487
29278
24002
1526
26208
9556
7717
6672
28713
8653
21311
20655
6290
15228
13003
358
31497
8922
26630
29878
5626
19921
105
19739
4146
14063
4933
19803
14485
8186
15051
18440
2525
19510
5725
23758
17742
15846
9601
19294
12339
19167
19909
27556
4759
26871
29129
18027
25185
20708
3221
4263
4895
17875
29097
29514
13039
25864
4593
991
11960
31048
28273
14349
18120
27512
19205
7594
8704
4555
24244
10750
18703
1069
43
10520
9152
8568
3928
31518
18953
15485
30087
24327
10870
3506
20031
18509
14543
15343
28033
28501
13515
13068
5150
13428
25444
2621
16039
17370
9539
2818
3507
4093
18184
26219
23876
12797
8437
10379
316
18655
1032
6712
32373
20943
30051
28712
29113
2734
32228
25356
28245
11281
1733
27146
3588
32329
26597
11435
21351
566
9331
1684
18230
30481
2889
22960
5369
183
19275
30321
2150
8646
4663
8378
4917
7727
21745
17117
14965
20203
24984
17514
23791
19656
25205
7958
10414
28471
5023
4698
22942
24635
24324
16187
10399
16451
16718
18719
19349
29911
26212
28632
29419
14577
20761
18178
23556
32053
2262
6335
15830
5551
2587
25517
3177
23443
22524
8043
11965
8364
7887
21707
29788
7414
23267
190
9375
8145
28411
6678
11526
21477
12401
13783
21354
26639
1678
10812
16594
6797
24923
23718
31918
8476
24360
27874
13796
5663
22223
5881
14126
25384
25938
12476
24052
1884
4146
12787
4209
11003
9093
16594
4077
24419
977
3061
24064
32516
22571
29211
6563
28239
1557
9724
30706
25083
32086
6899
9087
29217
10675
14504
31533
30017
10842
1492
23758
9276
6444
21781
16181
15791
13975
22780
19136
31909
21805
6791
5144
2712
7048
22343
20833
26690
12153
6673
12936
11614
22804
21647
27410
22529
13943
21322
1331
30560
30395
3685
14600
27119
21770
7207
4467
2150
11571
5926
23930
3980
10488
18528
26442
3652
21067
5638
23891
16598
11621
9040
24331
26196
29403
1185
5093
28845
31325
8380
20365
1244
23329
4451
24617
18078
30275
13538
19495
5511
28583
985
15079
2435
28314
11428
28558
18430
32415
16302
14091
10353
1487
9332
28609
26318
13613
13361
12654
17280
18951
25005
7200
31207
22276
9454
21942
21376
27896
18042
15250
27947
16778
11890
32361
6124
11933
24474
21553
2419
10439
5450
28719
4345
12858
10723
6152
3317
7545
9844
9292
6694
17733
20523
2537
29003
25534
718
7517
15852
16132
26356
22276
31002
9479
2593
27257
3653
8254
21470
1322
15897
15593
5162
16822
22924
9278
8510
12138
19787
25242
10886
8959
18876
12456
28072
3442
15568
13368
29596
24636
6580
20117
1450
13008
16951
8489
27780
31820
29531
5410
2047
7050
29801
20385
28107
19297
10320
21706
3148
10216
23018
20176
8890
28566
5341
13478
9145
5207
27214
20016
10959
22878
9002
14778
7926
2086
29882
15517
10574
329
13724
16780
16005
18783
15
8756
13999
5343
28747
6051
14336
28744
18656
8223
638
26503
19780
3546
17023
12026
9468
26534
12444
8143
14975
29235
12766
16308
16644
28299
3237
28490
32586
16854
9885
32150
579
1899
7369
11665
11699
27072
23982
21992
27222
25104
21123
27460
8345
4262
22490
23938
28716
30793
2820
21291
21062
15501
22099
1948
25661
5318
3503
2335
28022
25291
30642
29958
20955
9027
27094
15316
21131
21355
3158
29499
409
25608
28689
13008
21502
11619
27873
4157
5059
29042
8921
304
21791
23639
3021
4379
18003
32585
32398
19968
9488
22980
24613
3319
2922
28960
25722
13007
27463
27494
32084
31285
28815
20787
23029
6986
26326
18864
28836
29214
21272
6742
9639
8042
18268
2921
2106
30659
15950
24301
14999
26812
12696
24039
16508
20496
16322
14024
488
21486
28532
21910
6883
2462
24906
4213
2609
25607
21838
30478
30987
21388
12901
20146
4084
440
30053
7517
14266
711
9647
8342
11591
16572
32538
21569
11246
3082
30070
7414
19575
2961
13191
17447
18343
1069
20490
29997
30337
18461
6446
30317
6292
28618
25600
4052
27128
29512
14610
27446
15863
7880
14547
21313
9748
23580
20404
6151
1938
8352
4031
1495
18681
15660
16637
13699
21129
3405
1961
5443
15541
9202
29277
30098
14524
25916
19804
15339
12021
16449
19145
13420
7768
16993
5604
3690
10768
10004
2241
13592
27404
18019
18121
15525
747
5825
25801
1268
31813
31413
12074
12731
26675
17579
15770
25557
11679
21032
14075
7715
1768
11079
10787
16847
30657
13277
19613
2669
713
12865
5446
19045
2289
8326
27171
12365
1554
22803
20601
29797
4839
12110
29340
27467
20164
2316
15537
15279
8527
16593
8498
19751
26063
22090
27336
23581
14142
27835
22789
16567
571
28008
4937
22202
14002
20572
23748
5151
20433
17083
4370
16307
8487
22956
6291
30590
19425
30054
23476
31595
5285
31825
7694
8232
30662
31432
4652
23049
16289
7659
12862
15350
19443
31428
27609
26186
10201
29957
13193
31137
26940
15632
23321
17819
1679
30997
6428
15571
28463
5830
53
25666
21877
29293
20635
26491
30220
32144
14381
9370
2247
30526
463
23686
8121
20799
7414
22091
26300
24135
21223
16071
18160
27464
31794
32749
8606
5525
3403
14947
24967
9347
26518
2126
27698
32698
24263
26633
5424
10786
27829
28203
8637
5519
21099
13739
5186
18745
24678
10654
29344
18257
584
21785
31105
5004
19000
4162
17207
17685
28659
28866
19646
14979
1416
8451
23626
32501
1568
13775
17103
13671
7637
26196
14731
13878
17938
5804
18045
10378
9488
17813
20487
20998
24451
298
2256
29338
31025
30860
3914
12608
18725
30957
32681
4951
19319
31214
11172
7774
25498
17278
2344
6588
20692
14467
20170
16157
25845
2199
8295
32569
319
22510
28636
29655
19109
26243
17314
1120
21536
31600
11294
23701
25231
9220
28074
4785
25015
1912
13975
14298
27260
14136
19927
12432
15300
8605
961
14805
14016
23075
23888
11711
25901
26226
25754
3401
15205
31205
17404
13784
24761
2901
1327
30748
8414
19753
16282
32569
20448
10646
4583
19238
8421
4283
10800
15344
22275
28237
21596
25430
21451
20222
18948
8122
26993
15805
9503
1414
22301
21974
20047
8094
10515
27899
28617
862
5424
3426
1135
1810
14561
4955
26437
31997
4955
28970
3648
17787
23614
1604
16321
17257
23508
20046
30275
26355
2196
6567
16503
1247
11853
32356
31646
23658
5494
24973
3910
32500
10391
32523
11765
28124
14214
30291
19933
25185
25932
28271
32048
10466
6648
4485
11286
21564
400
7481
29365
8070
13480
24853
26955
7839
2206
16558
1538
86
29407
23491
14492
32560
21961
19554
3564
32583
834
867
2328
15288
147
30592
9048
11749
32089
29651
24336
19678
16496
32710
9356
21209
30517
3036
4008
32370
5163
178
11441
7923
22798
32035
6438
20605
6808
10592
1168
4926
12953
5320
3153
20688
23421
9636
25244
11818
2567
4697
784
11934
7845
1547
7859
13263
20409
18841
4501
25728
9778
27694
28473
26974
8535
10837
26308
17535
2342
29381
2444
28484
17944
14008
25177
27972
11985
16488
28594
23732
443
1457
15141
4098
27108
28949
16065
18121
32259
29534
2914
24755
29996
5355
15401
10654
15262
22573
5019
6422
1707
3972
20491
3950
28087
26092
17879
21937
20844
25609
16400
19555
16375
6450
22511
7153
6198
4239
5847
30343
1245
25416
23411
20838
15502
26156
7673
12646
25741
15731
28509
9905
9967
14333
22137
14828
20751
20418
24645
30690
7997
2237
17557
17260
2364
27799
30612
765
1223
961
20600
6740
23295
30686
14533
17477
31355
15836
29595
25207
31977
28954
9727
16508
20148
12526
1013
23517
11415
23249
1493
18756
25258
929
15850
7268
21867
14234
10202
26848
568
7662
7925
17997
21568
5165
15404
9575
8892
10233
30320
4541
3179
30279
3225
15556
22902
24171
27014
9361
692
4260
21754
27085
28032
14727
12692
7730
13665
12104
20964
27760
25305
19679
4867
30739
4828
25260
5424
30534
24921
24755
9343
14359
31211
18516
23770
13624
12818
26066
21603
3613
32103
17081
16965
24283
14167
12160
5477
26871
15802
9163
28390
16112
22727
22403
29798
20317
15980
11276
23251
7703
18184
22728
11051
392
29021
32100
27529
11618
28796
22352
27538
6019
4197
5730
7694
24377
12599
703
22141
29389
31903
14867
10262
20875
21210
16034
242
26014
8298
1141
4939
31438
24394
29458
9153
23972
9244
13162
22605
18315
14440
21240
8108
29103
12756
30826
14125
9369
31133
18912
30006
25361
9767
19152
10831
830
23339
8264
22789
26231
2712
4176
4018
13441
17222
30588
1693
6662
4110
14906
8937
29041
15048
10292
30228
15469
20491
21256
25953
25990
5546
2663
14067
20010
26655
15724
6587
1810
28109
9332
3126
20577
16188
15712
30085
14501
23268
24737
16700
16592
14749
14897
241
30928
17841
5838
26041
2446
12887
15945
30177
6360
9861
2989
30173
14861
2181
21316
339
14501
4081
5219
365
10459
3677
10094
2590
23958
19629
29609
415
15514
32477
13725
26565
20553
6945
12048
4289
15040
13788
6097
10865
16206
4900
46
16147
24669
14910
27838
19328
26507
20287
18906
31992
20862
28059
29377
18921
27283
12934
19877
1029
18905
3515
19859
27948
1671
24385
32494
17105
20895
23881
6040
10378
4784
23375
20819
9704
6393
22231
5169
5449
25899
29849
16209
24165
6298
6740
2723
15962
12288
30241
28512
4669
4869
18872
9736
22904
23479
11300
30384
10645
29347
24147
3738
20912
26125
31491
22022
21794
24453
12648
24702
1303
19751
12828
7609
31488
3418
24335
6538
6697
9410
29970
295
26520
7525
29080
23468
24984
8016
20954
11066
14705
3433
6339
27200
28839
20871
24227
14848
21335
2099
10948
3398
23234
32258
5365
15338
12302
16972
14688
2113
14571
31257
30095
11473
31712
29223
7948
9514
24772
1522
20857
5493
24889
26179
17841
28909
32477
11080
5439
32161
27805
17461
22287
1502
11563
4494
14399
21505
27470
14659
29808
16867
5249
3330
8892
27627
6489
7232
30440
28824
8604
20391
10164
18648
7399
24727
13579
19947
4341
24309
13993
26846
23505
31914
1741
1848
69
2253
31530
30380
2940
24923
32225
5845
19710
1851
14843
7521
18593
8503
7320
8880
14516
12829
26290
6974
26087
12499
26222
14190
23608
11160
22332
24857
29377
31465
24178
27377
16893
16996
21564
21250
1948
26780
24728
18173
6895
8067
8049
16572
18436
3783
15904
13049
9303
12393
5147
6211
1127
8789
6641
21186
18316
17304
8725
27921
20954
4687
1775
12051
18356
31585
17899
2018
15811
199
15919
3075
7808
2056
20180
9273
15461
29379
13876
16638
11319
26188
21206
24150
21493
17505
20236
19279
4441
9289
19837
16603
23750
28162
7855
21729
30142
6438
10864
31326
14356
32481
6542
7935
10316
13615
25186
11169
17963
11326
8410
15628
32500
31228
27863
4443
23544
9299
7149
30172
23100
13553
24209
15346
1590
25036
9248
7765
17907
20642
148
23639
12652
12587
28116
7756
17642
15106
24526
20416
8798
20217
26000
29577
6410
24165
14454
21505
11864
23826
19418
3020
15332
12715
588
27394
6962
20337
13910
30325
29630
17115
21272
21412
26466
13239
17398
24637
3924
401
23805
30590
22901
27112
13875
8310
27079
20905
4879
26012
5241
2744
14244
16809
8897
27673
26329
1092
30253
7602
29857
1697
22906
4815
14627
3030
28107
10945
16710
4522
30773
1279
8087
6456
9850
13113
17786
31376
10691
9080
8652
5331
11514
16948
27433
11995
25916
12506
954
16085
25497
31688
27867
27736
4031
20939
4205
31721
29542
6439
596
31657
9024
6129
17055
4428
23444
24973
31608
7120
26293
30293
19887
14844
19411
3877
23309
25141
18851
22672
984
3246
2046
32540
13328
24628
16519
28386
16251
18303
2265
19823
19712
29443
20320
12370
26142
13962
21390
26516
16509
10168
4950
15
23336
25332
25123
26287
8171
6530
8913
22424
31505
28015
17668
9609
2373
24147
7699
12919
25578
18935
12126
6952
23208
7243
22743
25215
21157
24405
9756
32192
18123
20719
2198
29218
4500
300
22082
9730
3751
22893
24796
633
3383
8765
21675
29173
19602
31640
13407
4552
21630
25746
22625
2036
27835
18712
28470
249
1878
26896
21730
13129
15278
1551
8246
19957
4205
30042
28272
13834
27547
9011
1072
28674
12331
8317
15476
19798
27067
24597
29642
18164
20893
24562
20916
7755
8962
27198
21735
23798
27850
31986
29002
4234
31562
4470
9160
27310
18858
25167
27947
1340
22918
26599
12436
8757
14544
2296
11598
22726
159
11042
2308
13119
6246
493
29964
19104
2385
1439
24369
25128
6868
25971
5780
11269
26566
12662
22528
8005
21604
2774
23370
29735
17871
12620
5635
3518
12033
10780
9302
15165
20264
24914
32212
8330
6176
22271
5527
14387
15746
21989
20231
16194
25174
20526
5451
15155
27076
30261
4058
25219
20867
12477
21214
12748
3003
10981
27901
13802
12226
32636
29168
27982
21760
9887
17103
22504
21076
1162
23019
31557
13595
31849
7860
6089
31710
12838
6286
19483
7954
386
19128
4384
22849
437
25757
13484
22764
31267
14825
16009
3357
6861
23494
12605
3444
5835
16614
18222
19690
3154
9013
4539
21474
3700
28378
14206
27693
5005
17243
37
7616
32215
2711
11137
21689
4198
3502
7586
15396
8790
17464
32438
17341
9873
17716
11913
10784
3666
13913
27715
10735
6424
32563
22513
29014
30219
1156
25841
32462
26752
15076
5959
30553
8441
22154
1040
3650
12490
28599
3622
17932
23538
24345
17608
11293
3329
14729
588
32304
19383
31245
20788
24424
5626
21329
5992
26171
8692
28179
1701
13270
29396
13817
12068
9238
9926
23311
8242
14459
9620
12776
3436
14283
28000
188
6882
12671
17485
30528
7657
20365
5492
25519
8251
15787
20024
12118
19671
142
17978
21855
17354
6322
1559
5482
30273
27982
27826
12566
18437
23543
8369
19132
13770
14682
3512
798
31748
18880
10773
323
15378
9866
6210
21073
4304
15294
4589
3050
1261
8298
2473
17146
1342
9627
2934
24481
9975
26081
22213
5099
28279
29197
13315
1241
18244
1095
14996
11157
8822
30825
10532
7620
7988
9373
15695
19418
315
10658
16439
18613
24249
13232
13990
18428
28280
15416
26725
1622
17875
22157
21363
8750
28057
29514
21117
6476
15862
13052
4757
32115
9377
4229
12866
12144
9256
4260
22207
31035
26629
11059
19047
24407
16073
13782
16240
7958
26185
17996
25143
28776
28161
10822
18644
6462
9848
7344
25884
27202
10267
2221
3180
26864
4731
27133
31608
13188
19727
22839
16843
13132
8767
28560
17458
28307
9023
24131
9604
31019
17765
18437
31692
26126
10749
14405
2118
27117
5690
5108
6451
10893
21361
8605
13904
18386
30968
18065
20328
16377
18468
7156
15886
28448
22211
27539
11120
26440
9249
27852
7368
13920
8339
18874
23005
9352
29306
18467
13259
23732
20727
23483
11898
102
32326
25393
26726
12639
16839
28286
13883
19406
27221
17354
19636
17089
30851
17133
5517
12879
31560
24296
6164
13518
449
29488
18279
30189
22605
31721
7892
8538
2231
17981
4880
30544
5655
14976
7658
4234
1342
4382
19683
27663
23774
22379
25744
18001
4626
14129
20143
5679
8031
31651
917
14853
24924
25989
2605
1013
3085
9825
11482
14811
17371
5567
24744
26402
7181
2448
544
31702
14370
10271
9492
16600
18174
6925
31603
16747
31599
19887
20668
15623
8121
26395
24194
11344
31098
27267
18103
30113
16416
12322
7315
11892
25531
13349
23834
28763
19790
32559
10715
23731
8631
19728
2415
8067
31302
26182
22721
10616
5786
3971
9336
21491
6965
32681
29194
6990
30854
22452
6358
3439
8046
17281
2051
11739
25276
7421
9415
11782
29269
18529
8561
157
10173
12671
4141
28684
12666
8210
28968
25431
2371
4242
21013
21517
23481
4483
23972
27402
2964
30664
15187
23997
27608
20571
30682
11947
3281
5336
10326
15879
8364
22703
25824
5430
5693
23831
7693
16871
29407
30188
20398
20151
5173
7947
20015
14859
5393
1194
32604
9978
24272
17064
29993
8630
3130
5143
8845
27452
8488
8316
9558
32633
9133
2332
12336
31199
3645
14256
3867
14170
31465
3021
1334
21490
14211
12983
11603
10660
18912
19127
27361
21055
2555
17162
10748
7121
6250
6760
3845
22910
8420
783
18058
558
7530
21409
18567
31653
14235
20044
30231
20411
19250
1133
20376
19116
20429
26411
11936
17595
2854
4593
11141
9615
18670
2001
27474
18888
7072
4373
440
20441
8475
22078
31616
22948
28178
6387
9364
1624
23892
6314
17612
4290
11620
143
26658
3628
3345
4837
27083
4344
24273
19691
31258
27740
15365
21996
23286
20088
11089
24327
15677
13385
20464
9514
21862
8502
19577
23507
16447
31817
18790
194
7410
7440
18716
27705
12333
5507
18571
10108
22921
20565
18725
27755
6835
13932
1032
22351
32730
31067
17169
4710
29591
22682
20809
2190
7745
8468
18338
24754
13804
28352
11200
10860
8762
1070
11853
21947
4260
11353
8093
17629
2552
20329
23485
21140
18498
31020
5246
23333
28963
16274
14687
20296
27866
1003
27774
31855
21992
30937
18383
10460
5112
20339
20967
18052
1088
3030
25638
19155
3508
21117
15071
15081
22422
7817
30402
24440
32171
26318
26524
25772
10812
13873
28954
27415
20220
26468
14877
19262
28404
20726
1063
27116
153
12915
30866
29443
9713
9339
2820
9650
30327
10050
5936
28951
7645
14457
10688
20857
31157
6791
7893
3939
21402
30558
14568
32283
13687
29397
17119
544
10335
2941
9262
2494
6337
14664
19293
23037
15831
19327
16391
1376
19034
23863
22313
4499
1283
32499
32291
29159
6334
16399
1719
32755
24968
31571
28826
5507
592
20391
25969
26969
13326
12709
3107
15103
22594
15882
906
16067
6566
8238
25106
13410
8462
21495
19935
31912
17617
20030
7644
11118
26359
20395
24104
138
25342
5344
26387
27389
22409
10347
23509
5184
7737
5609
22261
7098
3006
4937
4132
18499
1950
10725
12938
25002
8214
2225
5978
17484
18299
12487
24252
652
20692
21112
19473
27
6947
25628
11822
18455
14596
12660
12300
17205
2611
27391
6735
8982
31869
5478
9236
32110
2134
19231
7899
426
15352
12642
30920
12261
16228
4521
7062
22057
13719
15107
7773
29792
26947
21872
19100
28943
14747
8499
32721
441
24595
21163
14104
3761
3875
18026
15663
28945
15013
23584
30991
32397
11696
2988
21154
3628
13642
21677
5129
23591
14
30616
27100
12745
32038
2053
23157
17287
3008
22308
26053
19320
3106
8974
30895
4605
25974
32001
31838
764
163
13852
13457
6947
1723
12742
27694
19756
26638
26897
13957
10950
15062
17292
15956
23998
11884
14563
18911
18168
22544
21944
9413
17901
8655
18172
23395
20094
12369
22816
28874
19792
22213
24461
10959
1715
24842
32086
32348
23784
6644
7546
22393
4792
29277
9103
8321
31217
266
199
16550
11108
20081
19804
14755
13525
29774
16814
26975
13422
15540
18760
6888
28495
19192
22784
22917
8450
23432
24642
9252
18358
10116
20779
4897
27522
1305
7597
23501
7241
13321
2663
13381
27071
29940
20616
5829
17722
20768
26891
22521
8201
12704
6628
32647
16622
1263
18717
25181
16039
30760
2557
16149
12122
22639
28255
16800
7379
12565
5376
27279
21339
19512
9777
9822
28270
4284
19148
2215
6054
25580
15821
31777
18192
8577
8063
32096
27415
2767
26801
8100
22248
678
29257
11263
1675
21626
10362
19431
1491
24693
31541
6837
20845
7752
3417
5531
14791
12554
2154
31451
6192
11779
32332
15956
15532
24188
13739
15029
4449
12106
18854
22922
7205
3591
22813
15123
7661
3162
24465
23547
2619
25916
13307
6077
28750
11099
29569
28641
2894
13391
9986
23915
20360
2467
23635
1582
21319
26121
5262
27429
12
24933
5771
16054
28221
23231
19745
31156
13775
18487
11810
16936
20701
2555
6220
8878
9661
25057
29099
29989
14754
1610
16384
25535
14394
29606
22837
832
25121
6619
9038
7718
16650
24372
9461
14567
30705
19423
3490
14285
5606
18757
5492
17468
9379
4335
25927
23723
27895
14844
2372
10980
16264
16214
1897
24027
26397
11248
32274
30011
22398
13900
1370
7425
22180
18320
32286
31033
8919
5047
19778
18235
21001
26578
26472
18362
10286
21979
2534
27501
15307
20185
1914
22635
13540
30332
11806
391
15467
18144
6345
7782
30082
9707
7196
30211
27444
13424
31441
5023
24467
11123
31099
29792
12409
20762
21493
12113
22747
5339
17165
10978
30012
27102
7688
25824
8753
1503
9444
18829
1225
29422
13644
15725
11317
18966
17258
21807
377
23694
7075
21251
14172
21419
5814
6989
30929
5939
15920
11488
13923
32548
24299
2579
19641
9363
32426
6552
21078
1370
4242
31117
14073
5627
24392
26376
5005
188
29829
6848
2354
16919
13738
19060
6848
5608
19590
29767
32085
8765
23774
5570
2935
7591
30526
10253
11082
17623
29672
23497
31011
24577
14138
31252
25891
3578
786
8224
10223
6231
12966
1246
766
30983
20777
22860
29104
27583
17307
20801
21475
18444
31259
4053
25530
23011
20597
2822
13511
1246
1256
16065
12655
12271
28545
5584
1863
17911
8182
19222
19726
3134
4270
17443
9593
30230
21216
1100
16039
17208
20718
2665
1390
8394
24973
2629
1008
7136
3279
7855
18800
25859
18392
23140
17745
24419
17344
30589
25204
7007
18344
28960
7774
19642
4379
2050
6820
14957
15261
28858
1225
14244
15685
21344
1367
19343
31490
22732
25641
9297
6521
26400
13510
6405
12290
271
2497
20220
5799
25659
13838
15437
26073
1313
29535
16261
28138
19923
31370
24376
19313
30531
23894
75
21678
20323
9940
22211
1334
22317
9424
3565
42
31673
27175
12662
30682
13473
19575
26517
18735
19540
24762
4143
22866
5624
11484
4936
23392
9334
923
12139
21419
12784
8503
30254
22760
19344
18791
7602
25147
27472
13084
24670
9105
15802
12988
10587
18326
30561
11287
12473
7095
11193
25775
14
6137
6682
20705
22097
16780
24043
4755
786
3459
7035
26281
25081
3260
12360
9207
29623
9899
19269
9527
25232
31804
17833
9008
2055
24161
31807
9209
22489
8908
10780
21754
22917
12284
24054
29812
6206
6135
30456
20435
12439
2134
5708
7280
29435
9453
27342
28555
17423
18543
29990
17540
1296
8517
10048
13608
26315
12262
14385
11602
4481
3187
30242
5005
27134
10479
30511
18252
5761
17796
6008
18773
991
6170
4403
6465
31598
27850
19605
29831
24671
28063
8980
20992
24576
5014
16903
19304
893
29834
18624
17514
21869
13190
29342
23788
4816
21700
6146
6163
5092
1061
896
18078
2521
9793
27253
8507
26823
8927
27353
7232
6115
22591
5471
15555
12417
26955
156
23716
26659
22549
5759
3540
8016
8388
17742
28927
25619
26603
18887
5643
7303
24536
25824
18449
15573
17738
28755
26941
22912
6658
3815
10975
7521
12942
9355
404
27061
32135
32316
13493
24249
29701
538
18326
32700
13373
18685
23275
4231
26264
18112
12926
19287
12354
22820
32556
31370
20485
8717
18725
29506
24942
22613
14239
23946
24089
21273
19131
13307
20250
14393
14255
12856
14458
7737
5691
8947
14197
13511
30515
10889
13321
29818
29182
7259
9655
16758
9370
29818
25141
515
1237
18162
28139
23674
19266
18396
32381
28309
15252
21758
32763
31988
23087
28179
7308
9103
32625
24014
5395
24586
24506
23111
31807
18040
7873
408
8292
31028
14336
4050
31202
3233
4772
9458
12381
772
13938
28271
17019
3123
4220
15929
13031
5136
21567
2619
5754
10774
16082
29518
23586
23096
17647
11075
27218
4813
27220
22834
13198
26656
9050
24363
2960
20168
27145
8368
332
28124
8493
1452
24440
614
29378
7199
3608
287
31400
22564
5697
12380
8917
28128
11363
15552
22590
9597
6310
20754
31583
22279
26371
15494
17053
19181
11916
27854
15714
11826
17419
2030
26875
477
11380
21637
12148
8841
6864
16967
20128
22172
11464
20884
8356
9305
22288
3283
27310
9632
4917
19745
13046
19660
32182
25012
21691
17979
28773
14353
31684
25334
4326
479
13069
5707
19210
1911
20305
330
20857
11016
19137
3041
7611
26914
652
26810
8536
27386
851
19398
22140
14844
15584
7660
1018
30021
13779
29554
12390
28494
4714
6283
26653
6159
18868
20326
23795
25138
10187
10422
6804
13394
4385
18416
32038
14036
23493
28166
1592
9643
31028
1638
10756
9072
14694
9320
1996
31946
30790
12552
11250
25953
16526
2089
20916
15202
10893
11926
28561
15012
28147
16121
30094
12677
30538
9602
22817
11039
12001
3335
14226
3742
311
28729
14164
9424
27066
26316
4047
18735
8916
7336
19688
10144
10553
1464
17784
29109
17919
7379
3396
25382
5300
30753
11450
2141
869
12572
22715
17404
27649
3838
594
3662
753
16033
28828
9847
9355
1681
11245
12853
15676
26203
24015
18643
11829
2163
7011
26209
32090
1762
29670
220
17968
9364
29172
20039
13955
24584
14685
17694
14823
12529
262
6185
5655
31917
19106
13608
1688
20797
26722
25665
4498
13774
21050
13570
12321
23936
26931
25693
13838
22780
8409
28400
6961
18715
27744
3312
19358
7871
3517
26315
15774
32131
29704
31511
1455
31606
26815
9721
32020
14192
23830
11895
9215
25081
1353
8343
32167
14678
18933
6194
30623
25685
19930
14624
15903
22578
17099
24868
26394
27285
3886
7444
682
29860
25970
9870
32575
3427
22030
771
727
32532
23803
28793
27914
32063
16298
5677
18213
23800
4527
21316
4975
3011
16258
14886
11865
10374
27579
32181
1569
8755
24116
16178
11341
9178
18779
18030
13833
32483
24519
4067
24398
20589
24975
9798
31318
29236
13890
766
23861
4219
29314
11941
6021
16444
6908
21543
18518
20883
30926
30586
14950
29356
12671
17607
11668
28289
10823
26242
20068
9290
30766
29014
2386
21828
14904
14052
17886
16391
184
4345
8526
11348
12384
913
20285
18798
10599
28717
16105
31613
26955
32205
18942
26813
1114
31437
528
22290
12527
31500
30570
12005
18186
546
1026
7546
26944
29589
17069
5610
8710
568
31180
11223
13618
17169
6927
26916
8434
21305
12152
20568
15055
16770
29264
11969
32767
21054
5616
13177
21427
7433
22433
11876
20241
27969
18629
7937
20417
7372
11697
27590
27533
16649
2529
25553
25070
11978
23519
26859
28450
23585
9019
18153
19250
5715
12555
23294
23329
6982
29260
13999
31655
7535
8510
4912
4825
8258
11408
3402
23312
20685
1683
14959
29572
21220
19948
3015
1737
12903
17300
31875
32263
7395
24543
15085
2619
18338
28806
21017
1160
19105
20533
28456
17497
22524
30775
25105
10313
4092
5325
4230
30225
11273
21397
2024
14296
12102
30695
11000
29157
5284
9296
18212
5481
7245
708
688
29141
11535
30008
8843
5781
10326
27406
12531
7579
5221
8346
25927
15795
1856
31827
18356
30700
31598
11097
2037
14257
1823
26128
2217
8345
1378
25168
19764
20237
26504
6551
9064
21058
31357
27608
5691
10340
8234
27033
18607
32640
3443
20218
26742
28534
31120
27367
15089
11190
29212
26782
5122
4980
2272
14720
16135
7743
19251
8764
11919
6871
25816
2580
10281
20348
9421
28912
9862
10476
21906
29928
21417
11032
5367
15683
16532
31592
3572
15769
1529
4376
28213
24696
29920
25500
4987
31270
7628
19908
30524
1074
8326
9556
6854
22581
29237
5231
18747
3170
9440
32761
23184
21774
30376
26590
21653
16072
23433
7179
1009
24906
16820
26634
9081
19242
32113
20387
10830
13896
5912
12842
18008
3456
31324
9092
923
23831
1512
2008
29199
11044
12137
4348
2726
7804
28524
7222
3340
13421
30933
15878
19792
19112
9308
21362
13093
24789
30199
8541
25401
15202
4377
20389
48
10054
31600
17042
23529
7277
5899
27211
5469
14718
20288
29851
21450
22609
3643
11875
3582
18776
8896
8614
30475
19105
23353
14916
16953
32507
23705
25298
24637
3570
32632
24156
24563
2262
920
11757
19142
20818
19935
32318
8755
13721
13946
16098
15017
19724
24375
21663
20085
32027
19658
781
29649
18234
18679
8554
1784
31751
28910
17775
6031
8193
3333
23817
15892
23400
2337
13866
10557
21928
2160
6127
21084
27629
5085
3508
5606
28789
71
13013
25435
12710
27470
17254
28204
30603
14573
21452
2496
24176
12096
31019
594
7471
32193
18444
15275
18806
28703
19678
27953
8841
25561
9995
1795
1922
18714
26795
25201
13089
3976
7005
21863
26676
8670
10409
21828
2950
16148
31813
25103
1360
19695
11707
19869
28442
9896
9776
25596
5475
12054
1251
20428
14210
27731
12763
263
15433
5093
30581
26188
9482
23026
24223
25854
5184
20214
18896
17242
16057
21021
3649
1988
17781
5341
15210
2075
12147
24556
16372
17432
20945
19818
30403
29554
11042
7682
8798
28298
30475
19542
13658
8473
9610
4013
32685
12793
8704
25747
6081
15763
12825
19706
4999
9427
12438
20899
31413
5376
25551
19452
25097
1989
15329
20092
14993
25399
20650
25339
337
28962
6143
23804
19195
20260
1094
29669
12205
27653
13723
11774
18600
2254
22447
13699
26423
29675
7602
24400
23075
27602
20541
15166
21650
444
991
32009
9238
16780
16378
9536
27614
5306
22086
14200
18237
2017
410
2107
17077
13767
9864
11264
4967
9897
895
23156
11283
21149
5220
19179
20863
12490
8913
6833
20545
18
28290
19399
12365
29897
16684
19767
17222
6798
859
16181
28769
16459
1920
8850
17307
13967
27401
31706
15940
17376
13876
28477
18241
27817
4435
14253
4420
4364
31064
23116
14732
15053
9205
31186
27632
2255
18395
10531
23656
4206
31815
3872
19722
26858
2921
15190
22033
8096
5185
12539
18219
18409
9926
16855
8485
8825
1013
31610
31343
30471
17978
8688
2259
20590
9715
29470
19392
19182
29779
32385
13863
11780
7760
16588
1550
31120
19350
1000
22088
10101
15193
22057
12007
15114
19724
21134
17589
18894
24989
13326
21245
28517
8469
7749
32516
7254
19520
18116
31483
4540
20070
4507
25711
19444
26083
4039
30936
18736
2264
965
7273
17661
12262
4457
10174
9208
29848
26154
11754
5512
20208
30158
9012
8270
12385
22061
4474
3172
14890
15382
13964
18156
8713
23980
1816
13991
11591
19294
23531
21689
29580
12022
17825
32240
1964
7936
21679
2218
18001
23643
20709
7552
5002
15251
21527
8440
10397
16695
25499
27825
1198
25554
24701
16612
31396
30772
8928
29219
8607
3399
25822
27897
20335
835
18236
11742
24437
15963
17319
26574
22295
25402
28465
20259
1230
6258
14595
11513
24684
6778
12757
16905
19513
13548
22181
7140
23727
21722
3900
26368
4984
11025
30193
24402
7047
25269
28589
35
30568
25153
28567
15239
11944
3978
22348
16558
23626
32223
23109
21340
23179
11696
23777
15036
5012
30823
22203
27644
239
25601
5394
19893
1179
19163
18300
196
31188
24959
4156
18664
3160
14198
24830
10455
21652
24752
31238
5820
5882
32245
365
2191
13411
28076
28495
16216
6416
27782
4947
10146
16239
30158
19348
19193
12669
27226
22972
14589
12214
15743
18850
7071
14520
23222
24182
3601
2226
28052
20182
30734
14069
18388
11858
19908
13779
6431
14154
27209
23350
16125
28609
19555
7485
26146
3926
20793
19404
12738
25730
20099
7781
29087
25245
23918
3419
14550
9961
22889
15503
25699
8368
23707
17692
17230
4689
31607
3564
6568
17113
2695
1246
27743
32627
32271
28210
27158
18705
30725
20445
2165
11295
11004
17820
4470
31827
14664
17864
8034
3846
10245
14365
5998
26907
11167
28637
2
30879
13821
18886
20201
6918
8251
11768
3121
14397
8084
18518
32062
1782
3385
9166
6104
15031
16263
23563
11568
1307
7180
29196
9
7385
240
10232
30009
15169
8219
10377
7290
19464
24944
18822
9117
25153
4934
19003
11153
15503
20101
28071
28690
2354
21778
31914
20462
75
7280
24435
16556
21987
18606
27235
11681
1274
15926
16126
351
6041
1439
26494
32669
18401
17717
17401
26525
13825
6375
4738
12463
19168
200
3192
13440
7895
23684
12342
3306
7717
67
13148
373
20246
19817
29401
13260
17616
26434
20019
5581
6476
12181
26994
428
12583
21412
17391
15546
17472
21962
26111
27704
22726
29152
25136
2074
3292
29066
21459
30602
15196
21970
14207
3905
28601
25871
4261
21523
15871
30693
23945
2284
18061
24227
10835
15206
10282
12752
1792
5240
8448
26461
16626
22320
6653
26648
12924
6910
10666
22316
3118
13137
19145
29831
2231
27938
32108
633
30721
22355
26529
3268
3923
27936
1860
30594
31404
14525
26796
13374
24958
30847
26898
9776
30134
18769
16338
995
17096
27397
1870
23061
21232
20375
6152
20491
22877
27354
27535
15096
23315
20006
12266
32197
26434
26518
28535
166
20624
26808
31148
17550
15499
4519
19392
1331
18125
11075
887
22911
29938
21287
2028
2386
271
3345
9844
20518
16029
4038
15775
30319
29660
26745
13823
18758
12638
17532
3012
20116
6181
11018
13430
12219
4178
8266
9284
26607
11547
1011
15438
13155
22060
29502
18358
20532
19743
26791
11320
29086
10834
27870
6963
13661
23831
3567
29029
5000
23823
30661
26433
15565
4
10819
20277
21829
2045
28879
19533
11663
21244
11162
28115
29567
28069
31261
27443
16831
1432
20256
32744
7168
11311
2740
16019
25620
30415
472
29137
9022
14829
5306
21740
221
27766
21969
32055
28933
13915
7845
21651
30976
880
25204
3820
10962
28173
7259
18210
4897
19658
9774
26620
18116
20384
5065
23084
396
31272
20701
10068
17155
9122
19476
16866
20386
17741
17863
16578
32101
29494
20558
10726
19029
14251
26702
31290
4532
2418
22324
1160
12929
2083
17113
31090
20284
23225
5116
14795
6863
5956
14701
5480
18729
24880
9679
26348
26977
28936
19046
3172
14552
26104
7644
22517
2189
25043
12653
11323
27
22986
3613
32389
17940
16259
11662
20048
21686
14548
24056
30228
29888
20004
17589
14381
11342
8126
29959
1055
25759
18417
9803
14927
29781
17423
4947
12929
1889
25880
15336
25581
24430
2644
18442
4135
23081
28300
25001
21047
24880
15898
12235
13062
31969
14715
12009
11114
18624
3730
23505
28597
13864
150
28944
5326
11243
6779
5355
17148
23849
1480
18241
11367
31639
18645
30014
24095
9915
14778
23164
8379
4577
27732
30901
32289
8007
13988
28743
10730
28963
12021
32470
26831
5921
15895
32198
1899
16135
25278
21503
1072
17817
17236
21929
31545
1245
26917
28150
12948
3513
24283
32687
17610
31546
25295
2743
26616
31780
21968
26029
16760
30907
23710
14521
20745
17864
27183
29720
14415
22023
18388
20380
24172
24181
28860
21163
17103
5653
12212
27116
26066
13842
5209
24157
5681
17196
10116
3858
22562
3265
21012
1355
25661
704
27524
9551
9185
16261
407
2093
15682
4360
21506
7657
18988
30718
28010
15700
2240
19760
2942
18299
14314
3153
13227
7602
6000
22971
4820
2183
24071
29794
28860
18135
16256
4476
31484
9138
29787
31197
22119
2393
3143
16986
24845
17585
10799
19886
17584
26623
16377
16821
15484
10627
18366
1847
13868
31324
24410
3248
25008
29575
16230
20023
14512
10456
4390
23755
13918
582
27962
15248
4105
620
16736
16546
12777
19528
15700
13761
3532
25119
23255
15089
2843
3139
26799
21443
14209
13981
4415
7936
26609
18029
2280
18797
14381
32209
19437
28164
6557
5833
22436
28686
4578
6001
24315
10744
24297
5913
7794
28013
4063
19981
12517
642
14038
30026
4558
4331
20679
74
22027
20473
29856
14622
12164
22595
19537
20806
6351
6056
28896
16683
23810
3169
7330
9696
19447
30168
28563
1379
9604
16003
17650
26191
12022
6575
25129
18762
733
1473
26860
16535
18049
32416
15710
19860
16851
27947
31614
5864
12763
13685
14734
27819
26207
14789
22906
4224
8343
4484
5060
27590
29353
20020
29938
17641
20518
6842
32747
2783
11447
8321
3531
22875
24932
9557
32183
10468
3607
8613
32517
30669
67
24632
21072
14187
15672
27657
29702
12436
20892
27555
16532
26292
6868
11805
4323
27310
668
9638
8494
12326
7166
8615
4051
20136
1633
1041
7066
31839
10204
5432
16687
15548
24933
30529
11766
27940
29523
30133
18362
5830
29443
19534
10143
10849
29226
12626
7103
8178
25645
28997
8491
13455
24717
22687
3946
31588
29601
26508
22688
10625
26239
8574
4540
24220
9195
13072
24501
6984
1784
13076
15281
31275
269
176
7589
17365
20452
31776
3349
5262
27108
12345
11570
5982
13226
30555
32440
27788
31435
7254
27802
3128
22903
16217
8824
9700
10426
31205
4681
30459
3367
13823
23012
26496
17782
30098
318
8843
18810
6632
31364
3563
20378
27953
16534
20816
3255
27495
27522
2427
26391
10848
6862
25632
12885
27430
28689
27860
25536
847
14720
29001
6532
28606
19609
15542
16769
27173
15158
14081
28505
15917
29802
15888
1327
3345
19889
22451
29218
4145
14783
7577
24224
31016
16865
7761
11043
3441
19614
31165
1309
20859
13895
28345
19682
15037
1443
3153
23402
32380
30300
29324
19616
10707
2641
9866
20409
29588
6408
18285
25883
11897
6937
11716
627
6493
9552
21669
22052
26671
4987
5624
28718
25690
17586
28278
27700
5303
3675
7119
31770
6545
3674
15700
30202
10336
17588
17574
30380
12757
26074
26720
17556
24550
23570
16911
3239
27240
6160
21211
11933
23223
22350
9577
31657
12767
28589
14380
26717
32513
14036
22071
30915
30734
10355
15877
29884
32148
15200
32594
11381
29317
14588
32167
4146
6168
1721
26509
10531
17416
23806
31247
8543
26289
28677
24812
8294
21994
30607
6449
25349
3871
4517
28092
10857
21464
30986
10030
6246
865
23979
10498
22210
2052
11117
14529
17455
1617
18259
11281
24874
1556
11390
13705
22832
12355
15324
14712
5760
9106
26613
17342
29867
32385
12941
22365
19128
31823
25320
26624
20256
11044
17141
4637
18627
4921
25379
3332
22379
5544
7608
483
7504
11651
26457
22235
20345
29296
14830
29055
4565
9896
25001
7914
19200
17569
24598
17724
29716
29719
6742
746
4544
13741
6388
26973
31584
2339
32683
26910
23136
986
10580
15650
19212
18349
5678
14718
26768
21951
31442
1799
4483
8533
6359
25469
32479
20855
6003
745
29663
2557
20032
22123
22395
30470
1918
14920
31553
23583
25798
15066
27343
16095
10926
19945
394
596
30862
19893
8438
8524
9286
29052
12300
15322
3434
4298
10886
2108
30822
4498
9113
21249
18588
29603
17254
7977
21634
31872
25665
25917
31312
18661
2944
18842
6108
10894
25629
133
12239
4175
23847
9776
27902
27061
6121
17227
16739
4029
17013
24931
17481
14328
10285
3931
9899
15382
1518
13364
23737
29930
27653
17110
2507
15550
27335
21395
3112
8958
9318
31977
2241
28745
26160
13565
15723
22520
716
6799
16943
7459
1631
155
1203
27272
21189
31096
26451
15052
25660
14115
19453
13148
9145
403
27545
7390
15419
13979
15449
14094
14728
677
15325
4954
28947
7961
30207
20937
16582
23782
19159
25392
23793
5505
29995
30230
13791
32008
3072
11874
30534
29178
29396
17563
28351
30903
12469
15373
1449
7012
10083
1458
25309
18494
32215
32549
31732
22562
23603
4924
14545
27733
23992
31702
26621
714
4277
27085
30159
53
10753
27278
22040
30504
22651
1355
30781
16118
23076
17273
31510
23720
29058
21117
12426
24455
20967
22824
15769
27668
25880
11743
28952
1133
17519
15685
15688
5949
11268
25034
3353
18257
30363
27779
22806
23489
26829
16090
19800
31134
30796
3209
10553
6318
24242
5325
12070
5325
31679
10262
9935
19544
16724
5306
23950
16112
20226
25839
13379
30656
5011
17750
16745
4547
11271
18720
3573
20780
29779
8213
19654
28567
20345
19925
25238
3722
23263
32115
31419
10169
13410
11643
5005
25224
19102
23362
8491
31165
3444
26533
7638
593
287
28332
239
13531
14823
30572
28374
4609
31585
7566
4978
14129
8807
6029
29135
5418
18484
17555
24277
27434
31311
12490
12998
30683
7512
6109
25754
7528
7665
32600
616
8883
21350
29886
7148
12629
15203
1686
14453
32463
24478
3563
7281
5606
14336
5125
5217
15142
9883
9583
19943
16239
18297
31355
20786
10536
32571
1290
25440
25462
27291
30100
7348
1365
27670
19374
25958
2813
27648
26765
13326
11944
14161
23386
26251
1847
18972
21659
7324
11519
11315
6170
26272
14311
11599
27674
5907
13100
30024
18089
24606
1693
28180
17482
26409
14530
23151
17463
5730
9949
18320
29507
19461
1986
15116
3568
6328
21032
29739
11246
907
15145
17216
29486
25848
5601
18781
7254
22965
12942
6446
2024
16585
24175
18999
23523
9003
8912
28066
4742
9160
23759
6027
5305
2092
11754
15867
5799
27395
24751
14920
16347
29136
24900
1460
28982
23494
9338
14983
9741
22637
24766
3308
10035
22277
444
23981
3960
13589
5850
8155
2501
6812
28047
16882
9840
8376
24232
32402
30408
19010
29585
32421
7417
21756
1173
3340
25759
19665
20324
27933
24762
15177
32035
23640
12741
27122
10477
30270
32008
27342
667
21688
4229
11136
24082
16133
27867
7325
21101
22989
30158
7657
32051
5437
21587
31048
16208
17761
20642
28900
31678
2090
5577
3382
21133
2243
18306
29393
3890
25782
29446
13664
12492
20411
24587
20578
9529
26526
13617
25812
28530
28116
14887
31056
19485
29049
14529
23759
8709
27124
18823
2857
26009
21243
4177
32718
8924
22676
10177
28408
325
16776
23171
22821
535
9557
7257
7868
7306
4593
20956
6385
5461
32362
13485
8600
11793
19866
11112
21635
28309
21970
30325
28672
1013
22912
17436
30355
25276
5836
1169
11148
3457
13389
13062
11436
7642
1754
9060
15286
22221
5583
29423
13556
4772
4339
12766
28533
6729
8776
11409
16979
13361
23802
23814
4389
24455
17859
21857
13260
24313
8809
17543
15744
17847
26479
18824
23911
17700
9288
28181
4712
24849
8324
27643
15857
30618
24138
11782
6359
20253
30694
2750
13021
4989
28188
31554
21626
25589
19783
65
29110
721
17437
11032
8579
30291
3735
8920
16155
12321
24246
25563
403
29849
9939
4944
21803
23535
22427
5934
1442
3298
22862
9201
24498
1621
8029
8715
23726
32331
1447
4944
27091
7085
365
22848
3085
6486
791
20625
1885
17753
8673
31383
28190
29722
7753
8836
17913
19134
10526
18330
18642
10212
8872
19512
23717
22853
14955
9236
6556
12875
21504
8499
31789
32638
5616
13075
16302
30857
25110
10138
18976
21616
23747
19396
30917
29479
30030
12469
32336
7585
4161
16972
14826
8124
18811
15291
17557
21900
29258
26426
11035
32452
8972
3691
2022
11973
8928
4150
10781
2463
32532
17014
3025
21382
24821
6946
12082
4410
28619
23374
8236
1578
24783
26718
1476
8639
19261
27514
1903
31307
18830
14475
11470
16797
31341
24510
24759
27091
7876
7022
30496
12353
22421
22547
26801
16232
1294
24561
23091
27229
1317
12695
8891
31835
971
5240
7425
6390
7922
4310
12229
31182
10110
13264
27419
7181
28034
4295
12134
8464
14046
19512
16599
1203
8735
23567
23675
26318
28529
14583
29165
12722
6553
3096
8094
30309
26005
732
3846
17778
22488
22024
29795
27010
11380
24403
234
22570
28425
18968
15531
30041
13987
9829
31065
9040
27565
23855
21504
5351
23966
28720
16830
1573
4487
11891
12609
27625
8140
31490
20073
7428
13143
31281
14448
20845
4501
9974
46
14951
14107
14043
25706
30156
6351
15866
30686
7119
20465
26641
17762
17817
23672
20403
14583
27864
4448
15548
7555
8093
25173
11812
6430
437
3420
10174
17456
25167
23607
14419
16348
8809
8771
27656
8255
27286
3524
16412
9839
30181
22554
20141
17127
11415
4441
28150
18947
5619
22426
2568
6484
3439
754
5897
26431
4264
1192
11494
13527
6440
9769
11508
16194
17457
27889
26579
32209
29776
6727
15253
32198
9982
2631
15818
25815
7284
10490
4888
27209
27754
31701
9290
5777
12311
28492
10095
11687
25258
14037
181
1645
23350
20172
12632
29878
1002
11572
21494
28733
5772
20339
30707
16281
23224
14846
9814
3205
24631
32706
17121
4176
21780
21065
9466
5611
23015
9664
31791
16068
30106
28837
6827
19068
10550
19540
10004
30691
12429
20125
32753
32330
22226
25985
32096
29263
21543
25471
25579
13532
4065
12494
1946
30587
29479
789
9274
7440
13881
18339
21724
3546
14831
21131
20056
27043
4053
23727
32539
26665
29329
1830
4383
4905
1097
5342
26725
20938
7043
32552
6345
22508
16009
24171
27744
30692
2172
13372
6895
15823
27216
346
23869
21319
9024
11626
17549
19514
32026
4351
11237
25733
5310
16011
10708
29004
27043
8207
8922
31870
25
23861
25387
13996
18291
26232
3847
25626
13942
5214
13297
25390
18065
27003
2489
19393
30156
5891
29696
27245
6650
5305
8957
6362
9959
32206
32320
11058
23495
18579
8650
18903
14280
2557
20400
26534
8466
18849
8547
9282
921
14095
5010
27663
17539
20954
20354
13806
16729
15911
29213
4534
21215
28476
16517
19412
14026
16860
19428
6708
22786
26034
20260
31321
4642
21826
15458
16737
5168
31728
21330
6263
10463
19573
1080
29813
3835
4277
19424
23816
8218
15418
27140
27233
5334
14596
4945
10752
1374
12803
26083
7847
14755
6674
25428
27593
5667
26014
2596
9622
3029
26066
29893
8767
25767
9595
11156
22433
11408
3288
8259
31968
20584
20884
19341
3176
7156
8960
23637
19618
8668
8931
15822
28564
29676
28698
24555
20910
5863
29957
10201
10953
6
14153
25818
26183
7450
11508
1423
13895
7095
5816
9770
29904
2588
15129
5540
31743
23190
4895
18572
14793
10469
21396
5808
21014
31744
18832
2215
1641
18784
29730
20128
5496
2671
16200
23047
25927
8088
6534
5943
9350
7797
13122
26286
9198
18660
12426
11027
14107
14252
12519
9232
29846
23411
31096
28211
17762
16922
25069
28974
16407
30168
27178
29433
25641
15894
29255
11137
13202
28973
4241
20638
544
28975
6005
15475
8712
15351
20390
24883
8873
26157
2844
2528
9834
27016
18040
20397
9621
15400
30790
16965
18333
17171
19025
17305
4861
30700
5744
21399
14305
18950
24682
1666
1969
32630
27914
3901
14738
20751
20133
4716
20240
28860
8315
2553
19376
6065
17585
25316
26292
16385
3513
21646
28837
25801
25663
13417
9554
2677
24415
27325
27641
25552
6642
7426
24204
29141
16160
24009
7529
23971
3056
19076
22763
16388
28581
23396
31339
19951
19996
13642
8861
11445
23249
5348
6172
12683
9254
321
32050
6141
14840
8465
10555
27424
30604
9207
8910
24613
26487
6313
3124
20092
12080
8658
4469
6076
8305
23706
16991
26523
1863
15919
5459
13196
24427
20131
12369
5233
25030
13252
29728
23302
31474
32055
29808
24369
1311
30050
6822
19806
12212
7856
16861
12227
26263
5689
1506
25302
12713
23114
19405
10029
24528
28801
30467
17232
24923
4492
3281
9276
6636
24298
20470
31738
20559
28927
21785
27959
31379
10289
14641
15347
1033
29401
3916
18811
10501
26349
6484
31462
15206
15453
28576
18565
24811
12712
26708
5257
23670
5317
12986
13408
13154
5911
17021
25241
18375
12059
28663
22147
11432
21354
32068
3311
22576
28441
29547
23428
4606
12806
24584
22327
16112
12272
27443
23948
28968
17733
26636
18385
14485
22524
29916
28086
3607
26252
19824
4363
930
21896
24626
4145
2369
24065
20760
20354
26716
19972
4954
26037
13112
6294
30710
19066
6549
8885
10879
9668
22629
10702
20952
31290
18622
24286
6382
30173
15695
7822
21471
1322
24210
20251
1544
6286
30582
19754
15335
2873
27662
31648
28444
10412
29924
29538
29939
2757
5275
594
17627
8865
26393
23418
1909
11941
9766
22433
8673
100
690
17880
32208
19996
28507
12427
3618
16920
11189
26753
13805
3762
6405
19090
9716
2395
24374
4105
17736
787
11662
22584
30741
10408
32478
13091
26991
24579
9622
6627
20242
25790
139
32111
18689
30954
18783
21943
12352
30424
23894
23202
14050
13796
2494
12494
19930
29247
14986
15268
19903
25964
19249
20619
31695
24656
24382
15446
11789
3644
29274
470
11069
8101
29427
20677
17344
1577
4035
2812
11942
25449
4372
10092
10404
21005
32105
6040
2013
19303
29430
14659
2988
21517
25645
17454
12887
32070
30205
2108
25203
3151
12145
3624
21517
185
3341
1593
30942
13466
11869
5234
27894
27752
14351
27275
4829
21483
10891
7915
19253
8441
7747
3667
21905
1798
13478
21381
8339
1855
23462
9209
26234
16555
18286
14477
9449
32
14121
645
19261
29848
13177
28250
4259
20476
6343
5440
19561
675
5208
11851
14430
4915
24389
31973
19384
2300
12020
17353
1218
26949
32165
28491
16077
13770
29117
15530
25743
21174
29175
32436
22994
23724
23410
27766
1439
9725
765
21496
22574
17928
2392
18928
16071
9766
22397
12577
24818
16670
27645
13713
15653
2903
18377
29754
25462
26369
23340
13014
2806
17499
8820
9160
17499
26245
13067
22337
14744
367
4569
5128
3675
26085
25399
3991
22354
28240
28552
25659
12533
5615
8952
12869
14492
22389
11208
3554
19554
5174
31346
28596
14395
12931
29716
7777
149
27718
21676
20421
15709
12477
29580
22207
7870
17483
1368
13430
32471
4702
26808
19121
4298
14968
24666
24734
20145
20671
26519
32038
15239
23175
20668
5192
10735
15014
25420
8738
12906
22249
1310
634
28859
24247
11245
3240
31603
7684
12111
6594
15535
3502
7444
30518
3753
30226
29675
26092
11334
29727
2577
17624
8607
22647
16243
11611
24054
7653
20772
31112
25572
7450
1662
21497
11615
20137
28597
8817
32442
4689
6592
22982
30123
20137
737
11096
10848
28924
19530
20315
5499
16791
9134
17675
12521
9134
29670
16800
4893
23416
29309
9081
8958
10687
5969
3649
23123
31962
1680
26575
20207
15879
24210
19219
24248
2618
844
26928
31351
20349
17637
16410
19367
10866
17891
32035
5737
18182
1493
7128
25079
31094
9391
351
30470
23336
19247
20283
21946
10331
12993
31157
25132
21859
14648
32086
6271
23035
21208
7246
27573
7553
32421
10181
6279
13132
2882
10146
1734
25530
27009
32292
1857
7322
14888
12526
21653
11905
1793
10839
5081
18542
24992
4687
10808
14450
30508
28758
30245
21086
24094
25404
1229
756
30732
3718
16455
10918
9859
28078
18615
14471
4468
22198
4363
25794
18853
8756
20957
19169
6305
20148
21143
16289
4100
5065
5721
16416
287
4952
3476
21635
10952
7109
7897
2712
27668
26829
12529
5962
26828
6068
8857
1477
4067
7650
828
22820
8124
1469
32631
10993
2998
25597
27525
9167
13469
10075
32072
30974
28306
20330
9193
21886
14084
30990
32270
28297
30375
15058
4196
12458
30099
16470
13414
26080
8022
17562
28275
3702
26987
11000
32419
23437
22969
24400
14358
26302
5384
21369
30743
23778
3395
6310
6663
16191
2582
3274
10458
22714
12647
31256
32635
2662
895
384
4587
30633
14538
18020
17018
22968
29132
23468
9664
2411
19672
22094
26763
13676
4687
3966
2729
20924
717
10953
18999
27659
18543
153
27924
6247
22624
23553
18257
28536
23921
19546
31388
1820
31540
1898
27830
20371
26871
4178
10770
30838
624
9068
2126
30032
4075
30967
7850
5242
1281
25424
12116
30171
13655
10187
3507
26119
1163
20894
13590
20297
5537
4060
1966
29271
26960
24838
4123
7466
14112
15334
8723
25258
27679
6458
4020
26336
3520
11115
10439
6143
18491
1288
18415
17438
1497
524
32038
32522
11983
4953
15432
25010
3255
3973
27494
29469
5586
17911
18677
8900
15452
6104
14056
30479
18669
17817
11534
32441
27411
12716
30648
31050
23880
28070
6660
7132
3916
2618
16824
11675
28406
2564
32330
201
187
30474
3512
2320
4451
2309
9802
12706
10261
30122
7080
6765
21582
1938
9258
32691
26758
9368
8879
6881
11588
29955
20296
3067
31045
24449
675
14465
17669
26736
32741
19603
13268
4658
19320
12535
4093
23860
19125
27964
28378
16280
3897
10783
9094
7070
30872
27124
29877
5712
21608
7840
2098
29207
3902
1032
9986
26820
8650
23154
10413
18163
10649
23687
2886
29932
31429
22692
23578
12029
2977
16118
25092
17611
9604
8606
25047
14561
17465
15646
24207
16007
18579
4876
3397
13481
10334
16630
21459
29084
10592
488
27638
28839
1351
10610
11250
11195
14211
29816
22561
9286
17952
26481
19553
3064
5392
29719
5147
27552
30065
2509
5500
15486
555
1339
8559
26999
19198
31238
21978
1089
31632
26085
28334
7640
3224
15984
31151
12173
21361
6719
20659
6005
1603
2437
5650
13186
12318
26256
4771
6120
23990
6984
16052
23332
2920
26010
14526
6125
16068
4386
26404
19222
13303
18007
22097
21691
10708
25396
18755
19335
4419
28967
12613
9295
8065
6119
1629
18184
28516
16923
25698
19044
27077
1799
19257
19905
25178
24029
18865
11843
7108
29214
11550
1196
3739
11160
18976
13224
22131
11665
19044
10996
10565
4074
21503
11332
13763
15202
10788
16826
9125
19477
27055
12264
1218
31524
29981
16298
32275
17167
5919
31168
32281
30118
4306
26512
16671
16493
23226
19224
17605
23621
1506
7593
23613
21274
31368
525
22436
30272
21204
32739
5133
31934
22845
21700
7052
24220
591
30516
5863
14186
21769
15930
14724
25856
31349
10215
27039
16521
18636
8782
26565
9920
1369
29084
27973
9780
27773
10965
22072
25053
11396
24655
26178
5538
30937
30150
31237
20193
22879
21154
2646
3
21972
2208
1124
19699
24235
9016
3860
14917
4543
18472
4318
23347
15730
12861
31355
85
8257
5946
14881
205
1455
7706
6772
28024
14243
23352
15632
820
7442
8703
17717
16009
26311
31797
6214
148
14434
1345
30
12285
5817
2510
23066
9837
28161
27801
21972
29806
25254
31112
13368
8671
5196
26864
837
23902
23238
14320
16705
7700
31361
6158
12546
26843
4564
31395
8134
7049
22901
12267
19906
21020
10365
16337
18594
375
3541
27716
13209
32002
18508
5480
60
3586
17567
11874
9858
15565
1334
27412
27428
13120
17321
2830
15476
10453
28590
18047
17625
650
3253
4721
15022
14279
22950
8319
20312
31735
16650
29932
13325
28961
17682
1842
26184
5233
6238
15063
26232
22528
1578
10276
24271
272
2224
2985
27008
808
15259
9297
10760
10515
1388
16629
16549
8999
31073
13119
27071
19629
25734
31678
7958
16401
31456
18828
1113
13889
6533
15362
9429
11573
4767
20509
32421
23329
783
15719
9940
11199
17235
15978
15811
13036
4065
7132
9896
2039
9977
4185
29700
8589
12527
29207
486
15840
28374
15644
2618
17654
27596
22820
15570
11078
16788
3310
6246
27090
3260
25919
5006
28119
32566
6116
29174
29080
28706
5513
3839
22199
32514
17446
7722
5669
1565
20966
8532
12015
30577
28098
2569
15246
24286
10972
24086
16704
7367
10511
4746
8363
11057
5240
4121
27068
22746
14516
2360
9420
27415
32323
31343
20306
24030
20349
18531
18915
8473
32395
354
16265
15150
10880
6929
30790
2025
644
8027
15706
21364
26055
22462
25928
29442
9573
11244
22764
28538
9835
5308
31690
10181
8797
22339
5545
27014
18826
10401
26242
4065
31821
15292
32079
4301
4394
27050
6584
18540
15322
12458
11592
12832
14907
19741
24036
6668
27479
16795
29901
2073
32655
23300
28516
16901
29262
12154
24788
19620
25056
11175
11958
6164
13515
18194
15756
16085
18559
12009
27019
10704
6330
10637
8307
25021
14951
29836
15377
11466
24541
21355
10493
10844
28499
16624
30650
9693
1272
12849
18067
15156
5406
2062
19108
25248
11922
2254
7656
22823
31228
27884
515
24534
22836
31688
20393
10998
7148
23534
6268
11256
16750
16676
3035
19998
31443
1936
20428
7233
5051
7403
8219
23698
7671
24328
31951
15848
9805
29246
12654
31521
20624
13393
1931
11463
8506
21818
32468
23545
19649
13288
24063
22003
34
26038
21299
1441
5541
31354
18165
15236
32247
8302
19414
17876
25546
23767
6588
21394
24146
846
10895
31773
28432
31365
22927
25354
6727
25253
17794
728
2655
27844
18535
32254
32656
19191
27631
30306
28968
7451
21974
17668
10096
25132
681
22837
14549
2246
20793
17416
18027
7845
1205
10417
4052
10431
18627
17605
23771
21326
16218
6014
9076
23579
20111
941
5512
15018
28848
24996
6438
26410
19641
20106
14367
15143
27218
15189
26071
23626
6805
29256
18904
9068
22813
27986
21310
19612
1628
6643
6591
29840
12971
22831
23015
31162
17278
20506
7140
28095
5737
3333
4688
12805
18389
28855
2572
5400
9905
9062
12306
674
14080
12405
21415
30667
32576
28199
32530
12344
1860
8470
13021
21543
31970
25281
26589
704
31094
15741
10241
30050
31096
20137
16526
1232
14734
32286
28853
26960
19059
26370
16422
26199
10133
28334
22435
21790
10
21693
17818
29034
28847
27847
21503
20338
5912
24096
29861
16303
16888
212
32622
9007
6193
16693
3831
21741
15289
1494
28457
12602
14348
1780
28619
18543
32236
18665
16960
24830
9193
26427
1204
6785
29308
11737
17324
10029
19646
26888
6912
25610
4858
28137
31973
13473
30201
30868
413
27277
18060
17686
8498
12794
28457
23811
18939
15591
13979
27258
25083
15553
12150
3814
31957
11643
16029
10082
12818
495
24260
20846
6936
682
13633
13510
19852
11288
5482
3521
14542
19488
20412
31790
12144
12071
31660
2801
27370
18617
26754
6378
1788
6995
20214
21986
9543
7656
2886
13691
16406
3272
32048
10896
5244
1365
21598
11778
20014
27449
9277
16851
32486
2908
12221
22826
25225
21088
11923
22772
27579
26774
19856
12795
28740
23836
24956
13979
12170
29194
15566
15247
18219
22305
31156
32556
6200
19075
18328
9241
30495
23067
28043
1559
9785
19400
1873
26094
8432
25281
9933
8700
3586
6958
3772
10292
19339
2457
15948
2618
19365
19303
16655
28238
13024
6430
5602
3589
19354
10874
22793
28735
28017
29536
6921
1453
20836
8439
27698
21510
4032
12937
29636
29732
19395
14362
21787
18389
5594
1289
15185
17797
23196
29824
4239
2891
17187
8373
1781
5818
5392
18639
30409
2467
14870
30857
7121
16866
9245
6054
16067
13507
30849
29895
30564
2491
24006
15928
31385
7454
915
11588
29056
868
25675
16841
32246
25520
2330
23078
8068
7829
17968
19143
28294
2028
4393
3941
22822
9804
23072
13913
2218
29509
9519
8605
1626
4870
26723
3210
11803
26983
16943
3840
7840
6166
22962
29664
835
11249
22155
29333
27706
16024
32150
14435
30840
6091
23657
23677
30869
23370
6518
20456
3
16689
29255
8109
8653
25859
10030
17071
25417
31940
24894
11933
17166
2262
20703
13840
14886
21529
28721
23275
32013
23274
27361
22292
16838
13637
22250
5810
29040
651
32008
10819
28601
5033
29110
1748
2411
12857
4231
27993
3494
32645
10089
30901
14811
22851
29530
3016
25715
27607
9232
26318
9538
3859
23502
9292
23343
27192
7040
841
14914
32516
6036
8718
11002
29551
3860
32617
21451
10086
12688
7101
19846
31592
24882
11852
17263
5137
28699
3594
9058
21367
20673
1260
13282
10260
23451
30303
205
19687
22250
6303
8301
18787
18500
6452
1414
23736
29642
12803
16741
17740
14323
20658
5187
24524
27987
15784
2638
28025
25641
24585
10656
17734
22887
9402
11401
25108
11561
29953
24328
31088
3318
26189
21448
32630
177
29260
20858
19525
10035
2608
19351
28883
7130
29596
23223
4207
1518
13244
27640
20697
778
13544
14133
21832
677
28308
29626
7374
3285
16785
13406
26489
1255
22482
15714
94
30845
554
15057
27403
3086
20134
11713
4641
31763
5152
21257
11676
30262
5088
22541
30158
23611
15048
29333
23110
24719
21766
17989
8351
24257
28713
29537
12463
19986
24523
5497
26727
22587
9735
2157
7785
14379
2321
13835
22365
14686
20769
8867
13700
15742
26509
23367
31515
18508
7349
1082
25479
21653
27409
10728
10540
811
3463
31684
3040
16737
1045
13747
27837
22126
16161
2739
5679
18361
686
18634
7685
6240
10428
9993
10526
12722
25755
11271
10974
22603
12170
23285
21569
18277
26736
2166
24785
23595
4302
27533
8449
20849
23809
23341
1966
32397
26658
5526
11752
13778
7568
24484
5814
31549
17440
15085
24600
8466
12231
16123
27552
827
8557
17200
20242
5535
19548
22838
14696
11827
9586
23675
955
18436
4323
22698
20762
23076
19647
3335
2152
4994
29695
2587
11925
4659
26959
8292
10823
12194
28331
5861
10485
14649
29914
27252
28955
6134
11171
9601
2820
23834
24105
30970
457
4738
12223
19082
27821
3996
24515
22688
29601
15752
30742
4895
6756
9439
22665
25754
11995
28304
18462
20993
11151
10884
8467
1187
27370
1890
15446
7291
23704
15049
6629
19797
22690
9685
18110
25779
19873
29195
5908
29922
21484
22884
16541
7673
6454
16310
12791
12687
21804
20009
5404
4118
22295
2985
4577
4164
23450
21564
31390
1016
6258
26653
25933
23505
7393
2424
14338
5956
26655
30537
23998
18831
1199
27691
4294
16998
22714
22190
18446
2762
1091
28796
16715
11223
8124
18430
2248
9939
8184
25232
9273
10130
14811
3969
21500
22913
6578
27289
9640
25094
31695
13303
21484
28548
5416
7162
24235
10679
10055
25554
12977
21746
31956
32635
9434
28603
29872
14808
26717
22715
22106
8455
11981
28012
18534
30799
6504
1916
17995
1742
27623
25214
1835
13787
18160
32120
4891
4619
10711
15464
30922
27904
21114
11409
15563
30200
26028
19856
6813
32389
28006
13858
31092
5386
16200
7567
28970
18644
24773
2387
28140
23820
3942
2270
28396
15368
17639
32570
7040
12865
19931
17346
32359
1828
21863
31813
2264
9192
13277
21203
19179
9185
21857
26748
8959
6709
8191
2485
17415
6536
21060
14939
28977
12048
453
21499
13565
1530
22016
928
24666
21871
32122
289
23453
4858
27566
9466
11562
2978
10735
9549
24969
1484
6913
9113
19943
3405
16541
12571
6872
19658
18476
9449
6129
23570
16712
6471
22845
1025
16533
4727
25524
2141
15424
30491
32274
20329
9719
23015
13651
6682
13703
4828
28295
11476
16787
12977
27096
20381
24465
11368
23212
11849
2024
15712
11443
15223
29608
3469
3869
4147
31591
19199
9285
12808
8884
5126
2560
5800
24997
27293
22329
14026
3366
17252
18424
15264
6413
26698
19336
12598
31685
22106
19229
2210
20853
27024
16331
11788
18701
5101
5180
22913
30302
31754
13421
24124
25790
11799
6625
3246
21059
2194
6627
31299
18044
13349
19525
8638
11875
32263
9676
18830
8310
11202
4113
29989
11422
28722
18254
11238
27503
242
14120
1419
25907
30058
16485
21841
20205
8095
27831
19145
23184
5338
2895
19464
2201
11319
8326
12300
5510
26531
29110
5885
12960
10907
21354
24312
17690
11679
7007
7804
27698
7907
12849
416
14969
9790
6961
12392
23401
4945
27522
6115
22531
27283
8679
15690
9531
10659
11540
6917
22146
27046
18305
8042
14218
23721
197
29706
24419
25951
3830
11167
6886
22676
23427
4834
14025
28999
23339
9092
17506
7601
23635
7745
14672
32718
7201
8230
14511
11152
18454
1365
6966
25910
27141
32130
22786
4329
10780
10628
13955
26324
10878
30164
19431
19420
1022
27157
8810
5654
15455
5479
16695
21798
31458
3773
3401
16109
23072
19142
24152
20963
29232
15156
20349
21822
21577
5421
3096
16921
17101
13002
15006
25396
16196
5354
23251
17963
7356
29039
9656
9702
3428
2460
20097
23652
30976
10253
4385
14647
29434
20046
1317
23425
17850
29281
14216
4089
23744
4096
25837
18918
18152
15183
855
3588
10226
23423
28929
27251
27107
11958
29093
10542
22580
29763
26731
27249
29822
29728
10828
5995
2127
12904
30735
32240
11748
10091
3898
14886
20440
20420
27570
5597
20768
31814
10464
31417
24726
17114
18655
14990
20736
31210
15384
12912
26397
4735
2257
12222
27669
25381
8881
20587
22935
23690
4409
24666
10078
13383
6554
27407
27086
15178
23810
31792
9320
14211
19011
28318
24987
252
30856
926
10096
2315
14107
22417
3795
20118
31656
17566
21615
4339
7573
277
20790
21315
27122
29186
288
29908
18508
20721
2226
6508
28774
18680
4683
30794
22454
32116
32657
1638
32095
6186
23288
32367
11432
13209
17534
23382
31430
18438
31258
24005
956
29622
1490
15456
22007
5901
3231
20386
8622
25374
27984
4798
16335
18042
14509
22346
29940
5737
27930
32703
30262
10310
9796
18812
11499
8808
24647
12563
13531
32584
1915
545
24524
30118
14476
25173
351
29153
19510
20647
19964
30591
32651
15480
9678
22940
1921
22104
32087
22087
28294
10677
274
32541
23802
77
32136
8419
8559
21191
21961
31023
1372
10910
18897
13944
14105
32443
23123
22329
20829
29662
7327
6500
23208
29300
4009
2679
14981
2308
9341
32046
21478
12472
417
17130
3116
27569
17870
4898
18041
142
30810
1215
18450
24967
11476
32593
23010
26309
10440
22355
915
14717
25404
514
28961
32010
19533
30388
11385
1378
6415
4862
25069
15986
4044
2184
22163
5715
3365
8241
1403
31172
1013
3346
4994
9258
22014
18752
9733
6715
1368
18400
27402
9341
32346
18831
3982
29453
29158
3838
18640
4624
30298
8210
14597
1440
10299
11157
2063
14964
26627
13682
18298
6710
6906
22538
21455
12985
28512
1517
1368
23147
1983
29315
8514
358
12620
17337
9743
24721
21695
20811
17371
23949
4216
20847
9904
10575
14149
5466
17790
22280
26099
6662
23913
1153
6767
18126
22013
32465
10742
23399
10630
5315
28918
10081
4178
3905
13919
7078
26589
32405
32725
8361
16878
22309
386
14064
6439
7303
12389
3727
17821
25293
8830
26292
26532
27684
10867
6047
3216
30682
24308
5409
2143
29962
11474
14711
32040
23159
28367
15337
6677
2510
32030
22010
12637
22119
23346
18936
10735
10223
23011
7146
32377
9593
23313
11793
20760
1414
15197
6557
3266
9849
11907
6631
26004
4491
8394
26344
25279
22195
28002
17841
11633
11576
11971
23639
23686
29313
3877
21831
18794
17079
8288
32000
973
16764
6433
10356
13616
15314
23309
1098
31702
10929
26527
5123
1829
31013
23850
15202
22173
11035
31054
5642
17032
15276
13159
7774
32709
14379
6474
23851
23055
4648
6461
12632
19482
16408
2286
4922
22909
10062
30455
26438
5186
11366
2328
9511
22422
8221
550
10296
3836
24277
1539
7006
19897
24108
1193
14235
6954
16582
9630
9720
669
32258
4157
23039
26446
10100
19321
30851
10768
7473
23785
25318
25187
25321
11067
24830
7004
8989
4628
21900
11834
16345
27594
224
11980
15243
30756
1152
3724
24449
11465
10107
18133
16704
24270
28022
31583
7972
12116
15668
24007
17682
22676
19651
23558
6345
18072
333
24009
23596
4264
6685
8755
15387
16610
19707
11678
10730
13865
31154
28776
28473
18472
4399
23445
9262
13318
31681
25050
12836
429
27839
5260
1415
30864
10167
13654
26518
17417
25898
16188
15469
31609
1901
27257
25420
11652
31445
22607
8560
1670
14958
26199
29330
23575
25273
25072
14948
9896
10525
8399
15425
9193
12975
11668
15462
22289
16773
16279
30138
28280
1020
20812
29275
21136
2219
13996
30035
3209
6170
22713
24608
16395
7703
23041
19823
29093
5385
31202
15082
28210
3633
19373
6413
30822
11933
31418
12776
4788
4166
820
5052
30712
7488
32696
22249
32082
10438
19604
1976
11159
30002
28453
15674
26521
31057
6159
6955
14701
24487
17253
19931
28786
2780
16142
16014
10500
2230
30181
22195
27974
17732
382
3740
5866
24612
24577
14772
8304
19486
20004
1289
10130
16962
18510
1149
5859
4413
30371
15719
2528
28900
20118
9732
15622
12575
20790
17823
12062
28940
14701
32694
16842
4386
16357
8445
15500
18752
12042
844
28929
6479
4567
16661
13869
7318
17720
16184
27407
27662
21786
16629
16376
4665
29962
11140
6230
31663
26912
7261
11876
31033
10851
16740
10160
9732
2758
25243
24764
10497
28305
30382
8866
27768
25664
10106
10957
8710
23007
9961
24247
29295
29848
21031
15849
1843
24258
5166
19076
3755
2620
14751
24398
12707
21172
10946
32112
4258
20175
17922
5389
30749
11785
11303
25647
6259
32391
29310
24374
19089
19906
3845
18982
18736
4486
23564
14720
1624
26114
15150
22737
6092
10047
26418
3013
22062
32695
7955
29705
31053
29554
32592
4244
15381
13838
5187
20543
27439
18668
18088
15491
32669
20355
21149
11841
5876
9304
24686
2263
3146
27869
15181
11425
30145
26670
13983
22556
4321
2407
2935
24924
26627
9807
12175
15750
7443
6748
15445
18867
20337
12597
25373
25520
19502
9875
9327
17194
8485
25308
25487
18310
10429
26295
6162
22736
16426
1400
12008
3211
4300
23374
28655
11756
22540
26549
5836
5616
7995
20853
20955
4009
8011
24111
21184
8761
22931
23349
23488
1730
31300
26163
27573
12656
32326
5868
4930
3254
23212
19439
27673
26757
27733
25247
28193
14250
2900
4755
31238
11388
14499
30502
27122
23550
14572
13310
11451
1465
7015
6551
31431
10260
9961
12816
5062
17344
15100
29159
333
913
3446
27766
4878
13695
20977
17985
19622
18726
3569
6517
4195
2994
21929
10131
23551
18537
30451
27794
24162
8513
15879
15194
3288
26863
29893
10705
264
1939
18527
23431
8984
1277
11859
28632
636
25005
4027
16805
8580
18330
10881
3888
9368
29317
5818
5198
11672
32173
7165
8024
1745
24391
32675
27638
30471
30109
13441
6797
28620
21957
8264
20231
2854
27271
5653
3026
9915
15486
28967
8307
8106
18189
32292
21339
1121
5553
32289
15125
14032
23375
28519
15275
2150
3812
24087
7833
23895
5715
12545
1378
21608
22931
30756
469
18503
13316
16305
10010
3834
16752
32718
25706
17743
536
2556
7248
15109
8750
30075
10803
3038
1951
18765
26456
25765
2193
31471
1717
13146
7901
17628
30249
12244
14750
20508
1968
25942
19823
10418
5619
6384
17739
10831
2691
7018
16959
8610
12441
12337
8107
221
30757
14473
19266
658
24860
28841
16910
23587
9164
31831
29961
21325
23184
2423
30198
19068
13680
4245
19938
31571
18028
14339
9332
8262
1292
24470
26140
22570
13680
27620
8855
20199
6989
10332
5385
21194
27005
11486
14474
21355
1661
17871
14567
12958
936
28533
17804
4621
18658
27432
18569
26067
13248
13297
19911
18895
22905
14030
4126
4225
3995
13275
5212
27054
28157
18343
19511
15523
12498
22213
23883
2025
11666
3749
25581
24080
32416
21704
4508
25562
29952
22264
152
11598
31259
17448
29654
6044
27840
14742
5997
22652
20528
18655
27234
13744
13291
5075
283
24423
10565
20769
26
17308
23965
13375
22329
4745
6213
24375
29975
29745
32376
30297
13813
11129
12210
26614
32499
18885
18972
8049
16402
26396
9755
17575
11344
10777
28143
27796
25849
14102
13407
7002
6676
7853
11050
2080
31294
31718
29894
13829
19262
24229
27568
11951
23886
14026
3882
19226
12299
29655
20102
16774
21086
25099
26883
19300
17294
16241
19950
25211
22611
22711
15070
16728
10366
5408
10371
12471
3435
28560
27914
22977
25949
18083
14994
10508
25602
10202
22732
19149
14696
27012
19212
29616
22874
26949
19156
32493
27801
8415
28057
23763
6862
16792
803
29516
7323
15047
13259
29113
23283
26355
29838
13353
16129
12170
6685
7975
13398
19088
25023
10507
27640
27221
30746
1195
17366
31200
15972
1722
26166
24887
5208
10700
23220
30322
25473
26885
23282
2310
12035
5432
5097
17024
4024
29602
8537
24018
29188
31482
23629
28259
17956
18149
12314
4715
19146
30535
4945
364
12227
13661
2491
7128
28759
14700
2538
16311
9463
31436
200
4347
12293
29908
9556
7451
19586
18231
27089
10662
13375
21521
2974
31147
9412
8572
15303
21989
31689
17105
17673
29756
24900
11009
5677
6592
5649
29565
3714
3044
3566
12971
16232
2421
16500
4679
17254
4219
32625
4233
6675
7888
30182
13239
13302
2888
19087
1735
8417
32475
