2500
17805
1092
10655
16346
1473
14809
28484
27827
11824
20312
25292
13162
6511
22361
19329
13183
7568
10404
20192
31893
30169
14688
23098
25176
31834
12580
29559
29191
30030
12333
31942
32200
32710
23695
11828
20770
11340
1899
17114
18262
8548
9974
15746
9722
23834
28517
3516
25875
804
20403
30512
535
31680
27226
28750
13190
11067
25538
12481
27166
26967
25487
9408
23267
4982
9198
27581
22009
16424
4550
24330
14176
27750
7686
20155
28467
20479
32334
3966
8555
22130
31549
13916
8593
21511
4729
31089
15244
26381
18679
20044
19095
4117
11757
291
20318
16884
30486
3757
26207
21614
17164
22340
10170
3727
27322
30142
14633
31306
28414
15791
10641
13558
28416
26887
12789
6313
5388
19470
27588
24187
10624
25175
10854
11057
26441
31078
3614
14358
2857
21305
7968
8192
31066
4099
9653
10498
18626
32046
30897
13593
9751
13592
16539
3744
22820
27078
25994
13639
15681
32644
6718
5544
1440
6352
7617
22505
29627
17339
29118
6476
8404
9592
25531
25319
18749
335
5188
7101
15940
12690
26776
25864
15092
22579
1457
32714
6223
3599
29523
28568
1578
30286
22356
32482
30646
9906
25205
25665
24097
18621
32309
15987
30682
24604
7035
18990
10216
27205
29228
30642
2512
3107
4141
18108
6195
11304
21718
14096
29036
11527
30299
24618
23297
31259
30753
9015
14624
5816
2529
22981
22044
6524
31284
31205
15021
23990
10231
6089
18651
12293
6832
14381
29464
5574
4006
22187
7211
13475
16723
26254
26278
22148
11245
23726
15162
31856
30615
22859
23240
2939
30944
14308
2496
14509
29598
15074
25557
7243
22427
10538
29451
3825
23398
6380
29076
8299
31878
28968
21221
27205
13068
19119
24311
16314
22783
23188
20852
15972
32660
3186
17636
8556
14353
1347
11819
12164
16608
32341
15308
15399
18066
25499
22978
7593
23379
19806
2125
14137
24576
27798
22476
2991
15426
9869
28211
28552
8545
7642
3305
21213
9986
15765
14732
23690
22478
29385
17824
26359
905
29748
3130
32548
4515
12484
11281
10098
26454
30547
13782
14803
26855
18193
1292
13806
6675
13010
3335
25434
19652
18651
20879
8578
32734
6763
14790
10696
8453
10686
30721
32589
2362
31975
22523
22685
27109
15062
20166
4325
17836
9302
6028
12649
2987
28108
17899
9799
14892
6250
24007
20768
4518
2435
2845
11553
6709
10031
18614
279
31145
18727
2034
16869
898
30110
32459
30164
25193
5637
25871
24072
25243
10351
14208
13159
25790
6933
29012
26118
16191
28766
5993
1973
15536
32043
15843
1485
22408
8464
25162
8466
20856
29258
29309
100
25399
5499
279
28330
14121
19184
8809
32563
27912
7233
16780
24063
1517
14630
24858
7620
15116
19753
23230
22945
13992
18055
3788
23963
32152
21905
29990
26965
32263
14349
22783
11101
15247
21267
13313
5592
14799
22991
2264
22834
13779
17673
4675
6028
19566
31900
30577
17640
3936
29842
5193
1389
16414
24084
29893
21585
21723
17576
19896
31212
31798
27881
24821
27835
3794
19650
9173
7349
28324
204
22018
14075
16261
17153
1202
8477
25034
24096
7460
6083
24438
14192
7237
9386
10029
32263
8399
6525
21103
31906
20351
6529
6570
2949
6896
12954
22174
24186
29401
24854
13124
8330
7291
28482
14365
3035
11030
21547
4533
873
13955
22011
27888
17583
2849
8929
23999
6308
24245
11377
9435
4432
613
29544
11496
29572
22590
9815
24392
22231
12963
16189
22428
18073
12605
12809
22306
8975
16179
10311
10350
29076
18070
24055
27110
1671
26426
18053
11363
30646
25430
29819
2780
29506
26080
13969
19681
4496
18561
30145
32061
10627
62
15741
30843
23844
4297
14591
6138
25181
30500
12023
28308
11964
7461
1374
20325
8744
32628
14258
7645
29020
24307
7860
23763
29685
29366
5991
28307
5234
15932
27391
16378
30021
27890
8322
24200
958
20343
8200
26427
29132
3435
7603
9358
1929
12448
6592
2794
11123
32249
13136
15815
17008
18392
30074
28249
29894
24689
23083
2044
21877
18233
31257
1150
24142
16360
7383
20315
3764
4554
24444
12672
24955
21864
21656
30261
5555
5044
5439
30876
2909
27256
24642
9739
12844
16629
20081
12147
6292
24604
3842
20117
19849
12109
28604
16886
5644
19128
24306
2141
3610
16651
31252
27
17986
3682
30931
12590
12387
13979
11493
3007
29920
18905
31874
27398
32668
20019
15555
30627
16356
20329
16131
23601
7999
4277
25313
17644
6231
22753
19333
3812
13553
12339
12764
8800
14471
10699
30440
25363
32653
19717
7761
1602
32030
23035
8377
8894
5786
4732
25186
20937
31409
29665
22279
15500
1591
25573
22444
20513
27612
11096
24287
6153
23025
19857
21639
18354
27374
26790
31489
8717
28381
7489
21319
1246
31893
17280
21109
19667
31723
7599
17098
20553
27570
13772
20678
24309
30792
22406
23887
4207
8962
7123
24380
20278
18907
20942
12725
27782
8497
22846
19380
26856
3801
24792
10438
28909
19526
30090
8082
28313
13864
10802
1245
11172
30836
23173
2497
10413
23469
20263
6259
6885
28450
6227
28540
24757
3216
425
23711
21452
5636
2412
15617
24596
26329
8845
10570
12567
32189
15767
26431
12842
18345
22191
25131
27177
22870
5360
8542
14087
14744
11722
10182
19094
30599
22567
7801
21174
5750
4021
8313
9339
16300
7414
11422
3733
14885
30657
26231
27589
9753
27172
26267
31141
22941
7912
744
27097
14632
31870
31922
5663
6306
7947
31325
24020
29307
28286
32490
5548
4525
13916
27665
5727
33
22890
27048
11447
16084
19705
14480
2546
23238
18058
31921
3245
32654
17948
28466
7414
28449
31093
18077
23024
4591
16236
18951
2274
2613
26973
15771
20194
16577
19535
25940
6152
3421
2471
10438
7281
18300
8424
30420
5511
29942
10496
10726
21389
32102
5023
27397
3945
4104
10003
10686
19782
23965
14070
6607
3586
13998
15299
26065
4163
7536
7906
10291
28643
3082
26884
3087
5539
3653
16050
27056
22451
9470
24305
20591
16647
23296
7427
23915
7871
12779
6400
6704
16596
18779
14554
29551
21641
27587
11806
17426
17594
32321
28851
6058
27229
26112
3915
29888
22034
30475
14010
7003
20677
9400
31153
7493
28968
15822
12903
25449
16180
23830
10160
15879
6823
30930
14641
18908
875
31088
24617
1879
11148
22565
14246
6692
3117
7202
13217
5163
30701
16638
6328
32004
6351
21268
17029
26433
13433
25065
15321
21599
32170
19469
12359
14037
31511
15015
9708
28498
29700
12763
25449
19294
16618
6561
17558
4405
3122
28582
27868
28846
17460
24043
26659
10337
32273
10294
17707
20296
956
10335
14238
13768
23684
16041
1050
14671
4158
3845
18279
29079
7835
2425
4515
12107
2148
17496
1821
27655
6729
4771
4626
23207
19065
7538
4226
21093
32311
19220
14163
21690
27469
288
22894
3882
21236
14716
24598
24188
13306
1398
21760
9710
16297
24046
25083
30131
19508
31198
15261
31465
10881
9004
25112
27057
23384
18319
20700
20337
25214
20220
28357
9513
12449
12572
32298
13855
9080
23560
22341
31842
16806
14684
8235
32171
27556
17442
1775
13441
18082
13891
11566
12930
27209
23780
15079
29847
2743
1309
30696
30919
19333
3736
3209
24310
8107
31889
5930
2908
13713
5021
11205
18829
8473
12616
18156
7299
23135
28683
7998
25807
30559
25487
23143
1272
29825
27063
5435
8543
18079
2688
1667
24083
7641
15561
4763
4139
279
19023
19138
18355
22947
13934
29586
13407
29551
5626
21498
31698
8589
8739
19454
20232
6180
23645
5871
16780
30886
26636
18903
29601
11998
6142
9658
13130
15257
12342
26190
18718
18385
19489
2591
7153
18486
19922
28725
22567
31037
12536
15915
7022
7786
3046
9180
16770
13128
29327
32652
19638
22048
27584
25936
12799
10139
19342
13078
8747
24365
29982
21820
9183
20551
26777
15512
29988
27088
17947
2010
1321
10527
3474
5445
13302
17083
22489
29644
3500
31867
18661
14538
28311
9259
21140
20238
6836
11809
18296
8639
18817
3186
27531
4286
9867
18480
29962
7113
15118
31271
30149
32230
32675
5900
1966
23740
29170
14526
15750
25993
12234
29360
16783
26660
30431
30649
31295
12909
3381
15503
16224
2251
18708
29878
32143
2288
4242
7982
5487
25683
31516
3537
30485
24579
26384
30666
15335
14988
28601
7318
19295
13918
3936
5817
4679
2819
27960
737
18856
19903
12132
8940
9992
6812
21993
31432
2760
4298
31531
9730
2944
3719
12293
18605
17345
17741
10234
19053
14495
5739
32653
16613
14709
20892
17840
4984
2887
27501
12139
7289
12183
9528
29738
31055
27669
29490
19176
11436
23611
8539
25353
22905
11431
26826
21961
16589
6343
28544
29129
17221
11183
15118
16
28168
1267
19872
29068
3048
25629
8635
6579
1510
21982
26406
24275
16346
16564
30060
25778
20348
19412
12818
17403
7519
8712
22748
12764
15712
3949
9559
27869
31490
8098
12054
25492
23248
576
18325
23344
2575
7801
11050
29611
4434
563
23385
27522
28624
554
32107
8596
11972
29728
16069
5330
12954
10768
12446
9945
14964
10769
21468
27468
26361
11118
31296
25182
11398
20644
26958
8941
52
3561
16774
8006
27955
2075
29468
868
31025
10022
223
17800
20715
18585
21052
8145
8278
17184
7210
4748
3538
5297
18129
9868
5486
28409
25431
4357
18308
25264
31790
16584
7977
1047
4771
11462
27017
19897
26776
4400
11247
1279
11885
3437
18285
22586
25097
16403
12224
14815
8914
28756
30924
9972
13616
12487
13230
6581
17938
22411
8314
10464
32668
29686
26109
5180
15014
8506
28684
2147
19946
23624
3982
26223
19223
19730
27865
9943
27851
14888
12952
1460
1656
28914
26197
15834
14085
25462
19530
23080
24954
13220
882
22149
3782
23442
17160
1558
24413
14755
20671
22807
8773
26520
6129
420
31717
9481
7731
4706
17568
5749
6424
27473
17958
17419
29742
9442
11251
29271
21501
6939
22246
9108
20955
21432
12513
26927
332
7161
4561
27096
31477
2319
29886
2351
16588
26384
10189
8743
26559
18275
23871
29648
6572
25831
9537
18802
32406
26536
1300
22725
2123
19956
24649
29009
15585
14543
10193
14461
23047
32318
8835
24587
16625
3177
483
10
7195
9309
6545
19548
503
24717
6511
22591
1066
17849
5317
17881
23997
8441
1696
10656
16987
5017
28507
10068
14406
19572
2351
15933
23857
7016
23572
17038
22830
6508
19471
5952
17410
8755
4080
230
716
31016
28961
28003
20337
15063
22273
28361
28574
915
28630
2575
15054
24952
11527
11542
16451
7461
12665
2777
9412
8202
3607
669
11020
17561
18791
976
19100
31368
24372
14345
4990
25119
24225
30336
13952
17278
2819
4425
31670
642
1878
11585
7134
24317
31359
16146
8737
30704
31823
7105
3054
30617
15797
19003
32330
9743
29010
5946
6916
29785
18115
20731
28544
22949
32399
15518
30778
17426
14659
27070
3450
18089
13410
29613
31688
14087
24024
3732
25107
29582
8009
14079
30805
14108
24227
26798
11394
19589
22474
15890
24988
10487
820
17356
12887
16029
3234
27682
12
6827
30576
12935
23255
7157
20124
6477
25237
5110
8558
1729
26180
4591
30625
19959
3456
1960
15896
10233
24629
18072
21399
7242
22931
5855
30768
20390
24117
31219
12621
780
3903
32500
27777
1005
22549
268
8059
23034
22010
29738
31377
22376
20035
316
21639
27602
15154
26812
10690
9331
13634
24695
8169
15751
16010
27728
4827
15517
7408
5335
7209
894
9455
9259
31939
31440
7075
42
14908
25370
29885
9956
30267
25807
18260
188
11323
6430
14477
1006
7802
8785
32750
23094
916
30048
31852
29438
30087
620
22968
26095
13090
10912
11201
7023
6377
11112
22541
22583
28278
6151
10268
26967
3887
15460
4499
1368
24011
26853
30678
16295
23306
17042
24803
6969
19303
23344
31001
22971
25386
29866
13768
10373
5608
18257
32753
11040
17216
3318
28160
15098
11024
2764
5609
23153
7097
28684
31382
27886
6491
30674
15153
25803
21441
25244
6352
17573
1931
6523
12132
28683
2776
28644
5057
15655
30881
9619
19958
30153
27058
10955
11393
782
22890
30044
16194
311
31638
32080
31962
6467
18166
27155
16983
30051
903
26472
7216
5330
17186
6814
27399
5585
12568
27191
8834
1759
3616
23901
14070
27871
15008
26847
29789
6660
32221
7758
592
32252
1036
25701
22606
26431
27114
17664
6869
21461
14614
4726
28164
5230
18391
11443
20340
27790
11946
21751
15352
12489
25101
28444
20454
13321
18172
19139
29505
1426
15672
16348
24882
3309
23407
12876
4741
29481
30268
23862
7712
4216
5434
15732
3092
21433
5862
31134
15675
23100
23871
25335
5668
23474
23340
6845
28867
719
30049
9714
32045
27151
13816
26794
9876
12722
1329
31254
14166
17685
24004
17996
12878
11723
6057
17884
10414
3967
19190
11401
18065
17061
4667
2670
25339
18924
29106
24420
29672
15394
20203
2404
30831
27274
11225
22349
29460
12878
12849
29268
32234
21748
25882
25881
18706
31991
26625
32508
21532
27633
17559
11818
17877
16577
29279
8549
406
28188
1917
16159
9926
14908
17341
11870
10575
11915
8162
29956
258
12601
18491
20690
25370
23327
337
5533
6076
16017
30672
7515
9810
15697
30365
29309
8332
22427
19974
28691
22048
24551
29631
4737
14857
20867
4972
2012
21461
20885
1862
27953
17792
24023
17460
5846
22023
15723
26217
15763
12657
15561
4447
10103
16369
13788
17603
2374
10148
24041
5816
21965
31631
646
15621
8739
1090
32166
25517
26259
14241
12553
6817
982
25890
24138
21752
19040
12644
12560
12916
764
23971
22441
3252
3071
18858
30708
26957
6190
17636
372
22878
16781
17990
10344
32038
21011
21422
27086
31693
17532
8457
14729
16745
31774
30580
10708
11376
31386
18368
30025
20790
10957
31358
9225
2450
7063
29632
2802
22618
726
30767
1263
11770
30436
9878
21262
23402
20129
13098
17604
5128
3784
23955
32584
6540
21264
11785
14438
18826
28054
491
17226
15927
1756
15246
29336
10709
23624
1073
32607
15872
26257
23067
5785
25697
18201
17421
12226
863
9259
4718
29653
7743
28576
23992
9456
2577
18686
21415
19988
3349
3029
29085
912
14197
11688
24161
22721
22541
12456
5386
22121
30551
23521
22246
10673
25002
50
19014
25705
13964
29184
18417
9135
22388
28381
6798
30184
24413
9645
765
2687
20770
32494
6273
20721
22562
30344
9946
28843
28873
19460
6270
3608
16251
168
24786
19573
7503
11850
2132
30590
16789
17969
16498
10852
28087
18050
16502
32685
14411
13203
655
24088
1959
15294
18175
29939
26502
2294
23668
30542
2972
8397
8613
4305
7808
26455
29537
20823
7747
1436
24282
15710
26896
5662
6820
6151
16135
32706
15259
27362
6768
32480
8344
31193
28452
29079
30540
7958
17061
20523
25624
4199
31908
7155
3087
20626
7748
22728
3149
28935
2899
16889
2745
4445
32554
21423
3011
27225
3283
11143
3086
27088
19215
9452
23197
12436
29717
25426
11156
1904
3351
21903
22191
17755
14248
29500
29147
8659
23616
6397
12028
3013
8119
13474
13682
16643
22658
15625
11180
599
9065
23587
11328
1974
16797
19979
8505
25719
12282
16845
24561
25069
20694
17846
1315
16463
13291
3513
11033
11507
15857
26079
15331
25559
31769
17487
19365
24365
23222
5424
12717
11999
9138
4131
6066
22247
1974
32407
11843
5064
20076
10675
16618
16515
19084
157
6806
29971
7886
10220
18115
10096
16577
31540
19211
23506
18161
31638
7585
28349
4029
25495
24345
29586
5865
23180
31763
26025
20924
825
22524
28140
3581
26452
18256
108
32140
10077
14140
25834
26360
14896
14485
2204
8116
6284
15853
21952
5083
18624
1130
22177
20880
6792
13349
12176
30485
20423
10420
5274
13414
661
31158
2620
8374
31455
31453
20289
4561
20521
27315
