1500
13910
14678
26119
20302
14977
20972
10704
30953
18584
12092
315
1928
22979
23835
15588
22384
15373
15100
27610
23159
25987
23568
1204
14510
31993
17885
14626
18495
30824
26728
1577
22667
26518
15270
7832
16778
16353
7643
6857
20002
1409
5863
2762
463
13931
27144
7645
17508
19730
19743
29661
7017
31642
8142
15775
11211
31819
26295
9696
6131
11173
774
22928
10537
25589
25732
21641
29088
15973
12447
10890
12886
16759
20486
6745
27024
24819
25659
8082
19113
17334
29747
24991
17322
7862
4299
20169
18324
10657
11133
21502
16898
4545
22023
9509
22073
24668
30936
29316
15222
5457
17193
18521
29349
9151
15211
23964
4501
21781
14367
18961
26652
24643
26254
22865
14246
25063
23826
29542
15746
7085
10493
28538
2118
11259
24758
22249
26796
12713
17214
28803
27806
3082
17958
6919
10670
29131
6767
429
148
16675
8711
26265
11394
20324
31041
12870
3987
31032
18767
8375
9190
31644
25876
25731
22757
26656
23407
12842
28142
5912
18280
10198
19509
9254
18264
1336
14670
9720
25001
28474
28558
25489
10224
20689
6043
12975
22738
8855
25451
9130
938
19327
894
15451
10280
8850
9226
16611
18221
16782
23804
746
6405
29423
29553
4841
8859
31043
24491
6447
5935
22086
6342
9083
28866
8230
11262
15246
14599
10438
2686
25121
26710
23522
9915
18069
6110
22543
14652
32291
1035
27483
29803
20188
24861
27764
14795
7840
3217
14223
12277
27072
27929
10432
24267
9365
32495
17904
16204
10046
11708
2830
12279
5526
6844
24276
12669
29374
24613
21576
13764
30106
21334
19789
15594
2890
1538
15131
17436
5740
2411
5704
28365
6988
13531
8010
30143
32364
24979
6488
4742
8859
13947
14944
13485
17409
13838
20431
21011
17246
29162
15937
24717
30707
243
10688
19016
13636
12393
18133
30628
16506
3523
7283
30886
3321
27945
18606
1891
31474
27741
7531
8707
29668
7836
13378
22541
16373
22681
31112
32216
12033
441
2539
16921
3537
23927
24830
11093
24156
3311
32530
8201
24603
20573
16740
17111
22642
31584
8402
21756
13458
29061
13463
24475
9955
25300
9850
26704
8976
24541
12239
27486
4424
7558
4062
6047
21380
18907
30320
29966
1481
1807
3490
20385
9573
17531
7826
1694
806
17096
5221
17277
14097
4053
360
5837
7768
5578
18281
32732
24529
181
32507
15233
14486
18224
1599
30202
17003
14242
2159
24567
17208
22310
23525
2711
12058
6482
21759
13292
9214
10652
35
24825
16820
29375
21897
13954
19685
22222
17386
465
28725
28027
31972
30934
14353
5085
25534
13401
25068
2346
20899
19258
31871
28789
7047
32495
17887
15049
24272
27818
29175
80
8393
11347
13325
23840
6806
7047
23107
29816
64
26077
32420
13103
11189
13290
15324
15903
31975
24634
31390
748
19488
12579
12594
14368
14236
1758
19379
22098
24165
12548
1967
5119
7006
14361
11856
7089
27338
32026
24631
28120
16316
12881
6876
31988
24444
4462
17306
20077
2103
13680
24576
8969
2386
29289
19149
23659
26750
23800
31552
7775
364
27091
5368
6670
16131
18911
24375
23907
23553
23244
16238
13954
27830
19769
4176
1001
10435
4110
4589
2844
24177
9454
14905
9382
28596
13390
4056
236
5766
3575
4112
28254
18238
8525
15123
19853
2817
11372
22125
10081
2470
28497
1059
29841
14070
16697
31662
27957
16363
6696
5585
21292
16109
21456
13685
29476
13498
5037
21807
32181
11664
25337
3830
23450
30692
27837
32566
18150
19642
26440
24541
9212
21361
25231
26717
2576
21322
12172
32317
20967
25132
25268
5032
6312
26546
10898
31449
26213
10277
1021
24858
27013
16208
21778
24418
7778
10727
14967
25822
26748
19934
16392
9492
20128
18443
23167
1257
10725
32014
17657
18198
27083
14901
31479
2452
1045
23055
10316
1775
18827
32620
1510
25225
12118
22567
18075
27145
31807
31078
17997
18009
13225
5564
19051
23024
9146
11737
15616
7834
8556
7696
13365
5190
13067
29424
1779
14251
23368
18199
26381
31564
23803
16296
29042
14603
10494
21485
11245
17399
14460
29311
8383
14905
16728
3517
5383
20941
14724
32097
6778
9563
27123
29012
23120
12581
18380
11653
24879
7116
10466
19019
27784
12949
18398
24434
5682
18214
31334
30803
21950
5368
23748
22272
12297
15924
16109
9357
30951
1096
31223
28789
30674
16120
1498
23495
12169
1037
22138
1789
13137
327
27187
30937
1655
28115
26790
14395
23877
18449
16527
22511
28519
21070
19347
2879
26444
11217
18943
21148
3416
10180
12891
14330
26771
889
15909
30702
24125
20280
392
24654
31400
5188
27563
12983
8188
16015
9671
2116
18038
2955
11791
3194
26568
27405
26282
26175
24841
14642
21258
28475
7123
4604
558
15899
9954
24939
18526
21349
28709
14844
12957
10129
20551
26501
2656
10560
10944
12092
30379
11033
21748
9187
675
16644
31607
12356
10567
1497
5578
19891
28583
7745
10983
29888
26776
13366
16299
26705
19918
24023
3029
20916
32588
12068
17246
16908
12284
28277
25457
2897
25323
24935
27797
19403
23660
2858
450
14284
18522
761
2839
7186
13744
20456
25963
5436
13461
26625
2988
23003
21165
13948
1759
202
19565
27239
25288
15131
9173
27679
7434
13035
16672
32254
2531
31284
28235
1385
17389
11531
19041
9619
17489
9171
21673
20218
1853
3249
2223
11842
5306
31052
28978
2032
14204
24555
4773
398
21403
12828
12985
27697
18469
28873
6164
22234
13312
14822
9948
26752
25817
28300
21088
12077
6847
18197
30257
742
22010
12147
7468
28055
22078
6037
19056
22294
11771
8318
2512
9197
8842
23736
8826
7585
3102
2724
3861
3445
5174
8861
32185
16507
20317
30624
14907
23126
25503
3696
7175
31898
8583
31014
2280
23131
15729
17081
19646
7264
6343
6702
17213
31715
31950
1805
30695
377
27235
30384
8996
662
2860
24297
16677
17487
23337
12417
28938
12178
18667
28645
21475
25137
10326
23041
27379
10165
148
19724
31522
1704
7282
30779
29545
16361
21414
28316
9572
8038
1039
13595
13447
29245
4113
24833
15410
7246
25363
19452
14596
295
32458
5716
1946
31923
30148
26163
30931
29650
2433
2958
15581
13347
20367
17194
28841
18806
22217
14120
2344
3246
29101
11961
1522
14656
7886
957
15386
21349
17761
13136
12992
4437
2543
24029
29239
486
22930
13687
13636
13422
24978
28263
19487
15258
15305
15167
27958
19045
1156
12757
3735
8073
7836
12319
28350
12601
6617
10310
3617
4104
28129
21520
13277
3140
16885
17413
23677
24763
31083
3464
9040
19272
31834
10690
3590
15858
355
21064
18713
4337
23769
22911
20798
9148
1937
10242
24797
3157
2400
24175
31182
26711
20781
8607
15808
28918
22264
2476
20768
27279
10917
11514
8328
27970
23713
26561
22839
1707
6672
12843
28821
32268
7524
23059
2457
16478
25262
32401
5984
29117
23409
25117
6123
30852
17642
19730
26228
3254
30634
29122
31598
29922
3063
18348
9967
30855
17579
5097
20393
23924
7772
19534
18973
18395
30399
6008
1098
10958
20646
9869
16040
15881
31339
7211
11112
16584
25286
6222
18258
23086
28311
8666
1525
31269
25878
28330
5450
24303
22952
15852
3798
2393
21995
30922
22999
28271
16727
989
9031
26297
18628
29725
10274
16754
151
27615
30323
25279
32337
13197
24223
27158
7878
9378
26917
5764
24588
16603
26629
5850
7486
2790
11846
302
12441
7138
20151
14749
21641
1541
1286
3112
29440
21014
14718
4643
6506
16527
32484
1696
7455
5925
6698
27765
28860
12802
6565
4257
11890
7336
27035
18436
29275
11736
5431
22507
24966
5803
621
10768
15343
3309
16320
13758
32103
6053
32367
14270
10189
13983
12202
15079
16400
27448
17331
30187
19703
4303
22207
19502
6180
24827
16964
29642
7779
3676
24
30383
9045
2959
7042
10784
14044
8800
24728
32016
3917
12012
17077
7719
21920
11194
20565
11893
6782
27147
31291
18823
19470
25428
18112
4615
18763
28759
29750
10497
28133
2167
18260
2881
9970
5884
24609
9876
7941
8466
6256
9272
31409
32136
1107
18790
20293
26756
32614
31139
18975
28684
16689
5125
18069
13593
29499
19322
14863
8972
5118
10168
6417
20505
18672
424
7642
25486
17161
18330
4131
30932
19790
30387
28818
25519
16377
2060
18229
1859
32372
32378
20909
15471
2657
2567
30549
16728
16079
10823
13125
11246
11838
20942
29255
17037
23774
29752
9586
2159
1509
13668
4418
5478
24912
31920
21940
24382
9662
28669
689
30499
1644
27949
30510
6815
14131
6565
32414
16585
28046
28429
21434
3018
26025
32320
19361
25679
7280
31923
4272
26185
26881
1600
12694
19121
14528
23624
5601
3361
7665
17074
16738
6207
19408
7677
3900
15970
21935
18369
10296
17743
24099
11577
21854
22781
20552
12458
17890
22818
22831
29832
26860
12232
10046
8557
13518
5382
3905
14125
13307
21947
21625
15316
25350
20019
24585
3110
2544
14493
6650
4451
3299
7362
284
1520
26180
21711
17254
25046
25196
12195
607
16287
6422
13410
19941
8540
14979
23212
30530
7895
3530
17858
24755
28441
6550
5147
2809
212
29918
10139
17001
24856
12929
5299
27953
21678
10727
10972
31146
3878
26492
23124
2091
13663
9746
14309
29413
15218
24030
11105
7296
6622
22055
3162
31711
24162
12053
21336
28135
15442
16523
3786
24301
5685
29727
21633
22785
2762
23258
24531
28304
13786
28793
7882
31704
24213
25353
20538
4526
5232
8418
7448
11363
13722
31161
