5500
6643
13217
9921
14947
25772
11617
5365
8729
17026
14452
9562
11196
11536
26360
9399
23680
14684
24233
13332
3046
13418
32708
27829
32126
12319
15733
18206
22052
30957
2280
25004
25621
21827
14648
26074
27551
5742
698
17550
25998
580
12207
12709
18132
2783
26803
22789
9373
14757
8378
4496
9334
5723
7551
22903
11163
1372
16613
2316
15046
23951
23708
28725
1799
2563
21531
5055
4875
24737
29199
9244
12967
17869
31477
9211
19184
19807
18251
24771
14556
12004
28718
28005
31111
340
26678
9494
32253
24131
7599
17574
14347
13608
13846
7338
28778
26147
13406
29188
12160
23399
8649
25600
13952
18536
8876
12645
9149
14385
20674
7275
5119
15909
21940
12009
19766
8167
6397
2285
13850
30791
5925
8677
26100
9497
691
8030
5319
158
21405
18157
29734
4720
18395
17439
22044
24928
16731
29297
24796
6098
28466
19326
14001
22931
13811
4040
366
7453
23143
26172
21550
22988
1573
9252
30998
26497
19290
9526
9442
24849
19441
30351
24207
5135
19822
13616
18369
19808
14638
31801
658
10742
13954
28038
16546
20743
16379
12583
12201
12988
12319
21641
27273
21789
29736
261
14924
23685
19657
22711
29296
24307
15391
2191
8805
15309
6699
20425
17531
28446
16706
11706
21275
19152
12898
2506
1599
26183
2217
3566
1428
24874
19029
12984
7831
24747
10697
18818
32000
10787
23972
10018
16880
340
29787
724
4589
3088
6239
8295
26134
29754
20289
8234
28223
29240
26709
30207
27508
30307
15582
11514
22293
18117
133
30124
29852
19120
11963
3398
21064
12548
16491
4451
20507
31098
28900
8620
25135
23402
6111
3604
10693
30912
9293
7279
16454
25378
12729
26210
23558
8513
25273
12298
17708
6882
15621
10642
3402
18723
29997
13355
30974
31085
15780
6118
25363
14665
12549
5089
5286
19531
19315
25240
22848
29657
26689
13762
9378
12154
11133
32068
1996
16217
31617
16272
29850
1636
27183
23805
9029
21100
26627
7853
29296
12887
30177
2586
28019
16867
13872
21373
17949
22672
2269
22654
16028
13093
901
16834
1344
3365
20771
6967
19112
10871
26336
758
11750
16991
10892
18035
2978
29167
12656
5681
18199
13830
5660
1755
14319
27978
25000
16985
24750
12752
9984
24941
20500
6910
18415
2508
14177
29588
27564
20022
27340
9439
3244
2347
21640
19566
25319
15260
20493
1043
16056
22053
3947
735
27721
29590
32029
10850
30323
24842
2879
12999
28967
5129
25891
23207
24589
11133
20260
10051
28682
31763
12062
27780
11484
25942
18802
8230
10658
9685
12625
27879
8388
7996
18348
16520
31679
3420
23723
9760
20516
2328
4576
28304
15126
25379
24334
3715
11676
18730
12238
22038
8073
24087
25848
28648
1628
22560
16671
6704
28359
185
32300
1402
25151
10994
31596
15673
25958
16628
26801
13469
17068
28953
26480
25051
21474
18537
4851
31617
17828
10924
21330
26562
14874
27118
7870
29230
18123
28742
213
604
22940
30285
8430
16227
17407
15167
32357
22831
11754
20672
9253
16616
4294
4640
5888
3452
15263
3721
9353
21387
21105
16142
25637
9178
27580
31352
27814
19800
31326
30543
2082
30622
30362
3958
3440
27699
3224
1898
4423
2729
22156
30039
20385
1043
14183
22995
17240
17576
31234
11902
6454
1473
12858
21661
5519
3172
1323
32268
667
19143
6586
29306
3227
16586
4303
2002
6869
30396
9615
1917
2542
4933
622
7211
7159
9490
15154
12528
24840
23542
5736
3563
3664
7896
13897
28305
14373
32098
13482
12951
29991
29527
12737
1667
32380
19823
27989
6891
28549
29672
16332
5929
8247
9429
29415
5068
27956
9546
4028
14918
11732
95
21600
17462
14333
28160
15687
6326
15360
18711
18307
22533
28946
4761
16687
6647
23945
23757
18166
32005
18797
12274
7094
13348
1874
32265
15893
23769
15358
21333
936
14170
8773
21126
21214
23781
6675
21549
30364
4692
17707
27262
26351
22881
4659
17969
10799
20764
30813
8301
11518
14706
3479
13698
15190
28478
26204
25929
3143
755
4094
22793
27642
9030
29571
11699
29610
4464
24061
26250
25843
9560
16338
3018
3952
5538
19663
5837
5472
2472
2700
9414
28140
11385
3613
25502
32599
30721
2139
23059
5620
22780
9033
26633
3002
16086
27510
32077
22926
17114
15510
30126
5597
12217
6150
9728
1899
4174
21316
27160
10149
29659
8666
14385
25385
26252
18596
29002
1150
12365
10342
21787
29533
3057
5255
1856
18984
5238
14563
1172
9423
25072
16028
30242
5525
18169
797
17805
25478
11436
16718
3099
23078
30984
13337
6625
16889
7259
27518
254
32767
25747
1143
17719
25630
15770
24192
16951
8342
13834
17037
24783
28490
16920
24029
16624
7154
17812
3740
30250
25703
819
30567
21956
907
30422
13322
28772
23680
438
12227
24817
21995
28374
29322
415
13586
27190
30825
27314
20445
8330
8961
13687
13994
12568
23023
19084
22582
19715
23462
12751
1105
12093
4852
30415
5295
4417
32258
23276
26590
8907
3689
30632
6206
1157
17664
9837
23130
25552
24378
30144
956
25808
18629
31900
21443
18886
12561
21392
12956
18491
15709
26459
2874
10815
10759
21018
21870
24267
24491
13908
31549
4462
9737
11955
24524
3248
17566
24842
11195
14484
51
5144
18797
18399
27431
22713
7125
26930
15552
9864
670
15801
12011
10478
21245
13210
13007
31460
22617
7810
21734
31821
17749
21834
17615
30723
23358
16386
11657
10240
1427
3492
8726
28155
17479
17424
20338
26747
28806
26951
24707
30013
30249
16402
11422
14249
16880
10818
3544
1708
29836
4003
30173
6425
14744
4794
22092
26575
22277
481
11762
10037
542
4402
18298
32367
20701
32765
4391
29312
2113
7597
25612
5283
28902
32503
14915
21897
17396
253
32764
14519
915
20089
22463
30300
15257
18272
2738
11574
31370
12587
28886
11713
30660
4600
3392
24041
23509
29305
27800
5930
12430
9208
228
3009
28102
18795
30811
13023
14227
6171
26523
18917
5573
29766
21327
13298
1337
11294
10528
12354
11056
629
24456
32397
21433
27277
31830
10943
2251
27336
29521
16071
18461
28562
1100
1759
10111
18747
7069
26558
658
6629
27493
19747
7688
19064
32215
27002
21429
20293
29201
28658
4069
15398
13011
13958
2808
8472
14138
14216
6742
9016
28441
17800
13868
14185
3664
14288
8908
22828
15767
23419
19057
9329
4983
20780
8331
6208
25734
31665
27417
25915
7024
12957
11306
4574
5312
12868
4447
24087
1679
25840
18666
26386
14803
32549
23937
25512
17003
20528
24835
13762
2253
22893
24126
31865
14129
2292
28782
14217
27231
20656
29658
12281
16765
17732
9158
17294
1626
11723
14639
27808
17705
32159
12847
11293
7497
11882
24149
13732
8238
26503
31626
31461
4186
14958
28924
1315
29267
6656
5662
9306
21950
24784
12265
7496
27375
14144
21539
27027
12638
2102
3094
18380
11409
5922
17669
19599
1804
19991
30352
3154
23958
12901
2113
1345
705
7334
8814
8139
16861
11058
21169
10142
31513
26006
17392
12839
1030
16215
10771
5566
5640
21331
13651
14785
18092
23147
21549
20585
24130
32230
11435
3970
22595
28302
17945
9434
9506
11470
13721
27472
26108
11488
1433
18602
14881
394
25504
24447
13501
15885
19374
22434
22078
15867
20787
17755
13999
23769
11799
23094
16855
16236
16077
12269
1972
22915
31438
22922
8355
16213
32412
17996
29089
3519
23258
18165
20716
3250
25479
32312
30612
5623
30726
9000
12269
14934
16939
27643
26284
20307
15591
3285
31898
23540
4662
12695
9049
17371
12656
1303
16453
9213
671
19947
1657
6994
20369
29365
7850
10550
27163
6788
20840
11657
14598
6840
1671
3330
11889
28630
27506
1956
1983
19810
29560
3819
17398
30559
16346
2583
6903
1412
12057
6889
11638
12719
2585
1929
27249
4492
19254
1876
4995
13476
24986
3207
10904
29917
30952
28587
20520
32461
14195
3780
30665
11923
28711
9490
12873
25695
16836
12111
8323
15121
28724
1447
7048
26952
21464
20308
2914
6947
2183
10081
15329
17966
31206
17132
16688
30406
29775
13681
17660
7272
16219
47
25119
28242
11928
2758
12142
5216
23577
22812
4548
19962
18441
30359
13594
17885
12538
29560
15278
1065
3502
769
2047
17776
24773
27323
18725
8012
32462
1025
20679
29872
5631
27930
24249
24124
274
7873
1160
27673
21818
26891
15563
25156
25868
21118
27069
13870
904
10325
10721
23056
2560
1375
29611
11679
22734
22882
18325
2054
16810
3850
31528
27163
224
14811
30487
13080
10252
4531
2883
9198
30033
7087
30073
14942
25637
30557
10864
24703
196
24082
4897
14621
4662
4398
6813
16776
32248
30950
27320
28380
11683
20662
22401
5712
6483
7586
18706
8461
22481
8936
20253
26015
22716
8502
4597
21895
28569
11992
12007
13875
15997
18473
21878
28555
31334
30664
13432
18048
1606
2387
27731
11574
3060
8841
8807
6331
10463
9482
28242
5638
21760
28492
28684
18130
29099
29246
24871
18893
26715
23590
8845
12278
7626
5640
9905
2842
29666
9017
355
24281
8097
13325
17767
25959
14376
22688
8991
3280
18665
889
7090
32715
3746
3915
11079
7079
1417
27295
20772
26756
3841
6524
13705
26882
30958
14799
6132
9529
18268
22845
29005
25531
15492
10983
16522
31801
15748
13659
20214
31978
7043
18018
14275
22293
13336
5691
7789
16701
4906
26294
6457
27136
23548
4880
9984
18899
21078
32288
27495
175
24505
15157
18210
5993
3742
3505
4747
28253
19478
11379
28021
26496
2595
13178
26343
10535
25825
32339
22114
21398
9424
29226
29821
16275
18670
12160
2120
21715
23230
2216
11845
1380
24958
9771
6416
11136
32290
117
29336
11266
31030
10927
28234
17616
12990
30125
5705
19881
31158
23396
4336
16391
4787
27549
5665
8204
16700
7587
30606
14589
21322
26019
13442
1685
28525
18942
24858
31177
15744
21187
6585
29313
22004
7238
17100
19776
6769
28554
18998
11683
2057
27674
9020
28530
824
10035
17494
9182
21776
5604
10607
11521
22962
25465
17737
5272
7826
1345
9732
8876
19651
28701
15410
14954
973
12030
21706
8170
23787
23981
12323
19210
2525
10185
21731
31553
14569
17778
12920
26072
31400
10823
25916
26365
13757
5767
5032
26298
23857
26550
7315
14654
13305
10185
25753
9593
5333
21578
17852
17196
19293
20843
13516
32568
25085
24167
11567
13400
11388
11590
19371
17152
28706
18155
17148
10024
8464
22199
30607
6989
3757
104
24137
26764
7381
24417
29072
29715
7477
25328
6267
26321
17475
14568
12465
30515
19158
3548
18234
23548
12409
16586
32237
5657
15525
12941
21305
31135
16697
1651
10149
32104
1026
30597
15606
16793
10351
5983
1060
17264
5391
28700
20533
8124
21706
17392
12543
11095
21935
17552
5552
11674
24700
7773
1538
19297
16037
17496
27579
237
31624
15566
12142
10200
5703
6551
10810
28231
15934
28430
22720
10712
19113
11006
3235
8097
32425
22464
26764
15030
17843
14679
6586
30948
21939
18596
26157
14244
8306
2815
13217
3432
14221
13133
4800
30844
9813
12062
31208
12118
25221
3125
28735
7716
14670
22044
23709
4420
17523
24114
14706
4960
9819
28305
12430
14537
19183
3682
15899
17112
29749
3578
8142
22203
8199
22844
24618
10467
5798
717
14262
15295
12825
12215
3209
23893
330
22996
9055
23929
21344
24750
31114
27663
23337
16776
29406
28357
24580
5901
14726
16477
31794
27916
26325
17421
28377
28837
29637
4226
13559
16732
28751
7011
30765
8966
7997
5782
7587
21874
8184
24653
18844
24899
15903
15831
14568
22827
1333
259
13477
12808
20765
26834
61
29277
25325
29976
25985
18240
26479
16762
10322
25608
2919
12188
16764
22600
8439
31965
1899
23136
922
792
11343
999
8913
28746
11195
14329
10896
5184
32267
4327
8085
12111
2087
25146
27040
8079
5032
25704
475
4458
18761
5061
13330
14522
11210
25468
16010
3651
29149
1210
9898
27789
5532
17231
5059
9125
28490
1603
21640
24106
30724
6506
8226
28755
29189
15085
28576
32106
2127
26432
17280
6787
29343
11494
11811
21853
16833
20977
3277
11650
25905
9859
3136
20333
3099
16396
23014
1664
15531
18654
31821
132
15904
24258
639
18860
9548
12481
49
8437
4536
26932
24247
4203
22407
1219
17152
8919
27476
32720
1687
2791
27956
13231
7775
16246
26896
3234
17006
26080
25939
10002
26965
1774
21433
8687
17804
19714
31669
26488
17907
21136
32625
14482
3332
4074
31899
24392
31354
26559
12540
22443
8229
2478
7893
29323
6155
3549
25809
27296
1485
11546
25824
11559
28533
8202
24066
14778
8163
23936
6600
21346
22335
5841
28649
30364
30951
23058
27052
6358
8072
11170
21989
29197
14150
22367
1900
14939
5441
27780
2268
11808
26083
15099
7485
20933
1268
6360
31055
17658
18649
4445
15735
7453
31067
29696
22995
1267
20626
4957
20754
30950
21826
326
2658
32714
32084
25021
12394
24003
28333
16923
1772
12812
5977
22587
22833
7324
28541
1128
16662
10680
15204
23373
4649
8293
8768
25987
17616
21811
20782
7570
21634
5807
22319
684
31284
19522
16148
28558
18554
7640
16518
4437
22740
3677
17693
9198
24599
18489
22607
12040
31890
6996
11748
3254
29171
3525
26060
16167
2263
18343
6878
18375
13197
18931
20452
16763
18462
22994
30958
11322
30207
28786
693
10156
31140
16933
18017
14207
19686
3562
30889
21276
16229
28864
9739
24190
5486
23048
2285
6552
25603
30245
27541
27560
5090
21457
16474
15530
2418
25419
15379
6810
2965
2763
20854
6430
10094
478
20923
3126
25094
13119
5074
11244
10130
19026
26599
10989
29193
28928
24129
19746
16039
420
29554
15914
6627
14555
1437
27713
8286
12819
369
13849
24641
4993
12633
8200
6510
21344
18598
29664
15156
2035
13880
20043
5025
7899
6258
5619
13454
30341
26125
17596
20056
9629
1311
19034
12583
27451
25195
13554
13814
26035
17173
5540
19060
12249
19462
6215
10892
26851
32494
20002
28627
611
32500
22178
9700
9428
26552
29766
16728
18641
15655
31760
27777
9237
31404
13031
29147
607
6588
32290
10805
605
24386
31004
23480
16668
10026
26888
3521
15560
8958
31113
24628
2195
19008
31216
7547
19655
16479
31149
19034
10589
16133
8260
3525
25769
4700
12020
12375
24114
31117
3741
27867
27271
10374
3774
7367
1417
947
1940
26178
29936
32514
22674
20699
9520
19314
13230
4554
16807
32442
31100
30848
15100
4560
16272
5080
26539
7348
19194
14526
3695
16567
24805
15813
13124
27685
759
21488
5130
289
27165
19050
6108
2464
26876
15754
19651
23941
5751
27209
17264
1932
29747
26382
19860
25900
5647
18209
17510
24327
8053
19001
31643
22167
22154
30220
9067
14813
11023
15494
28330
19951
1309
142
21330
20068
9184
3325
2724
1071
4699
22781
30341
21032
23963
78
4299
12347
9775
3798
28732
22051
12108
32210
15570
15631
26959
24931
14946
6490
18061
14881
9331
27836
23252
14372
21990
21927
27991
27201
10995
22854
2672
2114
9056
8604
15603
22535
24628
7261
15824
2090
22257
10433
25436
5598
18353
2730
25286
14153
27995
8646
29587
31165
15743
17959
11795
14035
23483
9489
20908
25573
11904
19638
125
18698
24447
32363
20096
31344
9965
25654
29283
10828
32667
11039
10666
1352
29575
31598
22259
15020
32756
9647
27771
20643
15933
12735
5391
32289
7893
27437
13887
25277
27048
11061
7276
16622
15524
13172
22085
18943
22399
13921
13524
15258
1793
27651
26892
28950
2296
13762
18385
8824
20680
28610
28503
1300
11505
12596
5512
21239
3869
24982
11418
16217
27975
14298
32570
5485
10797
28289
22010
4059
31532
7958
24777
12976
10814
2309
21476
26326
7577
10107
26959
29538
9574
355
8623
21174
3466
27725
15137
31481
21590
20718
30017
11054
22079
6355
29323
24692
8904
12233
26449
3893
10389
23711
20728
30393
17328
5463
7740
19605
777
13385
17088
11822
32504
18194
25735
25842
31744
13649
13021
3733
14670
26804
26966
8806
19700
13079
27348
20712
8050
1095
24656
13176
17867
15796
22445
29450
25147
29696
13025
19537
11728
31652
30114
30899
19130
13157
3612
23983
20950
25992
25129
3841
22520
18502
20773
25251
22306
22039
9517
4979
18164
13735
14515
12277
13943
7245
15476
18814
11126
1522
7567
1291
23851
12037
23056
30992
5895
2275
12661
3780
803
17658
5522
13221
32162
32118
16179
26757
27671
28403
23667
11471
20899
8220
9305
6327
26158
13868
23095
2981
11046
25939
27357
30124
8103
2305
9144
7952
18679
985
21288
12536
30456
15365
10214
10330
27637
7503
5166
28258
6856
2721
4215
4565
23605
22288
16193
5641
9271
1223
11695
29786
26332
20398
22626
6179
15340
11127
1469
8063
5008
24831
13238
4375
23052
5055
14680
18414
24630
20900
32405
7791
13859
26751
16888
2654
10309
3293
19669
18090
24022
13787
21987
25108
30180
5748
5094
31832
3989
10948
22377
4243
31153
13198
14920
3323
31636
9423
21705
16004
29744
31508
4675
20940
29855
11117
24644
541
5012
16614
24598
16206
22222
3967
13981
14005
19656
7554
19084
5823
24857
1603
25617
4161
27649
10669
19730
11249
22798
4856
22940
18258
32421
2895
25722
18798
23293
13307
3075
22898
14438
19984
2793
24484
29449
15591
10840
13515
14530
24699
3799
30111
22284
4474
7620
4815
11507
30353
20405
6278
32359
29908
14451
2875
9493
31010
21386
21988
22112
14395
10228
12114
17833
10265
30605
2778
21316
32020
21800
12680
5032
21452
1276
9694
22092
729
29753
27867
14618
18373
24819
7240
11783
8210
2378
14326
17535
30939
12090
18201
2440
6217
9187
13746
29138
2135
20102
17888
15363
2665
28881
10720
17018
15751
24412
3418
9119
23955
7415
26663
26421
8049
15229
8124
682
610
15266
19010
203
15977
22258
7580
18656
5194
8231
7897
20218
26631
4386
28218
327
31470
22199
23585
31328
1631
19561
3445
9591
9845
22221
19742
12220
20351
27559
4593
22897
21708
31849
23805
4917
30866
32320
18166
12039
1714
32423
32325
11872
517
1025
10243
18574
16945
942
3559
21823
2510
16779
30271
6948
10304
568
177
496
4678
19373
14883
31911
2427
28448
9117
9178
20022
9247
13308
238
32667
6953
32216
5733
15631
25855
19808
9392
10137
19001
21787
17731
21851
30824
8319
16048
14294
11151
24501
17686
23668
17063
2100
5048
24865
30973
32412
30302
16519
2122
10039
28397
29370
31190
29594
26371
20685
18815
11065
24412
8424
24993
21112
29916
13967
11828
16366
28631
16308
2118
22993
5491
12928
25030
2344
953
11062
22178
24706
23390
24884
21638
10518
14391
1554
27722
17433
30840
13527
20584
29113
9009
32256
1383
12903
13772
20398
28210
30212
13090
9320
6882
14833
15222
5784
3968
13330
25632
9248
22091
16953
944
30458
26945
12612
32567
11819
30881
8539
24139
32206
8728
7977
28614
27505
6593
3124
16935
13324
16140
2147
20359
25542
32072
22232
24616
12538
14943
18678
26728
25024
10969
3902
10303
2331
11021
5892
21719
19581
15507
14924
14611
14378
21245
28886
29858
17323
24175
11248
16789
19518
19305
24513
7671
30857
28522
690
3896
26576
15050
21464
15435
1794
8270
18760
28566
5385
6918
29201
23420
6126
20126
27302
25224
458
30557
21459
2059
29713
30048
16028
28987
7609
5627
27181
12571
26466
20693
31607
21657
27598
13407
20760
31171
6070
19012
24923
163
17913
12404
23075
6588
31336
21297
1974
24258
11222
10547
1479
30619
17080
1729
10386
6730
20820
2684
27784
32520
11329
13217
9547
21786
27853
7852
19518
18045
17425
7109
22054
4474
28713
3685
11114
18947
12127
509
12018
12646
27261
15097
25137
30948
23239
8369
2615
7147
2833
1920
9419
8798
18422
11451
32731
898
18011
31415
16142
32008
28339
6210
4301
31411
2755
24364
17368
29607
30604
20197
23670
31288
15492
7116
21172
29035
5102
14723
8552
18791
11447
3404
19457
3
10260
13138
3763
20371
20592
23722
32411
14528
32570
29810
27444
12850
27177
18652
22623
1281
32063
13629
26620
11310
3427
32110
16238
27945
30951
2510
22604
26533
23330
21122
10430
6155
15568
16422
13528
18134
7511
1334
28578
15312
26735
23356
24108
17796
24291
31960
21618
13762
24156
9203
1795
28903
24370
11249
8642
9059
6125
1308
4362
29399
12702
27730
14225
23930
11150
19021
26951
7704
837
17311
29126
22328
25482
32581
3047
10964
26138
1875
28033
20657
19576
24249
24618
13742
28214
17554
9371
28243
3677
4409
3315
2121
32626
7298
6015
7217
3276
1135
17076
6714
26550
25025
13801
24494
15960
7423
936
30958
31422
85
16960
2034
3135
30118
3222
11414
19694
3343
22038
10878
11950
13695
9169
27262
8245
4727
19908
24740
29391
13574
32153
7541
15695
7215
11372
7180
18823
9656
102
3866
26374
21890
31586
18774
32122
6281
26362
18739
9837
195
13225
12437
7146
14332
14832
18144
17327
7087
20034
1429
22407
11739
21288
7077
9839
792
4359
487
14576
16401
20180
10271
9608
13217
5008
15616
20395
14263
28798
17964
23395
585
32446
23592
4200
1859
29958
7252
30453
21592
18009
8734
5737
15349
2884
23842
17320
12646
3020
2590
5515
27233
26175
27054
30415
3732
27614
31013
30735
12424
12765
32714
28510
21948
22429
32110
8379
29205
21040
15258
19568
22305
28252
13199
22281
7204
28158
13673
14020
91
6146
22805
22673
13884
21070
24969
17776
6831
2615
19354
64
25794
23052
4662
16888
7517
27310
32280
6229
1077
13630
17178
19923
10327
7525
13632
20023
22077
22336
4835
11297
1996
28511
7655
26024
22875
10650
19147
25609
1565
22896
11442
30357
12275
12062
6843
330
21760
32093
23533
17603
29341
30992
16152
2442
148
6076
24777
26422
13302
15217
31539
3127
9014
30952
16916
25537
20913
9386
30432
27906
28142
27465
22271
16593
19552
7525
6971
26961
30555
15352
3297
32423
21340
32328
28634
5248
20998
13303
6963
29743
8161
20675
13925
26083
9562
28131
19044
920
25716
4322
11932
26352
9502
5564
18965
9682
27749
32397
30427
19738
22999
27588
23074
614
25316
28773
10355
11718
23887
13022
5370
25776
725
22795
26085
9917
7909
3652
16183
387
20598
22123
31597
24211
11342
15691
28197
29340
16402
31881
16312
12747
5284
28871
13074
22830
28629
18914
32449
22294
21533
2590
19268
2298
25735
4024
11771
32043
2166
28652
30402
20677
384
24234
25387
16350
1417
24040
5399
20514
24076
23849
8723
20044
26801
15428
9815
9160
17695
26876
15581
14073
30524
12946
24528
1818
18439
29133
26442
76
6467
23252
28829
12392
3318
13509
18265
11419
3889
29900
12435
2820
24762
22114
5691
32647
15895
13170
11723
4820
7897
92
28188
7633
1396
31973
32119
18225
24624
27876
24796
16230
296
5240
568
3682
12598
28214
25439
18729
8353
14352
6141
20662
14845
11206
5354
8024
2345
26466
21516
1562
30216
14675
31589
15392
7608
25281
15351
29008
6715
13140
17831
20482
27954
28259
20113
15931
30347
16858
2174
29560
17086
21126
14375
5729
3320
9143
32098
27957
9321
11020
27326
1399
1729
11046
28256
28368
3007
269
22770
30666
11840
28067
23308
29613
30589
17547
26264
8810
28841
8327
21508
17201
13475
25956
20483
25680
3525
8441
10750
20639
8285
6199
24771
31149
8142
3201
22693
4432
26331
16253
30519
16522
19298
19790
11184
270
31657
11541
31143
8360
32663
11403
24444
571
4513
29247
20709
1743
28745
1478
18452
17150
27447
5472
23177
16290
8579
2156
5682
7640
1390
3037
3590
3770
11862
30897
11388
3071
11502
28659
31363
189
27454
30473
17528
30391
14797
5143
18062
10516
18459
28300
21093
27171
30285
4628
32193
6589
30765
7350
20786
31376
23646
12891
11306
11509
406
24737
21679
30912
22172
231
19838
24975
22597
21180
17064
10592
3518
20356
25486
20481
9912
876
17383
380
4040
21659
24110
31322
8073
12717
11659
23300
8036
18275
22384
13432
2288
29209
7446
23481
14470
24011
31413
3855
6818
25415
1108
22882
25106
29828
47
24839
2506
20186
15118
26864
19444
8871
11656
28405
12248
19523
22157
7058
4330
8219
31262
4880
18756
19663
9268
10690
15466
20522
12142
1054
1945
14266
12469
15141
17834
21702
23540
6108
25229
15913
28728
25645
699
20307
26504
10639
27412
1218
4179
21553
3554
4722
1746
23214
21271
13063
11616
8563
32097
4892
26200
25463
7354
24515
17864
23487
11101
8589
5315
20679
28533
1156
22024
29446
15172
4599
24162
259
4610
9258
28007
752
8408
3620
17389
20450
14183
8717
20760
22645
16245
11474
16836
23000
12267
15732
7506
7481
27479
2562
17689
6304
1493
7713
1492
26521
8920
13573
8484
20583
26148
25803
24642
21629
24282
5975
5266
19653
7360
20393
17383
27104
3728
11152
30351
23066
6602
28022
19400
16076
878
22137
6080
4524
27275
10124
9421
12934
3171
18801
22385
28002
6688
18080
23107
29347
29972
13692
4503
23424
12781
7017
9117
1807
19611
32393
10389
32154
8455
11554
6777
2492
10480
5806
5602
27364
5894
600
10684
22531
5199
2857
12347
13152
16064
19331
24365
4985
12714
28572
27002
17378
39
28958
5785
25394
21996
15735
19306
9266
37
4061
20913
17287
23610
22444
11853
7003
12005
32617
10057
2374
21022
17310
17869
24949
27774
13166
16650
1167
30413
6728
19629
10573
11945
4566
15072
573
29773
13218
23157
6094
2287
25100
10507
11988
26664
15380
10732
29394
2909
3463
8442
25400
27551
32757
5701
16033
20833
6846
14246
285
23126
12858
28208
31025
19150
20918
31311
24119
26945
2666
21913
19086
14650
27167
18929
15259
11143
23292
30726
21454
20742
2137
15486
29353
11223
1322
6996
21206
8089
18351
1535
2718
21867
23173
16518
13762
16215
32489
17795
2353
15060
18920
2151
1612
17312
29166
18219
17951
717
24116
895
25633
25060
16194
8152
16216
31429
14197
2135
28973
9623
527
23460
2286
31886
4420
15767
28486
4062
30842
15561
29479
17320
14813
27035
16328
12262
29753
1921
25875
26589
32156
7650
29151
28932
13928
25506
23780
18068
10706
8235
29593
265
25553
25220
25002
5788
15910
21589
25589
2572
9373
31182
21714
3442
29053
21985
14335
757
23950
8225
1317
21703
25580
30074
30278
20471
27074
11003
20872
32537
26326
9068
24669
4304
6901
3586
20127
31959
2285
16252
31350
22438
31995
6253
21632
7128
17328
13281
5845
6497
7295
27956
8998
12451
19387
28647
26283
757
1317
16812
2101
5519
5930
10710
24033
992
32684
11710
4807
13823
9317
3524
29153
5645
19003
2095
8532
18670
28448
1600
23564
8155
23261
19186
912
19162
10257
393
856
8440
25705
24992
27118
9496
9976
21519
23667
2428
11300
22161
17426
29755
11774
4415
1095
16372
14169
5726
21392
686
10820
2479
24786
15045
30658
14900
10351
9836
30340
32393
19858
27322
1958
12591
28554
27190
2704
6192
19818
24297
3430
20527
22364
24222
11951
14794
5591
15709
31124
21055
28240
2067
17013
24422
2448
27766
21774
3199
3736
12972
19537
1029
14715
11590
9862
16696
27715
10582
10628
18130
17120
18857
14952
4618
16380
23745
13446
1417
1889
31574
4608
19760
28514
1952
15260
26441
25113
22943
4289
25428
27281
21216
29011
7931
1433
4480
20995
27849
8952
6435
22954
27104
15669
27657
21514
1110
8098
31178
27187
11549
32764
23027
4524
28841
2674
14956
14085
5406
6727
7530
13415
11
31553
8295
26703
9981
30479
7374
21828
18533
22132
23505
9337
7060
29359
6522
18131
25713
10724
4164
32395
12743
28596
21047
18330
1045
11805
16852
931
16129
14185
9551
14912
10911
13566
31528
9327
23879
21309
30245
17321
31038
21911
27744
4673
7867
15019
5176
7752
24604
9878
30609
20713
30427
21575
31548
10993
4422
18750
2571
21150
10464
6627
14703
16481
19194
26155
19843
20409
17411
18052
11280
19964
7871
14877
29215
10843
4707
16786
32097
16622
16307
535
18451
21401
4663
8406
2920
14131
4253
27184
2758
16894
17430
1451
12023
14848
27270
10263
6999
7438
22982
5653
18773
15535
18445
14077
22769
15145
18386
15501
31194
25010
21024
11016
28865
809
23349
1843
27192
22174
3307
1612
919
17741
5846
16190
19933
24787
21218
1001
14205
23712
8453
983
24188
10773
22491
5506
16825
31110
12461
24103
16785
1582
21328
24902
24997
11521
8302
11913
30838
13733
23058
23636
20496
14382
2270
11296
6217
5346
2573
32572
17338
23448
220
355
20139
13508
135
4923
28673
22833
1917
15941
22698
3527
11495
26247
25168
9204
17388
8221
19885
13812
28909
32114
23740
24772
28124
10599
27821
28171
15806
13787
22925
32055
19703
3128
29173
6276
403
4334
6756
26028
7846
27618
18760
22762
11154
31458
4702
14191
13453
26308
31372
7598
31976
4317
16284
107
14468
27534
25417
13126
23925
32494
1513
7485
29417
25106
29589
25127
13048
24900
24167
23993
16561
12707
7461
8809
16199
6737
7101
23117
2837
25888
25036
4823
15218
1611
23026
23203
3972
5895
26791
26681
32511
17737
31122
18212
11366
11791
18486
11321
21412
22595
25288
7614
10955
7251
13924
21301
17899
10772
23147
15254
8751
5133
31330
30403
10479
10206
23039
19413
14483
31532
9755
9075
31303
20258
24061
25816
7556
1090
31075
25651
32050
2498
28204
9736
28988
18574
26431
7585
21552
12538
14426
11317
27989
11009
9683
16336
8486
16460
29831
4051
21785
2829
31991
19456
21977
22788
6370
3031
28392
1441
8854
22518
17400
11152
20301
13483
13958
20633
8329
4990
21745
3693
2959
27561
4883
2036
18343
12624
3340
6829
16200
32200
7379
29822
16641
10974
13946
18027
18149
244
7403
1585
17701
25070
8919
19490
5919
32036
6316
10792
28323
10317
10165
2757
20984
18286
274
3620
21486
4382
24835
26922
25369
20723
6441
9588
32386
28476
15364
27563
22323
1010
30192
14978
27617
31279
26039
3250
24890
14328
2113
11087
7354
2129
23794
17221
31978
8431
26104
21440
30730
30483
15155
31692
16072
28317
21135
9236
26380
27501
25390
7924
15740
2953
6715
19844
18909
11537
18533
8471
20234
14786
693
1742
256
12152
31251
28484
3033
5785
1004
3115
9408
6568
4692
19506
4255
11744
8525
13740
2171
15450
5831
26161
22117
11986
14108
3565
15628
31495
28315
14936
32514
10937
2152
16098
29565
8186
7254
2056
19123
31222
11479
4090
21063
10993
10167
32763
31959
20576
24513
14668
8038
32239
7054
2191
19075
18531
12214
2443
10861
20809
8865
19126
27119
25225
1813
9667
26046
10125
25626
10310
13851
9031
11901
7037
23790
9658
14845
21659
14274
24213
8344
18994
17695
13186
28055
6850
20714
1533
20672
15885
11878
8820
22477
23688
11775
20312
5995
11910
27538
17156
2079
12394
30399
18375
20533
26187
31835
1111
32520
32762
14730
8097
4968
14309
28994
17763
15242
25998
25430
29314
2006
17253
1747
2703
3256
28840
20009
13307
2094
32286
12011
32088
10442
19712
5629
8640
32371
6727
2433
26082
12349
10557
22608
7740
30619
18886
18000
1050
1768
19412
32762
23621
3534
10009
30282
11533
21642
18720
2398
5584
6872
23667
19985
4644
16103
26440
16604
19244
25156
26912
13551
21846
17195
30165
31384
2381
27762
18008
21148
8479
1658
17468
4366
12488
11781
23368
20268
13383
31062
18014
22334
7824
15021
29324
1891
2537
14884
4655
12880
14943
8669
7433
3388
15140
9885
26329
6356
15193
10175
1181
17105
29268
11562
23592
28850
16846
21854
734
18139
30589
32195
12129
26737
23134
25444
17967
21987
27156
7720
31780
14068
11432
30875
14052
6271
28095
4894
7314
17019
3691
12051
506
1559
13864
9244
8684
10995
7942
8384
9175
10648
9661
17186
7310
29381
22260
18070
18634
3830
26511
25633
1386
16576
1981
2085
26477
1928
21985
3975
12651
15790
16513
22016
633
10717
29021
13388
20460
6386
32058
32035
27177
31890
3452
30727
31034
21150
17404
25131
13100
9698
20111
31165
812
12693
300
26540
27685
18477
32257
15595
17672
14461
23915
19702
500
6002
28694
18034
28792
7207
27575
16555
1687
24259
11384
11371
10136
23128
26556
8687
6500
6870
20434
5790
1516
22774
2276
26625
1102
21997
18056
969
26001
19464
13657
23895
9116
2168
17441
31565
8200
29702
28594
30470
20118
15599
16830
32487
29570
20577
6789
18549
20457
32176
19522
7296
11546
3125
3623
17597
18256
24054
31985
16935
25838
19522
32343
22569
10314
29945
12874
4082
395
18376
660
11757
29182
23426
23310
8957
8917
3487
27387
9464
8916
23290
28060
14726
3953
13134
17573
7738
8212
20654
22156
4084
21401
25153
20934
4165
15860
5991
15976
11579
13079
20452
14184
28117
32167
10467
23776
13022
30411
28737
1698
2969
31736
15448
5453
30515
26234
27961
29024
17330
3324
31101
22705
29410
10093
13152
4308
13771
1285
22248
6402
15840
17108
23404
12957
23434
18439
14921
30261
20258
19325
499
25650
27991
18587
4015
7397
12022
7423
30627
17335
22754
2005
21728
15043
11686
31613
26452
5380
20415
19025
23172
30511
2352
31242
6299
22789
3516
12040
5462
1676
5498
1746
13550
18964
21251
5810
20307
27279
12921
27458
10888
8094
20064
15767
28491
32349
28635
8250
7906
8982
8265
6136
29237
29735
23157
24896
9926
12189
25635
21961
18307
17087
25373
24220
10830
15095
5530
29150
21833
22940
30375
26906
11322
2903
9915
30575
27156
23185
32506
14757
16490
24299
23171
4184
12180
10333
10187
22089
15061
23282
21216
20056
11221
19497
8122
31741
17674
16284
11982
4684
22749
4764
13063
4478
4741
26795
12443
19652
9893
26499
10839
13972
23733
5921
13710
2886
11887
26385
20646
28045
10542
12044
26813
17324
20250
10709
28273
23064
25291
18793
29960
28374
22649
31017
4778
8589
26204
1923
15621
31530
5880
25232
24244
4023
13525
6671
203
23003
864
10051
7416
30114
13190
11958
13654
20971
230
15017
9456
7637
10767
30205
27997
5952
9314
2153
6378
17412
16545
24542
20195
9099
1903
27356
1612
20037
23860
23791
29173
28764
20091
13061
21599
14032
9276
10592
26418
31784
9748
19363
18950
26604
377
18585
26369
25169
28184
7788
22543
7741
21189
8804
26572
18688
19614
29175
27007
26081
17901
6219
26463
13019
4095
5578
21527
3489
209
23946
26237
13012
14935
29561
32100
8019
27619
13925
574
6131
24274
8222
28354
16866
16207
14063
27474
22254
5899
3160
9006
27673
28908
18946
7987
1803
19803
4661
29490
29899
1877
16151
9936
13294
29228
29100
7821
207
22901
27860
28763
11766
16237
32612
14365
21799
17405
14788
24734
30267
23967
12298
14920
24201
3461
28416
