15000
24054
740
30139
10961
25682
27211
2501
13127
1789
32587
6841
12736
12256
20842
8698
14441
24387
2072
8908
30005
10051
27820
27397
26643
7975
20036
10937
15488
30570
6505
21953
16277
18550
16141
615
13794
10744
141
27101
5353
11035
21939
11456
18156
26744
22368
14717
3588
17610
26725
14440
24575
7814
31171
27633
775
32683
24676
10006
232
25876
27739
24841
25334
30810
26180
11344
24411
16099
22836
29266
17270
17645
21559
10851
20263
28839
18354
8688
32088
10954
2814
24785
20819
26444
21639
11774
5145
3509
18432
27706
15000
20231
20128
3399
3979
25074
21525
32228
22121
12285
17181
25885
2780
29231
18243
5455
26709
82
15992
15335
24324
1961
9499
32256
2880
6785
13599
3038
1819
26316
21030
17128
17592
15101
23209
23552
14228
16244
16713
30369
18724
5647
7537
13114
22968
1847
19585
9672
27181
10938
18589
2790
12578
5743
23337
16539
654
7210
28661
26682
1604
20846
14458
29702
10169
15393
20782
20287
20583
29589
20707
11984
22132
31462
7443
9832
5067
5460
14764
26026
26907
21077
10798
13678
23419
8982
25092
32386
16963
15426
11954
29419
9451
1696
2868
11477
19045
22880
23603
24261
23139
12994
17107
8056
3864
3340
3293
16319
23100
17766
24837
11002
12181
16878
31403
627
5707
27337
7200
762
22258
783
24469
22223
30470
30946
8405
18021
11500
16313
20006
1875
764
26707
601
10995
21610
14014
20476
18384
7214
6893
7578
8484
9821
17055
2343
6606
25577
18691
16247
12351
30905
16403
32352
8154
32744
954
13717
22062
25345
12578
23979
11809
14376
23852
13710
5209
6878
23421
6484
13011
15671
24041
15555
15063
14923
7537
691
31647
6652
4838
9761
30176
8919
30091
8988
28814
2277
16994
28625
23087
15838
4311
21212
15891
10201
5416
21850
6110
30683
28915
18344
22580
16646
2479
13107
9279
22494
12714
23579
3489
348
19026
19520
30335
17096
29651
10557
11991
30913
28058
8850
26926
10203
10531
2316
30740
21351
3666
26890
8663
23067
21479
13250
13101
15736
6902
23377
30124
13341
15850
20274
19696
1819
5733
29364
32581
30631
16029
28306
9288
28502
20698
14688
19632
30847
20503
14389
21433
11577
12228
28794
22735
11202
22429
6113
2122
26076
928
29452
4221
13556
13059
15859
12975
25289
17519
23283
1312
10869
16842
1690
24102
24749
285
22639
29940
2771
10674
31388
24891
6771
956
15310
26719
1088
5149
17673
17028
20341
26081
13738
31608
6605
27766
4985
14384
23430
15703
1850
13922
3646
821
31573
29848
11236
16514
16027
42
8139
12154
8142
26806
27896
31697
12961
10492
31894
1214
24014
30293
32165
29079
20537
19266
3489
25855
23017
27946
4281
31771
16024
10140
22909
27778
12504
9265
28633
19596
5327
29039
15676
77
20107
30262
1701
11456
11033
6416
6879
28445
11924
28394
10785
25662
10432
30538
18942
16048
28825
11367
14611
31241
13356
10063
1181
10453
21130
26953
16823
31925
27914
22135
27442
21114
31273
31929
15723
7455
8787
31374
4305
4473
5858
6977
13727
9768
2771
22672
20464
22648
16431
19413
31496
6946
11162
19971
17956
11540
6099
6067
8606
24730
15822
24811
25409
9564
13930
18294
6795
30640
28911
31739
27720
31747
15255
9884
24689
13239
18415
19821
32193
29449
9017
22095
4116
30605
11930
23010
26933
19763
11962
12712
19316
20350
19509
849
516
10370
17331
13234
8563
24479
11494
11578
15417
508
19048
12868
17862
30477
8428
4003
24846
26649
31976
19257
9621
17727
25443
32534
16570
1721
1498
29149
12688
19950
27489
16539
4645
1252
11998
32744
11873
1105
16685
17065
3899
18858
30322
1864
23441
31969
25652
17790
29723
12037
23520
13443
21241
17800
2635
9599
19835
23608
18284
19210
4378
30672
107
10781
22420
20763
15987
31851
2652
20906
21701
32633
9690
9894
15421
28142
32757
29733
19845
19680
4629
28996
14252
12341
3844
21166
4351
760
3756
11525
15705
14908
10560
10300
17770
29186
19487
13585
22100
27225
30496
3718
23841
28309
19097
32012
30038
19023
17599
22199
20399
17236
22084
16471
6547
24516
26150
14760
6673
4771
26966
10608
8225
3888
29941
10300
31770
12305
30918
11334
5105
17580
7549
4776
19242
22520
10267
12039
18785
30968
8323
14710
9181
19507
29763
20039
24074
15675
10772
15494
13542
15920
25609
29816
16506
18078
19016
4260
19117
5010
4199
25234
9457
14973
11276
15039
28439
7242
23496
20103
28272
8832
2332
27743
25270
21817
5869
12146
15254
27568
11218
14705
31826
17849
1111
17661
12980
3866
18667
6307
16494
24318
1926
16895
29765
10587
22763
15707
14105
1327
10873
28452
23583
11602
31509
27119
3598
12302
12233
19633
28819
6530
11032
11328
5784
13556
1973
27873
11098
10283
28937
21473
29422
8280
15862
11815
19692
16462
8756
12984
5250
8087
11153
6198
22331
4408
14325
17885
11575
13922
31111
30691
27081
9874
22691
29379
17456
21216
16763
715
6156
1486
6631
8883
23814
32532
11595
16199
1593
5016
23335
31810
17824
19940
25226
4242
3865
26159
17257
1629
14019
19080
6081
22838
23701
24086
3179
17493
32764
23720
21413
13680
7493
14664
19930
14952
30350
304
15762
6010
4267
20716
32373
25036
11004
683
24620
18065
16165
19635
3566
3134
28678
85
15659
14847
32339
7538
1821
15963
10316
12231
15649
5888
28327
24299
18103
20493
29582
10958
30322
11472
7165
5010
8303
11804
22756
8691
2295
14810
13504
14193
15278
26085
20723
12832
19799
17406
28024
27743
26297
29864
30608
30073
5633
2037
16124
26348
29798
32737
31501
1796
17264
4130
4366
13311
12449
30055
7997
16117
14406
11623
18185
4280
4079
12787
30252
16945
21766
7571
11330
31981
10843
19319
25915
16238
11627
24120
19948
6630
24034
15959
8977
28690
1539
279
12367
1885
31149
2777
16050
9097
4990
26911
26527
20360
1525
12304
8161
26571
30706
20546
29516
4560
2130
32146
10174
29716
17512
27683
5582
3736
12874
12433
31061
24866
23850
27868
23166
23867
31122
8660
21654
4716
4535
12119
13069
13783
7168
1789
31809
20769
30490
23844
24210
9041
2660
31967
19640
29348
25852
19487
29388
17442
3242
11677
30344
8808
16482
1658
13041
19964
5392
5382
17506
18746
2543
19360
19547
14226
5338
8445
22126
13427
32
24483
32065
30257
22168
2836
17968
26878
11251
12568
23324
5433
26251
16771
5719
5096
2874
21485
31828
17920
12601
998
24884
20404
6560
1593
21673
8276
5363
29306
12216
30603
22929
28835
13084
24124
29291
769
21475
2655
31916
22487
28772
20763
18923
12564
7177
3673
19752
21984
14502
6578
12869
19694
23165
22722
5028
8449
32391
28757
27244
3372
26046
7269
17344
23571
16517
3412
28979
20734
475
5871
12447
20357
10978
31481
27088
18883
13651
8507
24578
20282
23752
1752
14992
25188
19320
23463
10976
6150
27186
28250
23591
17875
1450
15492
2977
20976
27457
27185
18945
2101
20675
9411
11960
12090
21729
225
32756
5526
25958
29039
26755
21694
24924
20312
31806
14431
638
4119
21069
2297
12898
32689
32225
29328
125
16584
1055
13103
19660
19458
6252
23519
19657
28006
18406
13870
16254
24044
22784
11257
28208
15605
21241
10627
15297
26147
10359
17490
1031
21703
25034
20427
19880
7285
6625
1648
5555
23543
4565
21024
5328
24980
13192
21612
17038
2386
14240
10935
5200
23475
23064
23906
12710
8076
3305
10715
3097
27825
18719
19781
4621
24933
15547
20269
29629
2060
24875
16058
15761
11684
9940
7673
29400
10919
27834
1327
12113
3796
12135
6526
31405
32658
25215
8355
28835
3514
24014
19335
3919
7936
547
23701
31320
30087
22634
336
7744
17318
9087
12458
17776
9404
17269
21656
21995
29132
19698
13113
6229
355
6658
6863
15245
4987
5669
17031
26782
25116
8358
22568
2428
16037
8334
16157
19616
26390
30496
14230
25911
18373
20303
3679
17764
27102
21864
11636
5562
24814
14879
8372
21260
498
12311
29472
20408
12087
3428
13160
5995
23196
10980
15457
4153
8359
1791
26201
27950
9507
6183
12574
32399
7793
18126
32067
1072
30111
109
21096
14432
29035
17157
17606
1125
27319
2589
1750
14927
23433
8137
16218
2933
4626
12293
25057
12079
6879
21692
24223
10301
26173
3455
27100
19907
30166
4863
7218
22603
27475
18683
22757
13766
4489
10835
9639
23663
7443
12332
12113
11914
14518
17295
19308
15282
10765
4887
14220
28353
24962
18616
12555
18160
12419
4250
16666
4420
6363
4338
16743
14713
13144
28998
26791
19795
32725
21687
5036
27339
32766
13236
17285
3238
25914
4501
4124
9281
10514
24423
22963
4165
14322
387
7328
31480
18720
21001
12680
19783
144
13305
27518
14343
24244
2386
30887
27530
27183
30380
5105
23441
10427
12707
23204
9849
15407
30214
24818
26775
2511
21667
8595
25932
3017
13822
15671
29018
26019
15903
5715
24194
10463
8104
22779
17277
2055
11523
12576
13289
16946
31048
21862
26791
18680
20968
7533
7456
26226
21692
25629
32751
281
9054
5162
21414
14271
15866
12863
29917
14482
15852
4728
10103
5047
13952
3620
15821
16535
32186
7789
24315
11474
21131
1685
24235
26528
9889
15170
5941
2547
17816
945
4922
14615
8503
30896
22291
28231
31946
16226
13313
17660
20139
25097
9073
14189
20483
32505
5598
22758
13753
20042
30153
933
14663
10877
24399
2456
24052
10760
18642
8324
16284
21245
28565
10005
19455
16173
28226
2211
23054
18176
12631
22797
2567
9352
4826
21927
28001
16278
32194
9486
20203
20907
24557
26842
5509
16049
13595
22180
30773
22719
25308
20396
29309
8606
4924
505
26092
9943
27007
29744
17734
16538
23609
25783
9753
12612
19054
32622
5003
14870
14519
10777
22166
25142
10285
30742
8099
15625
22224
20256
2559
14706
28589
29026
19081
11318
1487
13520
16847
11231
2728
32299
28873
26099
27037
10640
27379
22095
1376
4702
22931
10164
3208
24674
5755
26842
24630
13676
32755
18725
15088
3290
24432
26282
7666
12610
14463
10245
14776
8677
4575
20223
8538
25586
11833
9675
12121
2788
15767
30091
27111
30653
6723
6540
18963
27859
12081
1038
31008
16050
13532
27962
22928
11342
25621
32743
5784
19782
21024
19540
17382
2601
3195
29550
6498
27328
19939
20563
10459
4731
21655
30265
25787
12285
9930
28869
20914
26276
23246
22839
1348
12337
3505
5594
10369
25962
30899
17639
19127
27480
8458
348
21340
32197
18903
18711
3560
17897
9520
4671
2280
17942
11337
21791
20147
30894
25015
10798
28283
30989
15807
26073
28089
20121
30896
13803
6019
13478
15452
23589
7014
17933
12145
14391
26586
22231
21259
4088
6491
1877
24841
20834
23391
5417
2991
15224
28775
29105
3114
20863
30640
7195
42
18111
26832
5301
14098
26745
23982
26419
30162
1758
17224
29122
18195
12854
2585
27708
29612
26721
29113
9573
7395
4122
6527
21138
4
31299
15385
12137
487
28664
12334
1221
19261
15415
14090
27987
20274
5057
24918
32430
14124
24660
15672
12803
28628
16862
29865
12327
8727
54
17024
2614
27079
22692
15340
11525
4131
30872
19975
2598
11400
30488
24105
1654
27807
1898
24810
13296
19946
24776
23573
13418
1270
8672
6139
31923
11698
25459
4541
27479
4985
23095
22403
22547
20070
28103
2345
25438
20598
9347
32455
12936
11802
26542
25387
15106
22180
3413
30195
12
3213
28834
30673
19637
3982
8427
14558
22007
28702
8191
8568
16855
19431
22538
21007
17763
25400
27239
20554
30531
13251
14838
7354
3045
28368
9911
18347
10976
31660
12617
20229
18774
8318
15322
21770
7219
12927
21346
15
11222
29300
18962
10480
32319
26835
26581
20313
28608
28220
14813
24930
3545
21933
14028
31667
28743
262
13083
16450
2401
15895
7898
10557
2127
3790
25111
14974
17543
10746
1906
31305
5459
24312
15312
18917
10393
2392
22754
25725
25610
31400
10046
6981
9374
16322
19672
9609
21068
7146
18384
11673
2872
3819
8748
24486
28963
7794
10730
15380
21401
31447
11613
16530
14362
12019
12027
20866
18800
18354
22443
16047
11771
14853
6561
14151
31666
20590
2036
24210
32092
26367
24584
15153
9894
10504
30323
18864
5667
32534
11185
28672
3376
25937
5555
15563
6497
20537
29237
10525
592
15364
12403
22989
5841
23368
2812
9955
14160
10723
7958
12015
3840
12970
5613
8300
19239
14991
19270
31548
3068
18471
32659
771
16753
14255
4840
5867
14205
7544
13719
22570
13879
29277
9315
8921
733
9275
26087
23608
28414
19451
26699
2226
19337
23762
2
6493
24006
32101
3230
28907
21194
32554
30887
8471
19695
5708
31306
32571
10371
14839
15574
26298
19807
9769
1428
28895
21118
7906
18586
26821
22340
17314
6130
8758
24909
7068
23453
12762
23136
31379
18051
27421
32557
8796
5394
9263
24547
27667
14538
30409
3443
5153
22792
16523
18242
14088
15923
16761
30888
17431
4173
5650
15877
1942
15265
8525
5043
27776
9610
17877
2289
12789
1
27617
26671
32020
26189
20522
15998
26662
1407
4878
12736
17178
24643
11802
5119
27887
11541
8987
12461
4878
31658
11463
7610
26530
13368
16885
21454
22309
11286
21169
12978
27870
11858
30843
19783
19489
26127
10611
11375
271
26345
11903
19170
23872
6998
5452
19529
13268
14264
4944
8838
27736
20675
18599
27466
15901
18520
32009
28428
16009
16325
18107
22507
11836
4115
13444
25786
18217
32696
5524
4034
29370
16116
21406
13082
22797
32121
7544
4263
21486
1196
14870
8871
16214
31689
12236
14604
32055
25870
31264
20212
25354
17050
11418
14252
14261
11981
22020
30283
12778
342
14942
29242
26088
6953
2777
25152
23101
14247
27945
22396
8267
11925
16367
31425
30681
32355
24869
14245
5083
18692
23983
11217
29241
1410
32437
12297
11806
157
27836
18219
7986
26384
3779
14587
7436
19133
12935
19908
30736
19000
3598
20496
30671
13150
3124
7222
15425
23538
1365
19671
26887
26626
10213
13962
30164
27701
29058
25269
2409
22201
26038
12625
16492
28289
15943
5223
18989
7753
8333
20057
12027
21749
14404
26951
6641
25696
29658
15171
28618
23687
28958
9483
15433
8309
2715
13216
24571
31799
13279
22993
24267
24417
19036
29868
26193
15293
6501
15135
12124
7547
7917
22155
32590
31192
11340
28908
19176
31249
28320
13834
30760
21135
22143
3809
17318
8746
25225
12539
17120
19580
15165
26526
16183
6750
22339
16360
6665
20756
667
12942
19366
329
9608
7415
1066
32587
3804
13938
712
24222
16511
11127
14989
26258
29881
7810
16525
30740
14873
24460
8874
30262
31671
12699
23816
2043
26156
14529
5881
12480
25180
27146
10482
1491
4018
1303
11655
19327
14090
22957
10077
19571
18441
20514
31393
12787
5888
16769
13267
24694
14188
31253
5088
22973
31194
31170
11483
26843
21848
17639
3161
9256
15191
32362
16898
6070
13929
32511
18217
13543
27344
27181
12640
9676
4503
23378
12933
32025
2208
12073
13643
27470
23623
13905
13151
4674
6780
25421
31342
23803
29689
16014
10798
9278
849
12568
1202
28014
6818
19494
23065
7756
4342
3808
24195
14169
1635
21869
30054
13927
17958
21955
12134
29359
23204
16998
14212
8198
30922
28685
22973
8611
12683
23450
7553
14577
22692
26196
5945
22550
32538
29663
20448
12732
25859
7938
27723
6551
30694
30389
688
395
18567
21810
22781
10671
7248
30104
11103
31991
23707
27973
16885
29854
4532
5094
23868
6916
21035
23523
29811
14423
28247
31767
3612
20424
30469
7850
28482
14500
31216
10330
21870
22120
9884
31768
9273
10390
13877
27740
2828
18155
19503
22883
31085
8280
24479
1616
18990
10666
4362
15511
6930
13727
14431
1130
12707
2780
1072
10679
5944
7122
17188
9071
17861
11518
1120
12914
5305
29628
26034
11142
27656
28442
9554
8147
16901
18995
10644
32457
18255
2523
20571
31811
28982
20022
16471
1503
23571
7953
13809
27813
21987
28631
23626
32612
30001
26326
15219
13921
26225
18236
21682
5432
10502
13086
2001
3217
20013
15635
15860
12585
12198
2454
24930
3910
8475
14553
21053
20399
25433
26391
11191
30018
24286
11640
31371
18391
28186
14458
28823
16004
2136
4463
19385
32493
25361
12235
12541
31482
24420
18034
27635
2432
16516
25227
29360
17415
18345
4214
22152
26771
2940
23183
30621
29943
8751
28612
14854
27601
703
9894
21044
31750
13198
19679
10125
17783
24150
22697
16571
14702
25380
7397
25260
12805
20184
8302
7034
1600
7992
24834
15043
2871
1788
3230
10232
16985
4356
23371
13690
18298
20839
3872
10175
26643
18942
18301
15716
779
30780
15909
14554
6431
23035
13427
5751
29215
3857
13457
17952
19281
31739
4321
21786
17296
8425
2213
15906
18442
13413
9136
20331
6647
14167
21777
2500
3025
57
29528
13995
24313
9856
20223
15857
6759
7284
23263
30174
27871
13680
28453
32377
1852
9230
2972
18692
9580
18677
4745
5185
13017
20852
8862
21825
18832
6328
9855
31570
10086
12721
16449
17078
28430
383
24764
2638
11734
27621
31143
27729
13599
8329
29152
7934
25087
955
25294
9655
7442
23786
25738
2466
7919
15865
1760
28965
1819
14361
23859
26163
32103
15434
9490
28968
21697
23869
1750
8180
1971
20104
29084
8813
29874
32085
21274
4344
2411
10135
28149
25145
24421
22904
25743
4119
26576
306
7615
8887
4399
29411
24674
24082
7576
945
10690
3132
24113
2117
24636
17792
29341
12736
18741
9026
27916
31183
11694
25827
8279
25043
14263
26105
29594
28240
30397
14375
1919
28798
29836
19359
27620
16216
4279
27445
7706
6924
23362
19861
17295
19804
20743
18184
20944
523
15141
22823
16202
9370
21479
11122
23297
19560
21249
17642
16892
29916
3234
19284
3868
2230
7902
2897
17811
9231
15277
24251
24452
27054
5976
5818
23488
30149
2643
11020
13691
7073
29110
16155
10207
17495
1990
15901
22475
17682
8753
8847
21247
17312
18935
12600
15768
10512
22951
26116
17147
18877
28262
4688
15960
27441
10369
15433
26125
23
12929
4777
6255
449
28884
27783
17828
2365
4672
16962
5951
6243
4808
17730
28355
14327
28494
24161
20652
4387
24624
20305
26383
1458
10609
11671
1648
17151
3003
18254
24227
26074
6070
29232
3983
30628
3739
2856
30992
11325
15536
16131
18265
6209
26087
27103
3572
8926
10739
9374
29051
1004
13471
19528
12261
26783
19113
1959
29203
21103
24581
17400
31211
3157
21294
8172
24059
13027
15953
22669
25035
13942
4986
21682
24450
31246
32183
17014
14693
25606
23226
15838
26577
31926
6784
26346
20853
9635
19236
32664
12741
13834
28203
16112
10650
27500
30735
6795
10441
16712
2338
31548
29811
10619
6696
25941
31860
1844
31625
13575
31401
31649
12431
2703
2710
9870
8722
3569
13796
31067
8185
28778
12370
11179
7284
26098
20052
18600
4892
14954
13589
26505
27015
5709
19567
20138
18119
25639
19182
16432
1294
31326
32471
27882
930
31195
22600
14862
32142
1681
2467
3045
29821
29049
12
26295
20730
992
25366
8762
31980
9422
12040
1696
20541
27606
7361
14050
2786
29895
21333
13762
9899
13872
13648
18296
3419
17520
15008
21966
31814
20899
32635
17905
23861
10378
3615
11345
19191
19918
19198
15708
19973
4476
29069
5677
14276
2189
16930
14698
32424
25967
32584
9793
31652
10419
8901
5808
26755
29725
7718
29888
21165
4218
4239
2801
9894
1723
20586
25245
13737
15122
10731
30544
7963
22261
8066
23392
26892
2118
7695
8371
31389
886
12172
23669
23018
382
9783
1941
5056
13195
8875
19553
5712
31116
26361
943
26246
4641
18465
7907
30622
10896
7024
835
396
21269
11069
10750
10573
1727
6230
6197
19117
9589
21315
23288
32220
9055
18472
32708
27980
13386
2916
11666
22901
15739
716
10475
24980
14817
21150
2845
8212
4550
22998
15100
16392
26057
21309
30026
601
1918
26743
24380
6065
31520
20796
7849
65
25437
29751
12783
26922
23814
16637
28228
24937
18694
26694
16607
3162
20605
23238
7329
2487
28068
29968
8241
7897
9786
5027
6387
1037
1098
13754
14280
31934
7923
26252
21354
4684
7426
1742
15090
18558
8927
23716
13337
20795
21121
8324
26795
20320
4246
30973
9703
265
29899
21836
19896
5237
5876
2806
14455
10096
26082
16328
24418
22940
16055
11992
24762
16468
27808
8576
10649
28528
6362
10048
15668
11344
4592
23979
18291
27870
25536
11501
21172
7933
3847
3014
3972
16798
25248
12483
12211
8594
19067
16524
8535
16436
19776
30721
17471
18205
31520
12211
12769
12888
8111
29225
27777
24416
22633
31503
31313
4289
4168
28412
4461
12851
17437
4815
32256
15690
18374
4988
25143
46
28516
5639
30414
9103
12374
15344
23099
3131
6678
8896
7750
15491
16160
29290
12268
2770
21747
29415
2811
32098
12954
20894
2394
1351
31517
31338
854
7318
17362
8045
14287
20718
23784
16650
22538
704
15050
11894
7054
22775
11168
12882
32603
16756
24218
24307
3841
6734
7591
16692
7366
19981
27413
18429
7714
5656
30509
30732
30771
4614
29570
6423
4803
4431
26714
22997
10947
24933
30415
10865
118
22872
27258
565
22753
20086
8674
10144
11779
27857
2260
11251
10948
1750
10938
26605
12239
25829
1090
27304
2818
14852
18290
2742
79
18975
12845
12037
7456
22312
4471
12554
3569
19047
9931
24496
7381
21020
28207
15089
30657
26652
1075
13976
17782
16012
12791
1813
8148
29777
25806
14098
27282
23811
14060
16895
16764
18430
25103
16653
17983
2946
27314
2285
12751
2508
8836
26333
2874
771
12399
32486
32051
4186
13062
12401
32616
31372
15575
13094
6426
10284
23043
14906
27841
20101
4656
29486
20460
31884
27055
28530
6807
29635
23529
31565
27794
15886
24470
21477
19075
11185
14915
1823
25063
11814
29998
10521
23105
10184
27158
12828
22936
14254
18935
10118
10565
14546
26209
14629
24347
30688
28673
7751
5050
6910
23679
11883
6777
21850
13575
24553
18900
14081
4608
14414
16378
30332
11240
11258
13050
3921
13812
8039
30275
13187
29873
28440
8517
17804
17514
11772
12361
24952
8583
5481
9398
21337
5602
2617
14234
4299
8991
30898
14940
7817
18360
9996
22503
22819
11793
29533
13529
22986
18116
4776
8433
23260
16817
25458
19943
29394
27513
3160
29526
7639
14440
22220
17067
17834
6904
2842
16143
18575
6621
8593
31970
16862
12638
10102
17178
31690
24984
5845
18935
14584
10051
14169
5274
17986
30937
32266
9061
30978
16347
31456
10004
6030
22798
22179
18943
460
30909
30615
23495
30030
23693
11889
1655
27479
32193
6505
16638
131
28042
12116
26430
26077
13370
18127
12200
10847
23007
24657
9827
30677
24704
6153
28336
2427
30155
17414
32071
19990
28811
28601
5463
9201
8126
9756
15485
15604
21415
2276
6391
4587
12640
2530
14340
31211
21473
19251
12158
1238
30580
22563
3859
12626
9274
14397
6558
26079
30942
4840
28459
1864
19269
30117
676
22637
24519
26298
5631
302
23845
25188
19398
9224
15838
20523
10570
15416
23033
17206
10477
7797
29139
4196
29694
14883
14415
8790
31662
1448
9877
28773
11260
25856
8536
10522
30340
8552
26651
29596
26777
11308
8057
30616
24729
262
16860
25386
42
31656
6546
7459
15426
12414
23595
23350
19461
32405
20405
31319
6608
28406
7534
23760
21201
26172
18854
334
22948
25554
26046
837
12505
24558
3724
12397
10989
23264
14173
12383
6236
9824
4783
32054
9781
9594
17061
10425
1671
16577
19277
31691
15333
7750
9117
21911
4401
10056
18039
13286
27154
29568
22908
16033
31005
25484
23355
28710
28541
1467
14715
13602
27107
6445
4591
15604
3520
32372
11547
9783
8148
12556
31011
4643
20980
1828
21666
18487
31427
14272
11826
7964
24336
25667
14497
26535
11387
20052
26140
25284
31100
12381
2924
10640
20299
4589
27477
10511
27652
30226
7376
22874
3735
25673
25645
9220
10408
9078
541
4583
15596
28837
28040
619
18120
2262
15177
7161
24781
26919
8220
14937
12963
10619
17039
31431
4927
1169
8798
19750
28954
2610
27477
21440
20500
24289
28468
27241
29510
4965
24870
24118
10078
26953
21362
15099
24758
25318
22059
6286
3276
17342
8950
15558
10556
6359
19519
5582
6507
18564
7158
23236
18000
8485
1998
11722
13818
9743
14271
21655
17608
25080
31102
8165
1087
3306
2695
5930
21113
17388
23316
21296
27333
26189
27189
4294
17116
1558
3400
9243
6340
7390
9241
32275
1424
19400
2680
3550
17116
21134
7662
19960
8263
262
21019
18667
8299
10902
29239
14230
10703
5635
24634
9666
558
21076
22105
24401
15315
19322
6864
26280
4411
23791
5403
1225
17559
24935
3165
9158
5255
24824
22673
15456
26370
20165
10233
22895
30064
19236
23304
1946
15180
15406
12595
2075
24358
22669
16455
18947
2412
14383
9369
32069
22231
14930
14178
30576
1273
23791
27047
9792
9449
16465
27807
21547
2965
28753
27758
4909
19838
10084
22944
11712
2360
11927
21255
21403
6346
14691
28568
17976
28764
29580
7091
30612
3143
18605
4577
12277
5552
3542
2874
21059
2827
4159
26697
25695
19007
31189
21118
31440
5982
12460
31177
12543
7418
4670
14317
30290
26312
12965
13141
31711
11531
24896
25058
9480
19841
32115
6728
10611
25902
6801
8873
15750
24475
8904
6770
17514
24480
31670
376
24114
17688
2936
10190
11370
12314
7562
2046
30265
7305
331
29809
17457
17610
19927
20410
9257
9800
8449
20649
4598
24539
23008
22677
25528
1306
31679
62
26082
7648
10157
8895
28912
20679
1287
27385
11455
21352
12032
14134
21542
7908
19692
10490
30059
8795
26710
14254
24801
29560
25267
18996
28070
29739
5992
12587
19546
30473
27224
10343
30590
16520
24080
482
28430
19471
16714
14101
29681
32400
13841
23471
29286
12264
12381
1327
23185
31654
24861
2128
6050
31084
18039
2740
713
4579
14351
18014
7406
22366
30862
5037
29918
24859
25070
13288
3676
22695
22375
11445
30815
21913
25272
21798
11149
15167
8734
11912
5066
24995
4674
4260
21771
22268
21128
10133
145
11632
12833
8537
22247
29990
30366
20300
25324
1702
9747
3376
11054
1502
24434
26383
17522
8083
22905
23536
12124
11181
24501
30154
9997
18748
22066
26083
29004
17573
22500
20495
13658
32128
14563
32122
1295
29242
15493
18790
25999
13004
31344
2465
25725
19193
7282
16947
16210
14550
6731
5320
7253
28652
1147
3728
17176
28214
28705
3998
27721
4118
32517
12449
25570
19653
7554
29654
14652
14054
20392
10699
30074
4184
21294
28064
26009
15408
32064
3155
7608
28984
4541
1510
13038
582
26839
27203
26070
26166
5731
17112
28228
8357
26397
29205
26244
1657
19474
20124
3257
10954
1580
24611
12578
13529
30537
21278
16811
6105
20511
17272
15005
31060
19791
3914
13003
6346
16629
29358
29438
4575
7038
4419
20533
9227
21802
21351
13773
24551
30446
29166
11465
12042
15054
32515
5996
8185
12591
4069
9200
14920
22990
12244
13435
32761
8536
19777
12571
32289
2292
3019
31969
8215
2084
31906
32211
32566
19580
9377
30678
22664
256
23362
30939
25301
28614
3956
694
27922
23899
3805
5165
22452
17788
25491
5738
30530
11314
30158
27215
22007
1900
31074
882
25505
2040
6147
22810
25328
3126
1593
4722
10819
16787
1981
15134
22945
8822
24646
5499
15447
23648
27809
1395
8651
5507
30444
11002
28148
29168
16602
4557
31849
20311
24568
10344
24108
13575
15240
8558
19468
31716
8615
23956
8095
11856
23492
26643
2775
15519
2213
7543
21332
27844
7061
7306
11316
12548
3158
22463
6008
29038
1359
30779
27475
6708
31220
12080
20807
30281
2022
309
3294
19531
21423
28508
23168
25693
8463
1571
25363
16477
23024
22384
4790
23074
7194
21774
11376
18936
8221
16503
24354
12750
21576
1744
497
10033
11144
27407
15493
31845
19591
4243
29505
26325
4910
16699
11201
2945
19409
2299
23620
10991
18388
26288
5731
25942
2251
32080
26317
14368
20835
14001
17683
22360
30327
29858
18230
29066
24271
5647
7573
3032
13109
31417
28937
16312
25057
441
2731
8330
9040
15207
1486
28554
22434
22898
22697
6795
14618
21915
18316
19032
27450
25760
9699
22087
10301
2208
16647
3443
5357
9026
25993
31582
16405
8803
13917
17063
11280
1032
13954
9488
7606
6413
4263
922
16131
20958
22046
8147
4475
6113
14438
30002
25765
8834
4027
15632
17308
13713
14901
18600
31409
7569
23705
25119
23760
22526
28561
12293
14572
25430
30751
22524
17390
12387
1206
1853
32493
27028
23377
8904
26467
10002
968
2678
9650
20647
10868
1179
15934
21050
2158
2332
31215
15242
31694
27532
28757
25222
20503
10402
14345
29438
26810
17282
5142
7226
13002
8358
27742
22563
21927
8097
19495
22366
2502
10234
25018
18714
20303
23503
23811
21050
30400
5601
27287
24267
20076
30183
32597
27729
6327
25457
18531
29570
5917
17255
31174
10284
597
2237
26327
12470
30778
30087
23772
17914
15502
7299
11251
15981
11443
3473
18182
14074
15339
17055
26663
14484
21355
32143
6026
7655
23691
4727
31638
7866
6026
5971
25393
21097
4231
4914
103
25746
27642
24865
12462
25931
3381
12428
2516
26780
16291
29156
1297
10786
2116
1338
31062
11436
20771
31027
6102
29904
29238
5885
7886
6029
8901
15370
8781
10870
23493
23465
4413
125
13857
14638
19918
26546
25087
5634
4176
7468
1648
5848
15589
12791
1758
26279
29858
11229
7845
3624
28089
10072
32170
30787
21946
348
30653
15873
8207
19816
14245
23452
7461
9078
28570
10435
17979
30093
14879
284
18300
21234
13038
16130
26282
12239
21493
1121
14570
5218
24046
31718
16164
13465
22933
27533
30580
3186
21720
952
32416
29705
11556
22097
30482
11822
24383
27910
1763
19153
3847
1789
2663
15809
24220
20720
15203
20522
5994
19085
26146
2748
12604
21705
29271
11140
3558
5847
30643
8289
20716
18829
26062
13514
1093
17042
19474
13879
18491
2957
19405
21384
5852
10869
28145
4253
2549
16538
29132
4318
3853
27227
8823
9049
27183
2961
30863
7349
9670
3251
11678
22055
9025
27396
27481
12434
16627
23489
18552
17217
6679
20257
14945
17624
15201
24029
29627
26823
11764
912
1440
18992
13454
26642
31179
32415
6320
6141
2341
8721
30895
8338
11989
15476
12996
6088
19218
5000
2194
32633
22207
25431
15495
28889
13406
24775
4907
31190
11649
21099
9496
25699
29010
10258
4370
32633
14933
6988
18721
20249
30896
30686
432
24711
26895
7590
11211
13275
15324
11192
19217
18679
20220
5912
5625
12917
7082
29832
11811
8448
8743
12237
9018
391
24481
19855
9455
11210
505
82
8416
20298
30627
9082
951
4202
22362
8249
1635
5299
3045
10315
13602
3274
8847
20805
22399
5405
1053
22500
26828
9720
20774
12400
25611
12290
18053
29225
24739
21417
18427
15201
19413
15200
31275
14399
5711
7483
22734
17901
28528
27066
32247
8721
18571
18128
27928
21414
16315
11782
12745
11236
8712
32283
5463
17402
19703
25395
18324
13400
7799
13685
28284
26175
16979
8125
1250
25061
15653
12530
3427
30308
28963
677
13070
5112
12613
15259
31732
5811
13740
16606
23786
24700
28098
9700
4730
17008
29146
17240
1826
30739
24949
20650
5412
24190
23768
1415
15177
19159
10194
14075
31689
6433
14049
13016
30025
12118
19944
18389
22460
17114
23815
21664
20653
28310
25764
3510
2602
28703
19941
25219
1499
20889
10191
12605
27971
28716
30155
22011
9930
5397
18494
13444
12583
29742
5705
10116
16955
28093
23546
16809
25838
23507
12450
1467
8318
2377
1938
11818
25773
28263
24575
4239
2226
27001
25920
24604
15882
18872
9725
27814
27769
479
12029
16236
12526
15622
15889
21110
21476
8447
32542
12126
9421
21215
10133
15517
17459
8496
7075
7183
30057
4745
6642
20099
8221
9036
14363
18561
21058
16945
5803
29204
12696
11586
5800
32601
18179
22839
1298
28514
31938
731
18370
27656
27086
23512
28153
20306
23155
7244
19242
3717
4875
3193
30007
3310
13664
5065
21067
18990
19107
31320
31821
11796
12122
7257
28340
9957
14821
21037
29185
3155
13412
13644
12584
25751
29238
4944
12786
12979
10828
3558
4900
27139
11820
394
296
19172
18813
24980
1280
14760
5808
29183
12184
9635
20757
10763
28990
18390
4158
16434
23872
16265
22787
14171
26452
7308
12330
21083
19213
25770
28149
29645
13508
26230
8777
23988
3392
5234
8241
29043
13141
17575
31776
15268
5400
20264
16032
1121
25641
19273
26918
24468
243
17447
16356
30422
15247
15586
12807
12799
25941
29215
25433
11469
3010
8001
14747
16101
17568
30042
9348
26815
1865
24029
13852
19656
29215
9912
30079
16355
12940
11768
12668
7659
16755
8224
9699
19076
24523
24483
6259
7270
3281
27890
29780
14009
19551
25291
26549
3843
6904
32451
24635
28684
18252
17687
10458
14859
11366
9099
25087
24953
83
28735
27850
679
22734
25447
12310
23339
7681
9851
26267
17916
9917
7885
1180
3034
30686
161
3656
6355
17683
23507
25465
3616
24582
10183
3011
1615
29228
10622
14336
13984
13500
6347
2111
14866
6385
26096
1526
459
7670
18868
7624
24824
10952
30828
11948
27955
847
16779
25350
14621
7740
7931
32052
15347
5682
27385
13513
9715
15583
18002
29116
15185
15958
15077
17145
7390
2643
2114
19181
31712
24333
23014
16487
7928
14886
580
19434
22063
32560
32055
23490
6441
7446
6579
25024
21259
21104
8322
7778
1630
27448
24836
18633
8854
10055
23449
22351
22825
20026
31385
17556
21203
29391
7114
8716
25794
26921
23191
21792
20984
1703
26115
23417
19343
15700
7850
6021
29206
5587
19684
6916
15946
12730
4915
25335
900
5542
11940
25821
4010
16577
4548
21058
19424
21184
30039
30006
4474
15021
30803
14262
11295
16634
29216
20315
23289
15364
31196
1633
30548
23593
20585
11126
65
19359
16610
9708
28748
16231
10113
8697
1017
27738
20375
6519
28644
10441
28701
22121
14861
289
9034
10320
30465
29324
27394
1630
15218
20761
12637
26277
17432
8968
21495
28569
10281
6438
13919
12692
16786
11878
31679
6203
11047
25877
1814
19369
35
30105
4636
7459
1574
67
17518
24287
10511
24809
17296
15187
23392
23220
4487
28676
5760
12269
32396
31306
9197
19468
5046
2097
4434
9572
12225
20471
20319
20017
23707
286
4236
17460
2891
21381
25515
20728
30036
16655
4417
14911
29226
26490
9719
26847
12049
30565
2170
23643
14758
16797
4476
31972
16676
10965
764
467
22818
24280
1591
10505
3992
16999
23339
18682
22153
12104
2797
29725
25605
17571
31457
11925
9016
16655
20804
12314
15744
8122
10357
20370
23869
787
30282
22112
4693
13006
19058
25593
2816
14902
6499
17084
23994
7970
24121
21532
3828
3656
22118
31835
26714
8578
12268
9923
6864
18295
12752
2936
3043
28720
3116
326
27796
18720
15103
8715
12602
17774
13964
54
25063
13321
6399
15061
20540
4452
2708
31953
28685
17901
20859
27824
7626
7749
27969
31024
2901
3859
6701
26164
19995
21797
20351
22218
7813
21002
4432
21697
20630
22793
23632
5737
13539
11785
31512
10271
16292
31237
4420
15303
13498
3559
31906
28002
17175
20649
31060
3548
9839
26662
32476
19543
16497
20744
14669
30896
31536
32703
3985
29933
19167
26174
2763
19902
26348
21945
10765
15593
24077
31907
4043
22550
30237
6956
26456
20145
15424
9045
15877
19734
22853
20836
7736
23487
12382
11576
2904
19632
847
4049
8530
7892
25012
15064
31967
2583
11592
25771
14169
14473
25523
18403
9246
5378
15417
12845
16285
8828
22519
19058
20235
17328
25612
23893
3015
396
29469
12355
10133
29195
32091
4665
724
15946
13219
30207
32710
10995
31786
3835
16992
4816
15155
27547
26921
14196
26149
4528
2703
14127
31771
25987
15832
31426
3025
29419
1950
16462
17374
1566
14539
12591
12960
21338
29683
10539
26791
8092
29167
3568
9576
19472
21066
23375
4681
14847
15116
26187
6517
798
973
23028
3117
11021
10848
539
2690
23814
21380
11783
4497
6607
1796
14648
1647
16593
12171
2309
9976
22
459
21603
16838
6849
32588
587
30751
25149
7556
25327
21942
27371
27471
865
571
16542
18815
4712
30914
12165
24379
21900
4729
22725
9711
4743
30235
23505
1929
24085
7566
10121
28883
7318
11287
16852
3992
19094
28711
32483
7666
2014
28626
18338
6504
17977
24599
12734
4448
4128
18031
30916
28678
25119
19766
26766
4996
26272
12401
2226
15831
30702
2272
26386
22185
11766
30525
21417
25878
7369
10155
29210
15002
16820
9117
30433
29825
1216
9191
6379
18594
3099
23084
8469
23693
22393
6374
17619
8302
18845
14866
16124
8329
13654
3117
24358
20371
17017
10822
16231
10002
23553
17499
30487
24633
1077
19504
31598
18868
16280
22700
9287
5488
4359
4183
5377
8579
2667
9218
25974
11733
29619
24282
13096
22272
2524
11814
8848
18921
8077
9284
12318
29299
13574
7849
25406
24111
21728
5088
4309
17592
7170
8580
5778
14395
22608
20582
14382
32419
22348
11012
31481
29045
5431
27646
21243
6524
32019
21567
7059
25205
16599
13153
26404
31241
21763
12376
6405
18364
7591
6613
4815
29422
21599
5329
29816
23934
30818
19728
12696
4283
12039
15102
27332
12487
28515
29240
13653
8984
17081
31396
27493
28665
32158
4610
27257
11000
5794
16090
29066
2732
29700
21973
3074
377
10989
2354
19627
29725
6339
26196
30131
20025
31557
11100
30572
20249
17391
26482
2007
17735
27680
26047
29821
28895
27284
1166
9604
18214
30188
21263
7220
8860
17598
21033
21201
31549
17241
24497
16166
26372
2314
15303
1332
1441
31263
25906
7053
6884
13336
14982
25199
23403
17165
29065
25139
32719
1116
17308
20010
28724
28612
2567
22758
31292
6950
15177
29125
3165
30597
28779
18485
18297
4026
10060
24397
31421
32246
25337
14581
24938
9485
7741
18342
18516
14931
4292
19727
23641
15293
6922
19234
30611
21842
19637
13373
13740
1425
19538
4008
176
25083
18233
2092
5879
21320
19008
31636
30860
30418
4813
21950
19034
16528
28221
1176
13156
17201
19682
6250
9111
1150
32402
29210
6842
24647
14502
2598
5211
27877
19345
1107
30397
30810
9905
22130
10042
9788
8797
14025
21036
28226
16256
9618
20715
3511
11593
13986
10132
14965
23982
5418
17100
16482
26065
32652
4796
18007
9621
3273
12797
6053
14626
5094
16505
27926
25814
30695
25107
6745
10529
17457
6655
15042
29793
22272
26434
26711
24069
8118
9018
24228
31968
25000
12684
29245
10022
6627
30516
6908
23449
9931
25151
13860
13609
15371
30594
25880
15113
27067
2670
17765
11151
673
32512
14922
24943
10360
17450
13173
25719
3847
15079
715
21301
19950
19900
17744
12833
28371
23539
7279
24352
20523
1137
24364
13422
22379
18106
20648
7107
30438
19266
15582
23779
13897
14318
18284
17178
30008
6870
6285
25791
26403
21943
27657
13879
1907
28877
13514
18159
7157
27238
7251
30978
16514
30614
12365
23025
13660
22047
16205
23607
5238
19326
30761
16996
11684
23591
16700
31897
21595
23305
5298
7612
114
25575
32096
6485
14529
3339
3600
3721
32656
28845
27278
7080
28976
9149
20995
10244
6283
23422
6343
32135
18872
27733
3374
28476
12462
3895
13423
12361
30904
601
2159
30535
15622
5687
6620
1488
23359
20688
24992
5652
29900
28174
14004
12853
11891
22402
24842
19503
11720
23171
9468
19537
22291
3697
29858
23660
19201
21289
24983
20421
26917
27394
31074
2464
11900
26829
889
29441
20115
26233
4679
11073
28411
24361
27625
15483
1088
11311
3356
15210
11157
11851
12223
16112
14371
14989
3723
7739
18788
10768
24974
4891
29658
95
28061
10625
22900
20193
17969
19703
11429
26443
23608
18087
190
2501
50
9078
14821
11933
7244
25489
7127
29646
4284
12711
5458
25067
23341
10459
20168
32759
2536
14031
24206
25325
3273
12199
21431
30829
15228
25268
31103
18491
19809
7197
8662
20633
27853
11761
29645
21001
27579
5471
354
27658
1664
14944
30421
24538
31028
26484
4535
20809
4505
3944
12636
15792
23285
23502
4106
110
20792
9961
18032
19215
13466
17341
29857
25219
25755
7394
2918
24067
27726
27758
15616
10592
460
22398
20432
31246
30084
31581
28363
6018
27175
2731
23335
24320
16411
16405
8554
12776
13178
26193
20076
3052
7669
25281
26685
26846
23957
25219
8773
11098
3751
25852
25169
24027
32548
29043
6804
29927
19393
7283
22114
8891
3986
24814
17129
27653
17528
14771
6069
11032
2107
10910
30693
29297
25243
20658
7114
19321
31291
27920
1494
14043
7230
13570
17679
30223
638
21358
1271
20269
21022
6117
32453
25077
30341
28058
29662
15185
22964
868
21889
4349
22878
19598
23868
23158
16103
32609
4476
9588
16854
32000
7614
29416
25245
10833
6072
12444
27541
30456
14668
22555
11113
30652
181
11442
30937
10664
7820
18980
6523
3532
28998
20359
30578
19479
28931
4169
2767
16742
23757
28662
12689
21096
28717
28866
7294
23376
626
12864
12941
14451
19017
30551
6694
1643
3223
23371
30614
3320
17895
21310
22008
1718
5160
24537
8765
26608
23854
5366
28354
7423
29727
16037
32493
20071
19053
10677
20227
31600
18050
13912
30538
3521
32757
11991
12114
30919
29319
25625
24104
2724
31646
869
16988
28843
13418
6371
11675
24696
31901
23975
737
22695
17024
23256
10252
29415
21023
4782
18375
28895
25997
26449
1608
7709
14340
5106
23635
29044
3430
13331
28962
12481
8521
29314
25374
19969
12599
5418
10000
30033
22594
17407
22389
20863
31139
13094
566
28721
21502
27580
9051
24004
3509
29921
844
5391
17890
5746
28871
10237
23211
1703
23208
4871
29234
19900
17707
3137
32753
5076
3654
365
14391
22937
6967
23707
27150
29550
26899
5006
2815
6202
12392
13102
2628
7898
3007
22100
17115
32242
26531
29779
7389
26569
12737
16182
20561
11374
1325
20006
12393
6376
21022
16319
20516
11429
7102
17244
7401
10297
6612
3079
4766
17685
8145
854
2838
22233
3385
17856
15731
21146
10987
1052
15689
21058
18187
7465
18665
18160
22350
3121
11672
23180
14670
12411
9627
12535
19118
20854
28813
12789
10452
7511
15744
18260
23162
29674
1404
7788
13911
24490
2914
11267
11395
8835
2582
16999
27237
5352
19085
10656
2976
19478
22445
17770
21342
6438
19514
27096
8471
25804
4530
22521
27745
29388
29660
9753
25809
31855
32376
12001
17187
30993
3604
12827
17208
9724
19031
19252
28731
16902
8646
10111
22922
20653
1998
22318
26342
9911
4336
5850
15178
16430
21428
4174
24651
29398
246
23523
15814
1407
19054
26874
15370
29494
15018
5818
15440
6143
14894
16933
31679
4052
2630
7784
26572
29868
32209
22943
31093
8757
1097
31678
9022
31839
233
22897
17209
16676
18023
31892
22282
32106
17365
804
13757
11425
21521
22717
26214
5705
10891
30702
17929
20775
10771
9381
9187
1232
29024
8033
19634
13547
12513
19031
7221
13579
27497
31271
12624
25474
1124
7061
3979
26939
31414
8630
66
20770
14076
5040
11685
23866
30610
14075
30757
22239
17822
5209
27999
8819
15272
30222
17733
30496
28780
14017
23234
31774
17355
18695
27738
18228
18608
8341
24040
12071
32677
206
32684
9387
6190
25743
16363
20349
22557
13290
27861
5278
26029
19083
21939
27970
28750
5480
5054
12122
14222
18499
32056
17526
16768
32064
18228
31399
14070
19285
16409
23160
10151
7736
23944
6276
4670
21687
5281
28903
16894
2976
27771
18836
29937
12121
3350
21185
20309
17326
5535
16946
19174
14853
29663
18388
16039
25774
15850
7264
22382
10960
3989
32568
17554
10386
13628
23291
28360
32423
2375
16584
29088
8358
25287
9125
14322
31974
12862
8514
8870
25714
16637
8279
25206
21620
26439
2466
10201
15937
22336
23849
20737
7035
16338
13426
20509
16968
23472
9024
29224
10295
12884
19415
28769
15396
22932
15993
5214
8980
15662
10062
2166
18488
846
30698
25557
32076
27148
10293
17350
17007
10720
31593
1608
24020
19365
10751
11552
31047
23666
659
26108
11242
6213
5459
3664
26974
32042
13010
18235
22523
13212
17876
4710
10638
6937
10365
11909
10459
30714
23305
2693
3344
30266
18344
32270
14585
19081
4787
17590
472
16090
27276
3127
9263
19787
16144
29142
11899
2007
3624
31259
4751
22753
20579
10253
22144
5803
6163
4557
27349
26187
9078
6751
20042
27054
29655
31818
29257
22471
21246
12029
20294
5973
29223
4648
6606
1598
28030
1730
17544
4895
16700
16123
9320
30638
9685
28449
3269
23242
17909
25808
27657
14596
10856
12857
18576
13602
32447
23293
4296
12061
372
5182
10831
7215
29462
2199
20965
21087
3870
20232
25671
16081
10730
29852
3209
25766
1895
1325
5306
6483
22010
20559
4311
13800
21625
22627
3669
26096
25800
19686
8098
6315
5859
23488
30988
11185
153
26746
11377
27693
2410
26363
22053
20925
13021
3623
5220
24132
2135
15687
24414
2425
8129
2546
6866
15873
9433
25722
28551
8862
31798
7476
15913
18718
29361
23749
11015
28906
31812
2277
18636
31482
1105
18760
15519
20652
14512
11093
19810
5094
29189
9643
2160
11612
11213
32165
24582
4950
23285
24351
272
8432
9563
29122
32317
27476
7739
9405
28911
18829
9732
22745
20049
20960
4934
28505
3415
32339
8979
10885
7438
28514
32238
28515
19008
3803
7143
18242
13516
17695
14476
1164
9029
27278
16212
15151
20543
13411
484
11193
8303
16556
12016
4691
24285
21749
30087
7967
24008
15125
28082
25054
32629
15689
4217
25049
9005
8837
11202
16122
15154
27127
10302
31536
17357
20756
657
7705
13886
19910
20246
25821
22969
13659
14777
5770
840
4630
8441
24521
28922
14804
3169
16386
18283
6110
1313
2266
25316
6940
25807
31396
28018
10500
7601
13807
15553
7422
27034
26762
11367
10923
15280
24881
31162
5430
616
8957
10456
4766
26080
29903
6275
25815
18527
21598
1326
204
5259
25267
12270
575
31891
17901
8663
21236
13549
14284
19282
18857
20247
24766
18509
32553
21823
16744
16442
23730
7259
5388
4314
16520
3738
16165
993
29996
3673
21615
20042
22513
16098
18965
27931
10588
6352
18613
13241
7090
19320
437
21220
16979
1009
17243
29507
23823
23807
13259
29801
12833
13519
20248
16283
23261
28756
27843
29498
29388
20630
22988
17031
9184
4790
11487
23153
22436
29891
26397
27819
32736
31383
23228
26362
29848
14174
30818
1304
14060
23228
1560
18737
27306
26590
14702
8630
30603
17085
19595
30265
3673
28754
14586
20090
530
21168
11196
17102
15151
20744
18020
15539
16353
10248
8760
11930
7183
2228
14160
32258
26063
8881
30722
30325
22950
7061
4140
24656
18143
11253
10181
9195
9319
15567
18488
21639
24173
23766
5180
19094
28336
26659
103
11198
14155
14344
9691
15226
16717
20000
654
25988
10050
29801
18092
30891
182
18175
6388
13095
16842
24555
15471
31227
9436
31109
19452
28281
31045
21893
12470
15106
28844
8110
30040
27144
11016
10998
10613
14623
28051
29573
21477
27509
11799
25792
26651
3522
16306
12268
2603
4827
9848
5709
5748
20736
8541
23340
11664
5324
7835
27242
27984
5994
16046
18390
5878
20636
22725
19117
11317
7927
15847
20347
28525
8787
16579
32004
12670
15414
18263
13638
10596
21643
17078
14928
15839
30238
19571
28687
12583
17466
9352
7109
15095
4580
18377
1314
18218
4475
5413
16883
2317
5822
26844
15977
19397
31657
28237
8968
18497
3173
8237
14750
30209
30545
23325
12302
6303
8438
12042
14412
20366
5301
22556
15831
19584
17541
14953
30491
14912
22763
323
22388
21083
31333
20465
17277
2411
2405
590
8021
3273
31610
2820
29453
30380
26755
28572
32113
10409
14364
13128
24609
7305
191
26730
20872
3077
29857
27892
2318
2198
13438
12412
13731
26222
17013
24184
27961
1009
15702
871
22721
6183
6899
28590
7947
3866
697
4751
1244
12718
29466
30528
31004
25306
29757
3962
20213
10598
28460
18379
6780
27133
3426
13124
10610
850
11009
21074
13634
12615
12609
22465
12762
18281
3770
9997
14834
14896
24703
15908
13234
31493
6581
1489
23568
7552
19778
20814
11957
6443
24668
21434
25051
32020
4150
17591
14495
1645
26378
1780
17966
12183
28869
27550
14640
13418
8796
7301
7617
3913
26290
22514
25843
30352
25764
600
24817
3076
21579
22245
20162
21895
12532
12492
11726
30017
23020
13258
18692
24713
1853
766
6376
6268
5698
32458
31800
14294
24498
25913
8255
3642
18473
23472
3194
28523
11889
30330
3597
25651
3179
2947
1999
8716
27290
7653
25590
30650
687
8065
31185
19893
31473
8646
22229
13524
8536
29607
17292
26374
2327
13257
13624
10088
28736
20445
15787
16537
11841
29207
21434
20972
9878
32660
18192
12794
28314
18454
11248
24691
27734
5673
14480
18166
809
32609
25529
6231
22157
10043
23373
3290
15708
2513
18280
19585
27123
21468
28217
8292
12403
18128
16585
23106
10503
24928
17050
29458
23764
20644
31530
22204
27715
2140
2684
29965
5443
17493
11072
23504
9619
5151
28717
30355
6593
8842
30296
9932
12204
28773
11880
400
13511
18437
2511
26722
32548
19857
8103
27847
24504
23083
21556
10820
25918
14185
26895
15350
30959
9471
19666
32385
23886
24699
24549
20278
25794
5830
20669
2077
6383
19104
20531
27868
10590
16551
10981
12408
18466
27082
12101
2261
46
21804
30063
20215
12833
5056
5696
23286
20564
32099
20291
18411
13523
26664
308
2390
19183
14587
29881
16182
29312
30793
28708
21900
27197
20947
7706
27713
3309
4542
16416
21621
32338
4654
24674
12312
15309
4724
21002
8824
8893
14477
23297
5855
8458
13671
32752
14855
10693
3879
25509
5372
21773
32548
20884
14394
17069
9926
29788
4930
762
3913
22378
5634
10188
2259
3521
27725
26977
10661
31709
10672
12851
28625
28440
11580
9577
19259
30576
480
2211
24590
3737
24424
30086
4270
31094
13181
2525
32101
9751
25787
20388
30028
32491
12625
26009
15321
18810
26133
22270
23965
23609
9066
15279
6844
7118
18013
28215
7987
14125
32688
3320
8303
2583
24887
234
11542
3010
11027
29636
8083
31377
24671
7316
5829
12765
22779
22475
6938
21833
26927
11157
1083
24197
32578
17302
4687
24991
21988
21079
32098
16272
4768
14593
15117
18253
24990
19633
26385
2641
2727
29126
26265
27173
26801
9150
31454
9983
20583
28845
26470
10224
16359
15544
15457
14368
8793
20020
16269
32502
28630
30791
1646
27069
12601
8995
2875
11087
12129
11753
31915
13886
27187
1319
11509
2107
24435
28659
5534
30037
13333
18153
850
1637
10780
27846
31018
4356
6853
10196
12517
23821
17774
21157
652
20228
5161
11203
26094
25424
11369
4512
30435
9431
12250
17151
10684
15369
4390
26950
15946
6149
14623
28610
2162
4289
23339
32274
32406
3915
11821
27249
19886
28622
4397
30803
31142
22843
19736
3738
1445
32282
27224
13432
6158
22803
31663
690
2476
10828
9790
6302
18745
7430
15126
23646
13
31358
26979
6062
77
10665
5175
6086
1201
17964
21367
8082
12636
21453
13541
23506
31573
8067
27098
11939
26654
19182
26407
28438
17083
22518
2573
18801
207
2129
15124
557
17777
12895
25404
13888
24793
11166
1151
19098
6930
16317
14378
20261
1754
14873
22513
25654
17118
10355
3543
12926
31050
19007
28038
4202
7597
30461
4123
31549
921
463
30918
25887
32342
5646
20436
12313
1228
14306
4777
31510
28118
20724
17027
4602
24346
7983
11228
26430
10141
29600
31788
25749
26347
10144
30320
28650
11756
10888
20607
16972
26601
31808
13345
17259
24795
21779
16924
2962
15811
18963
8975
30841
4572
1978
5920
31843
26344
25887
7301
25197
9467
25105
25252
22539
6078
26457
11136
27652
27772
16635
5379
2638
71
29636
11250
10338
15694
7949
6902
31030
19460
4820
15443
3312
23973
11597
4856
28148
10101
1713
31847
25954
14619
4825
13210
24036
31973
28582
31193
19947
4384
20556
24345
19257
29379
29496
30422
26882
6032
17794
2355
3839
14197
4118
13446
29124
14578
23672
25640
19302
29917
32654
32628
12166
16693
13877
2372
11295
24046
5190
60
22441
12529
23780
11062
18795
2579
15509
18104
24272
6868
815
9639
16109
27019
1635
1153
13763
27667
21106
30824
27025
30703
14235
20651
21289
30276
30814
2733
17775
16013
29330
19072
29489
13002
641
16814
31431
14949
9787
31740
5116
21634
26041
16967
24177
6439
4936
15105
28965
12633
11096
8971
3361
9895
4550
5819
1236
17460
2933
10183
1315
14320
29958
25586
19878
25308
21184
24995
32317
30679
26166
21116
28075
31413
28923
26140
8235
11674
22040
32117
30881
7588
22414
3909
29060
25691
13005
8176
1370
13874
29982
24431
827
24930
15902
29362
26935
5505
2586
26203
17937
15866
26405
19291
19191
15070
18157
13674
28171
8432
17948
8490
3978
5684
6869
9070
17929
21474
2140
15024
10113
4689
11695
8972
19564
3832
12251
30693
22684
31441
8514
12831
9108
5684
27352
29318
29126
16769
8869
8379
27906
9773
23285
28635
218
6017
7969
27552
11649
6268
13578
12847
29899
21434
4207
26293
15430
16611
28074
30905
5175
2988
1832
25785
16237
13193
17776
2806
23800
28507
31111
11405
18479
10875
19417
2618
11942
14581
26075
11683
27012
26833
21905
23289
8463
22492
28699
3005
22816
3495
22424
4276
12824
7394
24394
5884
17065
32429
26910
13032
29375
2541
18851
3523
18712
276
2653
1461
20438
1024
29259
9654
14945
4999
25021
31564
7222
15936
18401
25137
31874
7137
26055
23722
8921
1091
16749
1764
25592
28242
19082
9404
21113
21754
12842
5583
7523
30924
30131
14978
6188
2574
21427
21642
9237
7283
2957
21087
21957
2334
1261
24644
4245
17951
12318
6558
15175
15112
14735
14463
28415
12527
13997
2987
28854
31845
3571
3155
6682
13631
28023
13898
23879
14882
23813
26968
520
17349
12337
30660
7471
13796
6587
19588
30220
10495
25991
25671
15008
10014
277
21139
11740
21794
17398
16929
19255
27477
596
29664
4722
19762
14521
26770
6961
5532
24877
27930
23936
18632
5261
5657
26278
15897
4824
2261
14392
14571
31590
6787
3542
20307
23512
23021
20847
13943
5394
14353
32447
12537
28627
27771
18381
31923
22344
20847
18795
23941
24091
16882
24221
7952
27111
11436
25322
1134
8934
8488
32717
8825
1988
27703
30661
30470
24069
29419
23054
17054
20222
31451
24409
23588
7462
9714
2272
14039
26613
21059
7651
16988
18026
26949
25565
29681
8265
9026
9793
19481
28704
10417
27405
23426
5148
6506
14928
588
3882
20794
11648
29928
29337
16400
14776
20919
16977
30193
17571
3011
8778
11874
31928
13141
3756
22762
21497
6578
11165
17990
5909
8392
21578
26552
20683
22371
22731
5004
28999
14106
15981
2655
28369
6426
27990
22709
32537
22955
21769
8892
27176
11678
7781
7038
12237
7869
22606
10156
3767
7093
24897
11064
1292
15387
22869
31272
6408
19552
9169
2665
16394
6394
28114
19063
18031
32532
7514
2725
23971
4113
13800
3078
19910
23643
10115
18037
13487
31151
26806
6054
24154
25523
22267
4536
29348
966
8344
4486
24305
25847
23289
6422
2568
5214
26765
551
2203
31899
6599
1401
12533
17534
9215
17500
22603
32763
28497
24144
26850
4065
203
13691
9188
27077
15430
5077
24295
13514
15351
19978
8981
4600
29663
21522
15927
27649
25263
28995
7136
13922
8268
24316
11351
5476
17959
2092
14345
24263
31572
28669
17578
26540
3334
17955
8999
18970
28000
24239
27524
17492
10963
18355
31418
27892
22958
32748
27263
15082
16471
17157
10138
12946
16279
29681
10647
22463
18965
887
5854
23914
29200
30553
17399
16277
32054
21141
22393
24783
7921
1851
5319
24776
6021
21395
24587
19404
14047
28441
4231
2404
16948
21133
10957
5585
5657
11736
4183
14084
25875
22092
12435
23675
8
31537
16206
754
8339
14404
23274
3554
1345
18188
1988
25214
32399
14831
11614
12
9281
11070
1247
30245
29991
19659
14563
12818
20912
10586
11369
27273
11892
32034
2086
5117
25094
19860
14137
30536
12050
6366
11406
16230
22313
5431
5422
6553
26226
30774
11663
21200
15223
20620
2559
12006
16615
3514
31314
18148
1941
27954
9218
27254
10025
24565
8144
5926
29078
1099
30023
26
11347
22123
30005
27359
20364
1998
3760
5127
15952
20954
9357
22494
16052
32284
27502
30909
30263
16427
26509
28005
31688
23082
17744
9055
17065
29885
26993
28326
2560
12527
19896
21386
4571
27462
32458
27333
19402
3114
26788
7556
23245
15356
16842
4165
25897
16013
21382
2214
4046
2078
8079
16496
21806
6658
7495
24537
20031
16128
30208
29218
23301
26108
14437
18463
22592
6712
22579
23687
5453
20761
29182
693
12227
13836
11658
3931
2894
30229
775
27857
23337
154
19784
21655
5951
4340
27623
27897
32467
16332
32409
30208
16279
13969
19710
14112
2372
8712
30274
6030
21769
19190
25866
12651
11712
25916
20177
11949
20413
27793
28834
28217
28237
2773
12116
21368
13834
23088
11347
28091
10221
7546
27577
12959
26591
4493
16280
28508
30703
19668
12934
10928
20315
12280
25639
1083
11922
30186
24402
17163
4167
5854
18521
32035
25614
4276
8282
20999
19571
32300
32424
3567
563
30074
20728
4837
8772
7794
18641
4392
12822
9938
10664
23576
15221
4329
26553
2223
16359
6834
20668
26470
21786
21083
8665
7248
2740
24024
13166
22484
5363
5071
13236
15853
22306
21907
19837
6636
2602
31417
13284
24422
16288
1707
11212
28917
23030
12864
14871
1506
8919
21120
28550
32140
5831
29670
12544
7882
20410
11677
3772
26445
4806
13077
5181
13354
18342
32538
5840
14092
16263
11310
18671
25951
684
21350
27994
6374
18074
31377
26087
17905
20997
25331
119
29861
23787
19272
27624
16985
13929
9173
27330
4568
27795
15804
25215
29713
17539
4101
29208
21594
4127
17712
5404
28607
6523
28854
14932
31014
2283
31698
23242
17962
31580
7750
28112
10099
22071
26265
17581
30080
1582
31400
3321
24302
22747
30541
19499
3399
21396
12112
30650
15991
1926
32541
9614
25439
17489
10208
299
2536
10920
27064
3766
30389
9673
30801
30426
19854
19136
31079
4386
31782
1710
22188
15048
30945
31606
25164
6508
15157
25216
27811
17267
1505
20352
4352
7909
5189
9097
25237
10014
9238
17161
25988
21136
29098
31924
14436
1691
28743
20458
3035
229
17757
4192
1237
8840
12989
369
9506
18328
17462
26195
743
26645
13100
24081
30331
16941
18795
15705
12532
20251
9523
1213
13563
28431
30822
31510
12685
23819
10031
29499
8383
31374
10469
9180
18878
18889
25570
20684
4694
17601
23088
358
20888
24126
24501
31435
21515
29841
17567
19276
1055
17868
15350
19439
9847
19803
3247
25017
10747
1473
10605
30377
24565
22821
19627
8358
15808
13015
4176
1976
1100
18632
30779
13634
5563
12009
29193
10066
10265
9874
18060
14151
8911
8430
32177
7916
29508
12332
32261
2027
27731
2469
29719
19354
31627
8977
13422
9463
7213
2208
25232
18639
13942
6023
25338
15312
20055
13417
7436
25668
18275
15470
14566
18148
32422
5495
21731
30763
4608
9826
23703
10586
15292
25935
27913
13631
10786
17198
10993
21849
32413
28071
712
4168
10235
2568
32085
6973
25269
10985
17500
6842
13540
4424
12592
19883
27521
16309
6974
16302
24327
9252
11430
14126
15131
12225
23585
19881
17521
16107
23701
2638
13201
10853
17466
10217
29018
19552
19068
9078
25893
16136
336
4545
18829
31825
24057
20337
23566
23345
21316
1091
24148
17086
11221
25977
22956
5510
25298
6965
18968
19145
18681
19905
26555
6410
28202
13862
23736
16229
30453
3595
24491
23029
21145
30543
6669
666
26210
26527
21582
10512
23074
6867
29003
11335
2484
19697
29667
13053
24995
30616
9884
7700
4704
10689
1153
9725
24014
28225
11486
10029
6022
10774
32456
17185
29682
28877
9258
26608
16008
12184
23240
13115
6762
29759
26522
9687
29167
21170
12025
17085
10202
26168
29360
20799
7560
3198
7649
25481
661
4317
2915
21679
5757
17421
27312
4741
30846
1596
8207
14332
1629
25583
6424
17830
19925
330
29796
28768
17924
31742
21464
23008
19723
5525
22895
19864
8468
28480
14212
7541
28643
30020
21800
27032
9120
20227
2859
23355
17580
19651
13191
29750
26621
9985
4134
29511
10258
16113
12446
4424
3582
2319
29104
24753
21712
28798
13456
11538
6362
17507
24604
16955
216
24637
20998
10328
938
11649
25040
19044
22846
14017
29691
15277
6872
27339
26383
17647
12884
934
10346
10113
18372
26359
29931
30563
15971
21006
2334
29793
11966
15214
13706
3555
14967
8531
11930
26894
25051
18579
11954
1268
15683
3191
23484
28375
1791
28443
12818
31349
25686
18785
12787
25824
1088
6255
22254
23890
2548
10702
12645
16648
30669
24781
9156
2764
768
16826
13062
14974
28157
14251
29141
6894
30597
10520
31042
28540
26549
22167
13482
31003
23324
31969
27880
1637
12996
18727
26218
24683
5037
21805
7025
25470
13317
6315
25309
22981
27388
20533
24360
11759
13251
30043
1279
5678
10798
6188
13705
19503
8855
12581
29839
19040
946
14131
593
16920
31733
10224
32341
11988
4042
18708
10285
21605
22528
21004
12364
20267
4172
11578
13450
31144
9155
8424
15244
26795
9332
11363
24800
18361
27138
31872
15977
27957
2478
21132
23728
3499
18524
28108
11371
27839
2277
11138
24118
4595
30253
7996
3211
21315
32642
25843
27750
29844
24283
28730
29953
8085
7547
13245
10958
21913
6225
12337
9467
1761
32740
15591
3716
11716
17978
18740
9660
27230
19811
801
14078
24711
4732
21879
11432
26668
21747
4979
15612
31932
16132
16255
25399
4708
12649
4578
2419
28775
30950
7684
11812
25961
23386
32005
1783
13790
27682
4525
22175
7145
7866
30977
12079
15500
17913
9280
18651
7569
20304
11752
21759
8228
15127
3508
11801
578
20334
16232
7383
29575
16725
16113
29999
6082
5169
19212
881
20717
941
24886
7579
5690
31487
15341
31420
14384
16060
22000
11152
11007
647
4519
529
18159
9758
13721
22229
701
25911
31128
10671
6395
15971
23996
9336
21263
23265
21180
15223
27531
29344
6582
9686
17309
26670
12537
31895
17243
28660
11312
23188
4860
11473
28511
18692
4892
19446
3773
21198
1033
58
5661
3107
18669
7403
31232
1006
2765
28544
21227
11197
3484
1926
2058
32109
31479
2827
1460
23779
29438
14765
20410
9775
13645
5134
10724
17653
6299
13968
24450
2081
8523
3176
8927
29557
425
10837
8586
25979
23974
25316
17850
7928
10414
8678
8740
19110
1852
28110
31332
18315
11048
27418
32144
24398
21980
19100
4979
17833
12136
13155
29083
28566
16655
8843
5733
516
12678
25665
14531
31930
27244
26999
12309
23190
11216
24455
31818
24193
25917
4576
1321
4668
423
18596
23147
1756
29220
2191
1792
25565
9325
17309
18960
31610
26364
3567
28257
15968
17066
28360
12488
11275
30206
354
8095
12554
9655
12361
29963
25312
26625
96
9227
9844
6280
4661
13482
7416
29085
21375
9070
3671
4918
111
26214
17086
11203
14278
24738
22044
3955
22847
13886
25422
5140
12888
4608
30308
21319
26528
5429
28889
23367
32212
11160
3411
22886
4325
5225
17105
12067
7862
25970
30675
19455
12045
4366
16952
19039
2189
8972
24524
22562
6943
20016
7634
22110
3552
26634
12876
16443
19022
2391
20070
5967
21597
15288
32105
32747
27869
31336
5952
13456
13236
30907
12103
17005
28638
28463
16629
30996
29657
12140
26697
13799
27866
31650
23102
5879
14899
17890
28572
10857
9156
7319
12095
30694
7522
6717
11871
20834
16227
12961
13436
25519
7855
18559
25542
16348
5435
13341
25772
7632
17585
15580
6438
30996
2457
2215
13876
17329
6370
26073
17578
27690
28310
15166
31452
24571
3404
17898
8681
9499
27463
11245
5003
27884
28058
10814
29098
29376
12760
499
17578
5003
24848
13678
8248
2272
25849
13370
21181
10716
19259
30966
32528
24344
11250
14504
2879
30195
17842
12461
3270
5707
13287
28081
6732
16996
4861
11264
10122
18948
18027
6413
809
18190
1495
7760
11895
30963
19497
3726
11063
16605
17027
2951
25881
18468
29237
20348
4085
15895
7326
29060
25701
23741
2600
12638
13647
24625
9995
7422
24728
679
28567
29897
32141
12148
15682
26438
16989
5264
5206
10908
4117
13632
16099
3076
3446
10636
12321
26295
28723
19511
19853
3122
30476
1723
26732
13937
27491
3802
10524
25520
20747
14745
29373
17046
27236
8252
7860
6416
5696
908
32230
2196
8006
29982
7046
25150
6268
29346
21615
25477
2246
11908
27364
28369
2430
25031
29544
3751
3199
7996
5953
32554
18851
22454
16567
24548
15023
4491
2104
14399
29863
27062
10055
13869
26283
6434
31828
15958
10773
14362
27784
20100
19185
10224
23309
12023
32145
2365
2008
26581
25991
1837
5101
18881
3991
2991
22247
29684
26679
31126
7122
24697
24568
10100
1344
6776
22637
31293
2674
12343
9848
10313
21461
28409
29096
29245
11803
29313
2659
6117
17279
19195
17220
12447
13957
439
800
23760
8153
21084
31182
2152
22476
22257
23366
18078
19714
9346
15413
17547
10326
17621
14536
27269
16155
11678
9827
20355
23941
643
5485
30341
20584
8203
1905
19610
32096
949
28271
8707
22503
21171
27589
30028
28008
26747
18063
24637
22293
4206
4390
5107
1390
16329
24725
6484
29867
16758
500
12480
28405
17834
13974
5241
27066
13223
10520
27230
9323
10325
26887
7897
10033
15921
5867
16384
32624
4917
19361
16834
9078
30877
19491
26264
21856
1528
15672
28196
27286
15872
6567
24042
14699
3443
16790
1708
31886
8917
28274
55
20977
25880
3710
24479
11611
17434
16661
16407
6984
6929
1229
3398
24752
31354
27053
9776
15309
17697
28896
13495
3483
4685
3931
19532
7403
2807
13332
985
8261
10480
47
4350
13362
29675
26589
1183
16339
25303
27140
32743
18333
279
18657
11376
23236
32352
8751
14257
8644
19409
2573
11757
31052
15474
28113
18667
10822
26481
1151
23173
20599
21955
27590
12590
3251
17696
8680
2400
7445
18097
29465
2627
32124
22297
6803
6895
21269
408
28042
23598
13344
6003
8753
15493
26262
6341
19573
23528
29015
14140
32563
8814
23481
24625
3314
27880
17337
4594
20453
27032
134
4718
14953
13405
29983
26707
31882
13927
9821
7232
2033
17200
4100
13494
4351
11076
27446
2042
23328
24403
20228
410
26301
19505
28791
19686
11679
22640
21986
19367
75
29753
29186
15846
11150
13151
13780
15601
31781
13287
24831
10936
22402
17952
28673
10481
11018
32690
4255
20144
25079
23172
14163
31866
26693
12138
27806
28623
8806
24057
15155
15563
13294
31485
19831
20576
26970
12410
686
26129
25611
18333
17864
32037
27099
11567
4093
9578
32433
19160
15995
7002
16394
11883
5768
7935
32344
13868
14404
13120
18920
576
7007
16709
11557
30327
8704
2556
4458
8186
13425
15415
32564
5906
7346
19550
30929
11221
5844
20544
4682
18558
24660
9752
8013
10624
25786
31572
19490
30843
18953
2406
21761
7353
777
11841
19133
2079
26157
24797
15851
29595
904
8998
6264
10111
13127
484
27714
31752
31486
28966
29759
23122
1668
22014
8897
5524
23399
14167
25896
23680
4063
27679
22451
10895
1423
9429
30778
24994
15417
29481
16524
6805
27963
24880
8693
4394
11938
28776
15933
24232
30641
30802
3029
9631
7404
19560
16761
16463
21217
19106
107
32370
19515
31605
14005
5255
22957
8645
17820
23596
30789
24172
31629
18547
30505
19845
28604
11922
10649
30292
22924
22626
5597
17120
17673
1127
2291
22762
10451
16332
17634
6848
31918
27794
9849
29648
14562
18639
2013
6537
27537
9632
10732
20710
16459
12411
3989
28695
23895
22347
30892
10687
26188
18665
5808
16320
32529
23226
12904
32091
8646
27895
19294
702
26248
22144
3650
32084
26750
27505
14886
28845
12177
10387
23601
6673
2721
2418
3304
16923
8952
18102
11133
12509
23927
27274
5876
13529
22511
9672
4845
243
31240
22863
20220
26424
250
1276
22144
7166
30415
3135
20197
27794
32405
17275
18022
579
573
16763
27157
17956
487
5045
3844
14510
5679
23430
683
19086
17855
20176
6971
20218
14751
28544
16253
6850
18619
32330
2330
8756
26141
13481
20671
12845
16868
12438
21063
23371
5074
27968
20313
7742
24246
299
13986
12393
3933
13625
28301
17990
12972
26127
12137
32201
11396
51
20538
21592
11197
11549
28883
16406
5752
14932
8485
1877
17392
26520
7496
4579
29697
11885
18555
7641
27625
24283
20363
13747
16113
11992
19721
2332
15280
10131
29075
3368
27683
6875
26708
17213
13363
7537
8989
4875
8912
10618
5578
22799
1754
10206
2705
17324
14843
22806
11424
3655
18070
2561
26595
13799
13169
2791
31101
16099
13025
23855
1958
15032
4648
22774
13381
18930
27432
26402
18620
31109
20786
27755
5673
13188
14812
9779
28092
27123
16353
26055
7541
11634
16109
5117
3660
24610
30291
24426
11800
18752
23988
7476
18667
23389
12458
31124
3428
17383
2978
13437
25923
19764
25770
31853
14083
21869
31020
5762
31207
7154
2967
9364
8536
7754
30579
30353
23807
16329
7699
8136
16919
15487
22745
24343
24584
6257
23276
17046
4324
30397
29823
12109
19321
3095
10392
31823
15469
21100
12180
21122
24178
15132
10563
15723
29452
27439
15789
27105
17203
21943
6523
22464
15124
24109
11286
182
21367
8483
15413
2119
25377
11004
11877
24618
21139
9802
18325
8819
3035
30931
8295
17403
4636
13328
22159
3528
32547
12712
31686
18745
3694
17401
26706
229
8236
16019
21482
3987
27730
3772
1787
3539
22260
16816
30199
27799
23379
15801
17
20248
5779
9417
16839
31535
17327
3435
20425
7693
11738
30137
16844
18824
31737
32033
7186
31514
6183
24619
9201
28437
16394
20833
8984
30410
5454
5192
17893
32165
14675
24987
29175
16941
11847
29931
3937
9751
12799
24932
32097
25596
17404
16521
22179
22172
9740
5957
29839
30207
7518
3666
22188
825
4863
23875
23018
27272
8096
7054
13395
13392
5452
181
8768
4634
11797
21466
15506
25294
14656
31831
31292
29108
10579
16542
13920
8314
26488
3111
9828
4059
6772
7074
10676
2733
3457
4469
13663
15331
6092
31358
15168
9279
31411
4891
7163
9430
9294
28720
3216
23442
14416
26566
17707
23909
12804
19381
16670
18300
11140
3045
29693
8929
26228
5487
30778
24709
22400
15625
23573
28184
26985
24608
13625
15272
31094
28071
31340
6142
30267
12860
32662
739
3564
3497
21864
667
32356
305
29092
10582
18642
29751
25891
23252
10340
19459
4249
7104
11231
12796
10101
16178
6731
18676
8822
11068
6340
26142
2769
15182
29580
28436
4998
30989
775
22038
30466
26844
11691
3100
21156
27969
19604
20411
32541
20879
7279
2321
24132
23390
10700
202
10230
15691
26147
29374
1895
8423
9195
11307
29910
9653
10351
7301
3847
13001
30531
3996
14522
15192
7149
6873
6078
21452
15786
20536
26245
14810
17702
18562
25597
11457
19448
16932
24542
1092
23251
16111
19627
13269
6984
22681
10368
9564
23786
15796
8184
6516
20813
27406
20820
11862
30942
13449
16714
12934
11054
3125
24689
19160
9078
22493
6566
8550
2029
31842
8391
4788
15681
20735
16095
16384
23636
26395
14200
21954
20632
7211
1171
30045
11842
17555
9120
8295
22445
16004
26688
17104
18513
8774
10592
10752
30741
28202
15417
30943
8913
9036
31583
30845
6853
30448
14123
3587
31108
22245
5214
18807
13269
3047
28647
32539
18768
7789
13127
25081
28505
5374
12363
27255
24796
7501
10037
16770
31986
16814
1161
11797
8159
3202
20997
32379
4163
23641
31078
633
23465
21273
25353
5661
9993
31374
4593
19856
20408
28563
16216
8024
3564
2596
28915
783
12099
617
12199
9134
14452
21678
13678
29632
22267
24706
19246
21655
1481
31542
4087
17100
13127
18154
31359
12264
12747
31849
29194
4240
5042
1747
9739
4674
29477
26281
27976
32305
12831
12449
17671
17748
31342
7619
19764
22122
10174
12429
32208
9801
12593
32238
18611
10213
29855
25897
464
14322
31746
8100
15811
14368
21566
7604
9477
15589
14770
28618
4527
30897
12073
2047
22982
8269
18378
21773
4587
28920
29027
14031
29107
22545
3731
23793
14585
11230
11036
30534
17887
22715
20604
5442
6645
5009
4526
26806
15248
29205
9467
29802
19645
693
20800
14993
26947
20887
14210
12033
21315
8649
28683
15790
7378
20928
8145
26117
9477
26333
19527
7009
6643
20487
29524
22160
25271
26369
12522
24526
32415
8424
3634
17020
22177
30506
28736
19127
27640
16879
30216
26767
2194
20719
14924
24152
1097
3851
6489
22073
84
31769
29864
3916
23398
9861
27301
15254
5922
12785
18557
17543
32645
23304
9594
9513
11477
22753
13737
18981
9196
20260
22695
31766
9031
1764
5577
32367
8644
9844
14409
26980
8466
19272
29571
5417
10670
1659
24330
19006
29950
21367
17670
56
11833
5719
5691
30757
25615
2900
13019
11864
4031
6238
12708
4257
25421
31651
20878
5469
16816
15325
11836
16071
13713
2964
29436
356
9577
24915
8120
1974
5616
16706
3076
13952
25669
22868
5396
31128
7344
16874
32045
23036
3034
20514
21844
22693
1808
6456
20141
994
17360
25503
12944
14356
16884
1493
16980
15149
7570
20722
29959
696
19162
3872
3543
2180
12104
1733
11647
2445
22517
724
2331
15547
5570
24390
13735
5200
18369
6203
10242
18456
19728
21563
10144
14661
23926
24064
1210
971
3141
4569
20763
20820
6542
18585
2915
4738
16782
26900
25677
21516
549
20999
5474
32481
2323
9695
27388
17113
453
18305
10707
17857
11032
9815
4390
25646
5152
22125
1601
10323
9744
32461
19540
22403
25145
14738
20743
24766
16
14937
8783
31749
12341
4367
20917
16914
29874
29097
13689
18325
1306
1633
30805
24162
7746
27331
2863
20000
2347
10914
12260
31677
6943
28835
14171
29347
19763
7265
17617
4592
3835
32063
7438
13154
23106
12499
19059
23880
20308
10266
29401
6209
8424
23090
2802
21126
12940
16634
18227
11011
32621
11676
26511
6030
648
8100
30381
3695
15595
4030
4425
2608
25311
20550
8088
17902
10597
14729
10643
27923
17310
11115
7842
30355
8147
7144
3747
15068
129
29202
23674
22998
17835
15618
17562
27661
18304
8496
21455
29050
1535
554
10269
14578
11903
24368
4260
1000
5369
17195
17916
17086
11626
25229
4299
22092
22771
1918
3855
22219
2081
19234
8843
23487
13805
9652
2162
21829
27652
2529
22687
9019
12556
32556
10491
28572
23371
6488
29777
15250
23189
22896
5902
7909
29823
17370
17203
23139
13169
729
23656
23907
18834
20429
14493
26158
11116
9685
12214
9935
13254
19869
18000
26626
11017
10540
2987
9500
23389
21001
2170
752
14374
31743
32700
1814
24443
16434
18897
31109
2044
1130
6028
29538
24
25865
2677
1407
26631
24071
18472
14992
6408
22019
17555
26372
15083
4439
14304
5402
20046
15905
24785
30524
13468
4062
3081
5742
29957
15507
15278
27231
27935
11109
25380
1482
31444
25125
19436
14287
1899
17067
5858
23763
22330
31641
12089
29744
27237
26816
1616
9405
28836
9535
26439
24657
7355
5522
31398
28718
17859
32153
25428
2172
11810
28510
21858
10535
29300
6363
32357
24863
3867
17899
24599
28091
29677
26681
19173
6204
8022
31088
27276
28859
8026
18331
10335
4877
5573
13002
15235
3577
32133
15108
14978
6879
5332
3148
10021
1900
16581
4610
6832
20411
30217
3719
16976
15763
3697
32432
26126
10089
12100
13225
12008
21891
22660
31294
15683
29631
8634
10153
30928
9173
21214
30328
2640
410
7022
19052
6963
3896
24457
12784
13466
11434
4222
13659
23124
30197
21285
6806
4544
5338
27634
220
19447
31637
7836
16789
24642
7049
14449
13171
23203
11165
21539
1928
30540
24869
16843
2318
494
5823
26563
10724
8455
26936
21101
4282
15855
11090
2433
18612
12917
13031
5006
7469
12235
31365
12169
13081
18255
28436
28152
30392
18460
6812
939
30500
5892
3221
16255
31283
14672
10243
13874
6114
21921
13163
21046
31321
23478
10607
6252
7241
1176
10877
12888
1656
6119
4415
2752
25337
10081
24962
13364
2704
11063
16405
19641
21707
4845
21532
3808
7140
16413
7562
28923
11650
2947
12589
12702
18119
11795
11023
16918
21967
28759
9001
10162
23210
31095
32228
25353
540
17689
12805
1871
26122
11586
28240
12233
19381
23411
21050
22054
23212
19766
25903
15911
13553
4612
6323
22517
26536
4571
22117
16686
1786
8401
19431
193
23413
23916
25571
16754
5034
19129
6442
28579
26604
6572
29779
26926
9348
29558
23265
13845
32730
23320
10482
15101
19009
14343
10
14108
32725
7754
11963
25576
14648
2927
25899
28925
26056
32095
29654
28168
1997
10437
6633
32621
14018
10359
19785
23034
6416
27634
17687
26167
2526
30511
24612
10100
2685
19927
30912
20037
12610
5994
28278
3665
8070
22596
1799
24802
23119
3038
13728
23594
22618
32557
31601
2231
22278
29579
22107
5632
23689
32501
24695
29197
688
7276
27951
16343
29200
27309
21370
18847
18010
7215
17900
8862
9848
15477
22098
16901
13628
17847
32286
2985
17577
22441
4708
20677
19652
12530
32218
14622
27848
5858
32487
20383
15574
31574
5388
28434
29414
105
26767
11979
2805
16116
6697
10123
7032
29754
16868
29525
13433
16397
25767
32029
31660
12795
2022
6067
19434
17723
24301
25945
29063
23015
2492
12983
31933
4751
23917
9860
2438
30683
16892
31190
17656
15146
25150
5121
9642
3515
3559
13110
21368
31709
12980
5276
25305
8153
32503
7027
4696
21707
19505
17247
16788
7281
28197
21317
28084
1993
14388
7326
29297
31026
31153
12948
11658
1745
18231
6808
32701
16501
28930
12707
20951
6523
14049
12151
7188
6
4700
16925
27687
12557
17681
19975
6423
5125
704
5744
8041
12125
478
17205
12051
14090
15241
15900
18629
11170
6832
25043
31126
22316
10668
29665
11218
2769
20610
1304
22485
22505
4006
32427
11539
30481
31427
4333
21407
29669
29635
3654
15436
24630
10580
22246
25341
4255
25179
32100
16530
15230
25696
22616
30123
24958
29554
10025
13877
19981
5028
28615
20079
20034
32519
14602
18898
9424
10104
10261
19214
21855
32433
28153
5092
515
776
15995
17637
29473
19708
27738
844
29717
2863
10134
13582
30851
25103
3580
18680
11243
17925
14787
32261
23841
3200
20597
17364
1043
27134
12223
23859
19829
16379
4286
24037
13325
27157
12630
19321
32105
20272
14583
15235
16492
11683
14117
20650
31276
8981
24281
19059
12782
11888
23835
27245
27233
13785
4479
5232
29400
28295
13650
7887
19098
13353
18580
12209
300
4076
21585
10829
4530
2655
4334
28922
21832
25287
8100
16064
15739
3114
28479
12041
13245
17563
27917
14383
32205
24963
15632
18255
2943
21242
20498
20167
20798
32314
24870
32381
29927
25693
21104
14694
7976
380
14692
23403
17439
29334
28181
2110
29393
8919
27281
7342
21676
7300
21550
15948
17190
25592
8651
28793
23720
22823
41
723
25948
10548
5256
16832
29802
7316
9880
14841
15443
18795
22451
21165
20446
9586
4459
2121
13559
1398
14377
27043
18923
10031
21715
1578
14099
12703
15153
32759
29381
1292
6419
22434
28458
12095
11706
20292
22767
19790
29158
13548
17291
18417
7118
11693
25253
23081
15967
1472
2025
32089
22528
11626
14979
5067
29514
752
26135
21844
4976
28347
2468
27532
19512
13467
18853
16275
24723
10159
17066
24621
747
18538
25092
31349
42
6390
26273
17797
26596
5782
24934
4195
24918
26048
29389
28158
4257
17134
24630
1316
17425
17462
1975
15000
30749
26598
25006
17846
2637
28338
31065
22644
2770
27217
5946
3489
14738
10493
21807
6322
21070
6621
28867
13141
13884
20610
12786
13554
13547
28146
21365
10496
14711
23767
24868
15782
12781
23638
11067
29211
21799
3445
10583
28577
13862
28399
19217
19636
26142
12557
30988
10296
1474
4139
4255
3554
3448
21585
20170
10166
13416
24513
18550
18532
26429
17838
24476
5633
21759
12756
6583
21985
14135
609
19300
7204
8656
12278
31383
15402
17263
19035
29200
32300
13622
32337
26517
11509
355
27143
7986
32139
29725
17071
16816
18115
4240
15423
5616
22901
25106
21192
10133
4185
24264
31273
1249
8202
26390
17899
7883
8707
7205
15888
24385
30774
16563
4952
2963
24769
29347
5160
458
10112
1526
4237
14813
989
31913
28415
8114
15319
26637
644
10139
12547
11354
23433
17707
180
22836
23216
29916
13524
32035
1305
21685
26027
12446
20578
8246
21398
16160
6727
12710
8894
8834
28715
17396
20402
21983
22210
27793
12260
1503
2858
31909
18945
27960
17625
28794
4935
11625
3724
30324
19038
9324
4193
26662
14926
16559
8065
16087
16790
25440
30759
18084
24145
5822
24160
4673
25541
31976
24292
19001
28039
32452
24560
10099
25559
24806
26964
14099
30244
20738
1430
29773
11262
5441
16610
29010
28736
8142
16877
32389
19959
7512
9779
13548
219
28561
14860
19111
27282
13270
11118
15745
30331
12044
27293
14968
4487
23959
27939
11580
9022
3464
23551
24966
4851
23780
1430
4853
26748
23470
12450
6782
21394
10917
20349
1232
12568
13304
3915
12713
22041
24234
3855
24996
4824
29678
8011
15169
19948
25446
1009
12365
30808
15534
17803
5864
28418
15568
647
837
4679
20652
24425
32549
12007
22560
22094
20000
27309
17507
2455
12428
5628
10692
13355
1657
6971
12490
31664
4671
29642
18691
13875
4494
13713
31281
7111
9573
29453
31228
1136
18461
22021
9583
1134
31215
9208
4758
487
25663
25276
26376
16685
12161
4647
17535
25523
30935
17470
14498
21950
7195
25494
18744
8510
12043
27849
26284
15452
6210
9712
10254
612
21813
29386
8545
16586
29290
4367
3909
6096
25354
23815
27318
29698
3825
15402
10850
29581
29110
19599
8292
17090
3352
24942
15275
14276
6307
6602
9168
24301
24408
25014
22820
7417
17899
24835
19786
23124
30646
15816
21601
24187
19811
4093
28539
20070
12187
22790
21862
9550
24615
17346
3217
164
28561
18941
22518
14847
17312
19460
28885
11759
28317
18774
16513
14664
12741
25726
6852
22029
4149
19291
17162
16250
4279
12920
28288
16926
27522
5340
27503
175
17180
29224
6855
3895
17779
10472
16450
22038
4847
26087
31077
11340
22271
11189
3484
22357
9327
27568
9971
30470
29414
4768
23641
5411
368
3410
31782
22303
12156
10944
5690
3415
25869
6375
4027
27785
19920
27170
17457
25355
11211
17810
20486
20533
2369
11657
15628
2519
30668
5701
5673
467
26656
14091
4634
7466
17708
4513
2789
2462
16899
32152
28588
25844
16011
26628
22722
31094
6514
5309
21950
13476
10539
29295
10171
12904
11046
20446
8153
3887
7812
12661
16837
26524
4935
31310
11471
16781
5564
7548
27989
26081
6679
19390
4306
28558
1735
17706
28769
11113
25257
376
29212
23323
21062
26151
22177
31101
21463
11722
23047
1807
8309
908
17432
13837
8545
6117
18621
1890
22272
29266
10127
27657
7785
11862
20013
6968
16792
14955
32448
12813
9561
20543
9971
15302
31483
3786
18800
12632
2516
7330
25826
21214
3797
30619
2537
12175
13866
15590
15404
24439
186
32301
28189
26171
25000
18479
10404
11557
19742
11791
17131
2945
12111
19897
11027
29071
16777
24712
26740
29081
8315
2645
12283
9469
29516
423
675
6608
14691
13444
3947
15457
4545
1962
12031
23090
5404
16025
12342
353
32191
13329
18050
883
17264
1758
27640
5805
2522
21150
32270
997
26758
10457
16064
31477
26294
14268
11529
5892
7061
13243
5389
16406
1238
19924
27121
8005
24366
13097
21947
31853
6440
14841
32282
29356
12389
30210
30336
29874
4737
27120
15125
2559
6384
3139
7477
11866
1161
28839
21586
28558
24532
25561
17483
791
30248
10431
15962
14748
11394
31650
14528
1378
23678
40
12326
12228
17499
4248
10499
20576
25920
4655
24034
16013
25070
29803
27984
26449
9585
13754
2713
28448
26620
26108
23371
26755
5272
14255
20185
8780
25101
3678
11123
22508
6203
975
10924
14697
28079
19434
6432
24397
13836
22932
342
4965
9766
18903
4180
28285
18133
24253
29688
8321
19637
26998
27677
5106
4585
9789
31068
13205
11593
5147
19874
27580
482
11730
29166
6698
20581
1496
16659
554
10033
16721
3413
23777
11474
25054
27533
14125
1414
29739
3666
2897
17619
17385
4214
21237
24272
4976
25903
3036
13017
7087
2811
12125
7138
6052
16142
31719
5724
20602
19053
598
20217
12580
3378
30531
16410
2853
20387
12320
6715
13675
27043
27784
23178
8618
6918
17448
4779
24654
9911
16488
23425
11368
23644
1547
20083
13796
20107
18401
6121
28097
5709
31526
21978
18604
15367
10865
9520
23045
29176
26200
25862
1327
2119
8532
24698
7603
2233
17975
13107
6104
27018
8021
22566
23837
5608
11100
16079
18555
14487
27078
18815
20918
20218
6923
26849
14470
7730
9824
7560
19057
29485
8887
6280
29134
31588
14872
21494
4838
11925
21414
25322
23669
1726
16738
4521
8693
19047
6581
11976
12888
19609
28033
21755
20140
18113
16752
4923
6103
10547
13615
18928
25585
29194
24625
21686
1619
3382
881
12151
9777
8165
32158
30181
2640
1667
21295
2894
9049
32098
16005
2331
27603
26314
28535
11707
29382
29588
19829
31842
18859
25491
16015
5979
1125
26022
14807
32270
30677
2349
26637
12110
6869
24896
4463
14226
8353
14209
28903
2919
8679
18419
13483
25674
19694
13229
26261
32400
27280
8659
31585
26276
4794
22125
20953
15027
14106
26359
17720
13562
4693
25939
28262
4169
2545
29933
32263
5584
27508
2591
5641
21230
31954
24882
10931
25546
3189
7354
5034
4784
6159
1989
16170
5403
3467
6136
21344
9843
21763
26734
14140
2194
12669
2832
2228
2368
24885
10893
8784
6597
27116
20382
28018
26237
20593
45
13092
10553
4882
15523
20231
3166
7524
14921
5897
9979
26562
950
26102
20553
30550
16611
829
2216
14291
17388
28966
21634
14133
29741
2115
6956
26773
2411
263
16547
4896
16041
30439
32412
2546
13484
14219
28478
11100
15766
30816
5852
5608
21398
300
29207
25804
5679
13721
30944
24725
2425
16545
23170
17678
26393
10545
1825
20758
3778
27134
18280
11655
29612
1485
10803
6526
32335
468
6190
10364
14215
10711
10259
16611
13045
677
6302
4576
21122
2733
16340
4614
25197
11656
1802
1879
13792
757
30025
21587
22261
7741
3334
28371
31910
29283
26334
9686
6413
18558
3546
20692
465
10585
4305
3915
10789
5431
12404
22776
28088
2971
15960
28832
25494
10712
11872
21704
651
17554
30393
11475
6769
13573
8149
10617
15754
19004
5967
7412
29408
6983
28768
14155
5482
4439
20199
12097
16546
21939
27587
24475
32480
21468
4870
14782
12074
5136
30341
6811
4655
15899
25516
2543
13237
15461
25812
16693
10732
712
21854
12654
16400
29238
2773
15319
21432
11717
13768
27952
11130
13361
27741
25339
1172
9726
2095
5674
29946
20432
19456
21677
20824
11269
10249
18084
27260
26885
24219
19336
59
1298
21630
20004
15702
24347
7743
61
21016
24225
12838
28355
27069
4805
23923
18590
28211
23702
10778
32316
32335
3909
2235
22155
23678
24371
11387
1152
12080
14728
4525
12036
11979
341
19457
6808
26831
6660
10298
19013
13086
24943
3229
21210
17035
1373
13891
8401
21173
12756
20299
26488
23448
4041
32130
12862
16445
20621
31649
32652
29782
19130
2960
27521
31497
18168
9895
22445
31947
16741
5684
14793
32491
23227
31756
25331
3045
32311
6520
24730
16006
31233
17568
9779
4866
26400
19976
24633
4396
20265
29201
27798
7447
21964
1719
6264
3113
16002
17386
31088
21348
11863
9608
17003
2447
3843
2282
23678
7121
6702
7001
30300
8390
25459
7982
7147
26650
18591
19979
21256
11745
4179
22375
6914
13077
13507
6631
10363
15525
30825
31669
24979
23406
19505
21540
9467
2286
15570
29843
11103
10239
827
27704
18882
23713
5398
30335
28704
14736
14895
8358
28243
7566
10323
32162
2278
5728
2821
21554
31838
3203
295
18958
23903
10150
8439
29323
12244
26820
23057
16434
25675
10903
3793
430
16100
30444
27628
27753
15578
14260
7777
21998
22877
7055
4743
29164
7769
28494
32006
4118
17720
21085
28079
2296
13201
14433
4469
25126
14674
5920
11424
436
12295
8973
20218
32235
8411
8594
8377
19526
4478
25252
27876
8020
8819
19386
22100
248
1641
14792
9410
20202
4779
10902
31956
8866
28213
3302
10335
14686
24167
31469
24013
3494
14164
11328
27417
14490
8228
12619
21060
27881
24372
8706
1392
22482
2929
1598
14980
533
30936
1792
20534
16925
8485
3048
22516
4524
7701
8277
11684
31442
29358
14554
29578
16601
10335
25610
19164
4184
13395
23455
17046
1442
2749
11280
3445
24181
5796
14963
4082
22886
21256
19044
25272
24871
1610
21107
29398
13133
8615
25140
31596
19397
408
3227
2963
15422
21474
1157
22708
19233
28669
7169
24319
22010
21946
6591
31185
17939
2149
22406
4783
1469
9314
23772
23909
8346
18794
22428
6565
24911
24387
30922
19261
253
5150
18786
29405
2076
19206
8160
2095
16453
18067
6757
7998
12080
30806
31912
28759
7103
23985
921
10802
26414
3347
32364
1481
19177
6483
12079
921
9155
28301
4128
1732
4451
28645
32205
30775
31051
15259
12270
19221
23742
22948
12381
15700
692
29492
30901
2480
16261
25271
26320
21597
22767
17
28195
16051
730
8689
28624
24869
3800
1786
12559
30623
23629
21155
17901
11354
2970
11319
8433
7805
19743
30256
9082
14942
18392
26133
13097
18273
16095
12937
2194
7121
20191
17107
18597
1995
26394
16657
12169
2111
251
7193
11365
14019
17248
11759
29606
333
19049
20882
9091
30478
19316
22353
17892
28306
27484
14580
17174
7928
27326
27152
17435
25296
15934
24681
14559
1719
19132
28986
11066
2560
9927
5278
25363
28311
24066
20056
7343
30823
856
1704
14109
3672
18584
23500
4758
6597
30363
632
25720
28633
20508
22353
12390
26981
8737
6374
4301
11785
10004
10100
4988
4290
21792
31916
16472
31433
22952
14519
21222
24423
21104
28799
27244
13801
18345
24833
27758
20195
29545
3421
25673
13583
9413
19497
3916
29552
16215
29714
28074
10788
31169
5711
7241
12733
28266
1769
18839
547
9972
4150
10049
21328
21039
31382
8287
8034
15229
18107
30194
4764
25137
10597
30303
10702
13611
30861
15412
7171
4761
16026
4240
13650
23421
11416
20052
26240
32466
11381
8113
4269
30258
15907
13957
17259
31428
26519
30309
27139
27116
8510
1488
5365
19260
19623
5022
27807
25009
4215
5192
12459
16758
8375
13123
1806
25058
31924
32696
11226
30633
7236
18781
8824
2513
12067
31024
28877
2024
16741
17676
3752
21041
22202
17076
29933
14779
728
21444
12845
5878
26111
29446
12642
8291
6483
2483
30860
16652
5888
25830
23314
32401
1555
29433
345
18723
21003
19038
25737
26876
12559
32379
13086
11935
20098
7749
24786
25749
14696
3147
20733
28378
3289
12437
8297
10485
31138
12345
18296
3499
26566
16590
29931
23166
13576
10593
12433
31952
22467
16360
2062
26812
12572
2280
1209
17344
23098
16574
1552
31580
19221
11835
31700
6992
14318
20723
27832
17689
13268
29485
8590
23977
21601
16501
19689
31767
27355
21819
31780
13507
22113
3292
14866
9689
13866
27829
15096
14552
29887
20990
10701
12411
31928
1799
22962
32035
17265
15416
11828
23721
30587
539
25434
20910
10962
15779
13880
29425
27887
23951
7139
14889
699
6479
32346
18015
3564
31683
22639
9375
15808
31948
19836
16335
20796
17646
6392
31803
28860
16736
5867
1526
17374
20963
666
18342
11103
18658
17697
26809
7968
6095
26791
30201
27121
1919
26456
10288
23385
11094
15202
3709
29655
5991
10752
25460
26636
21015
776
27917
7012
31143
18209
25162
18664
19083
3887
8928
4879
10837
30982
13920
7578
3620
13139
31193
8791
15597
10114
28686
8117
10146
15719
4773
15241
23196
16046
31069
1930
17978
2569
23626
13765
11682
5525
1695
11028
4781
21814
17797
18204
16021
3188
12800
14240
13100
9306
31374
7308
21106
25367
16299
18785
2141
7264
31921
8357
6005
30216
16579
28274
21122
6203
29724
19821
10922
21911
29564
18343
1906
11906
3005
10070
9383
6948
25961
30716
30713
11286
29380
10150
11333
8845
8284
3032
29147
15382
23232
31744
30000
10308
2534
3166
14957
12748
19526
28054
21060
3968
21854
1230
6364
1394
11077
12933
2892
24987
14485
24423
12053
30493
14873
12014
8761
3444
14479
25429
32191
7277
20625
13440
31890
1872
1513
7625
4849
17567
2629
25259
31905
31212
17580
30595
30962
21224
17895
31167
28739
1141
3426
21070
3163
1684
2929
23353
30384
2855
22898
10424
30836
7271
8225
12155
29369
30248
13980
16161
7892
32051
29266
1348
19861
23938
24870
10766
22708
30385
17902
27371
11640
29728
32215
31245
26466
20929
8470
19547
18066
26127
25770
29674
23939
23232
19251
2582
28679
18157
18346
32729
15056
22371
9424
12412
12845
30259
20526
9104
3431
29267
31531
10789
14012
26236
23493
13572
19479
20942
1980
3523
14282
13387
27496
9002
28530
32305
15736
16989
28829
15789
20936
30975
779
2958
19612
17533
27890
9530
3340
20007
23005
3934
21562
19685
9812
17274
18033
29257
22500
19954
22092
4896
14588
11866
12588
17040
21467
19245
27881
13262
27621
8988
18044
26243
5049
30120
32319
3034
15100
31198
11794
13960
32281
20139
1125
22395
6037
28217
5842
5183
31121
25447
16101
9125
22649
7781
15439
17399
22157
10534
16485
30311
20765
26577
28338
9227
7634
26773
10221
4352
1552
8308
31867
11162
20573
12599
29662
6156
10543
18848
8404
5868
15450
32479
2908
21084
26978
4481
10066
4564
9425
9856
28584
5644
16467
13682
19341
13039
26233
26409
19316
25405
18811
29730
3297
32344
3119
2650
24409
6669
25908
18260
31581
20197
717
14288
32628
25633
5891
4122
15340
23854
8271
4977
1104
22892
32201
8696
216
15581
28938
30930
3975
3547
5231
14571
20308
19098
25501
227
32675
7225
15792
11581
26041
26687
26623
5051
12172
10350
2323
10649
11285
1678
15296
10788
12126
22589
13088
12485
590
9873
16244
11236
32085
6311
664
15066
8422
23224
29322
11086
11137
4278
24192
14080
1725
10699
28485
20894
8481
26207
22490
31173
31808
23993
1307
24874
11114
30172
24993
4564
16642
19154
23566
17238
27955
