10000
4567
15569
663
16967
10075
23108
20650
24417
22468
30941
21092
26728
7843
27763
8883
28806
1620
26405
25940
12638
11855
2359
30357
22074
1506
26154
12915
27400
4413
18081
7502
25722
10084
20514
9253
28496
22177
30397
1716
13596
29887
23126
9803
10725
12642
24372
4835
22674
9738
15235
18089
9408
12582
32380
8424
86
13426
26034
1410
9158
25741
31560
29122
6970
31827
846
3778
794
12750
10003
27097
2942
1994
21204
27725
24661
11246
1411
25338
22830
11700
29606
8187
2795
29372
31159
30320
24959
28816
11037
8424
24116
28231
9326
13137
17337
30801
14733
3543
26774
21540
30327
26077
3140
14394
5637
31631
3198
14304
2459
22404
10378
31918
8850
19961
15652
5867
27
24472
2722
10393
12875
10709
19854
15421
6098
23301
23404
11272
3832
26659
22298
19858
14525
180
18313
13169
16425
19916
24426
5379
527
31515
13884
12166
26422
16884
25442
6948
18317
31863
26834
19912
20126
13146
10434
5519
19160
3370
27070
31948
26689
25780
29606
23979
21951
17602
4173
12722
3347
27578
6695
7111
3285
5551
273
14472
21939
29389
32438
5491
9487
24815
13464
20055
22276
7549
32304
7830
27218
3829
8702
4002
23972
9747
15288
9685
3115
15652
14833
22146
19776
27212
20793
6057
16911
21750
8111
16468
2218
22621
16608
24622
30963
25488
28704
29672
22233
17161
22128
27674
4121
21947
1153
3461
28684
5275
9162
25907
2036
17503
18934
14018
3815
7197
23103
27465
11096
4244
23131
6625
13866
32657
14498
8712
22233
11922
9721
8428
21931
17387
2411
31885
7952
24787
10019
20523
15160
23481
520
19466
32184
27244
5628
7035
18182
188
19771
242
11768
17068
6826
14360
27257
30625
13364
30503
22553
11234
9742
24469
19829
19800
13006
2475
23266
26702
25190
15669
6325
19255
10582
11693
1604
20238
19543
26758
17952
30713
17021
18258
13930
27044
30034
27725
8006
7712
17690
28489
11337
23947
10392
6400
3566
15395
17936
7936
23166
19739
6080
10245
30985
23310
10575
1295
11991
17642
1257
27794
28593
12728
26306
12161
18439
21732
19590
23450
12960
24362
13678
13450
4800
8890
23553
18156
23282
12277
25471
15294
15394
21018
24017
7229
7832
30025
12964
6839
1473
6240
14786
9679
12672
14615
24651
805
24991
26290
20518
8962
19258
3671
2813
12544
23823
24825
8148
25211
14250
3772
13528
9904
2148
31293
25244
24344
10306
4586
10815
32247
14062
24297
15921
22813
17749
5303
26735
30639
4179
24921
7132
11823
12765
13524
29968
29621
8595
15183
21500
30152
20601
20471
6539
20650
31362
23743
14840
17584
26236
15001
9380
17908
9492
7288
27828
5050
10358
27362
24645
26185
18041
7829
17212
11692
32707
6181
31176
24845
7203
14085
17894
24297
31727
10400
15248
9225
31178
568
16652
32732
5094
9820
31263
2225
10271
13020
18877
16817
6478
12533
30326
17755
576
32027
17791
8433
28530
13260
25552
29171
1093
6471
5709
4385
14167
12978
20174
6667
22309
3338
21743
6568
27532
2138
23522
28119
25583
4090
17679
3167
7901
22529
17264
6993
26001
14775
22793
5328
7497
10391
6455
31542
1169
9426
21285
4463
3243
1031
27254
12744
3207
792
20707
6583
2450
27891
21225
13558
20399
23248
8299
19686
23886
29738
23746
31349
13520
31930
8557
17429
3320
19457
16624
2794
31661
19050
31006
31258
8554
16235
18090
11168
26507
5047
30156
12741
19368
22150
19332
8260
26208
15388
22581
4775
1349
24017
28907
12250
16303
4634
19741
20532
18040
9312
29008
12175
12881
27326
9905
15642
10081
9151
19202
27964
17475
32697
23658
23608
4186
2098
26593
14262
4536
7483
9475
946
21012
32430
12287
5110
10385
21751
24340
21923
1061
17391
11451
17724
14969
6360
23502
28339
21680
16010
16131
28093
30067
29321
1907
6380
595
18612
12506
23335
314
22052
16607
32251
9749
168
9888
21732
30100
23274
2112
19622
30073
11095
20352
20964
949
805
8784
28574
3108
10700
8674
8150
16625
4658
7901
11374
17461
30668
25621
7717
17309
11626
2992
1267
25383
30857
12161
27005
6215
17859
2201
19601
12089
24971
29470
15851
28777
5746
29443
26662
17869
2530
5173
4388
14668
16147
15063
7520
51
12869
17642
17716
10401
9682
12892
16503
18390
17353
21689
22956
21522
24617
14329
1034
13690
24542
26549
9217
4514
30403
26704
12127
32210
3666
16583
12086
29056
24013
18462
8312
22661
24021
7511
16094
2534
25672
31659
30148
5351
19960
7221
30536
31884
10263
19915
17833
12398
1193
15492
22149
25188
32465
4567
5192
22918
4346
4430
27906
27944
30079
8916
7429
21503
990
31916
12058
11888
2899
12379
1313
2469
5233
15577
13616
8081
19088
31875
25996
29479
25439
23562
1029
27694
18327
27368
28419
17939
17335
20915
14932
20278
10399
13570
29119
16798
26582
3616
30906
9465
418
26795
1153
31541
5819
9961
8589
19805
9447
7892
14575
15972
23311
18918
25067
19451
1622
20777
14774
6679
31339
21768
31980
8752
2157
18934
21571
3445
1827
29194
4360
9100
6293
6735
28127
16368
7197
8049
31136
7338
16172
10529
18458
20570
17400
31770
17475
1192
12931
22959
26207
26618
29922
6242
23229
19706
23072
23281
10151
28804
6220
3580
11075
7688
2926
12435
15354
23726
11792
10620
24228
5826
30364
27396
2561
23338
30769
5291
247
22241
15459
5407
23474
6487
5925
12283
27229
19815
30549
2462
31235
12360
21835
10882
1305
27641
27382
31699
17172
25139
2593
29174
2392
6561
16244
27331
17639
4888
31319
9506
19966
27637
2215
2759
23962
12393
26159
7967
1433
29363
2104
9474
12934
13417
14015
26069
5860
26916
31558
20349
29810
15389
16890
21085
845
17049
7189
4870
1642
7995
12821
24075
30102
28840
20755
18632
29318
11111
5363
31311
17518
2495
27355
5375
9389
19958
5156
5944
18629
23325
13096
13409
5873
9049
25631
13755
31700
3418
18898
32418
22553
7276
12928
10721
11376
18731
9370
14022
20439
10218
17625
26871
1498
22674
22980
14639
26103
25854
67
30517
1110
11276
22448
28215
3162
1214
30679
31762
32712
17738
10220
4247
27882
7223
317
8541
19621
23393
26281
21539
14501
31724
1102
23478
13821
25915
6455
7053
23175
31721
4771
1319
29587
18273
17607
22725
4082
11421
9094
18825
27664
2746
19838
15690
15109
25831
29690
4386
30123
19988
18236
10675
16221
13526
20956
4589
18719
27757
6874
29598
31705
21172
6479
8413
26867
1215
3163
103
1607
20181
28294
15014
28700
31475
13783
31064
5283
26342
5109
12181
17033
5577
19011
9056
25536
26787
17276
988
29923
26244
3220
16288
32517
22361
20291
15004
22479
8087
16101
16510
7331
7659
7714
884
5744
31149
29343
27727
28932
11651
31485
8312
25999
6872
27430
4490
27628
12715
16883
23489
14815
18164
12418
2411
4598
23455
21678
31660
12579
20963
25332
10938
20591
11971
29648
6363
1600
13060
17926
15240
10725
2144
31710
22632
13322
12464
17398
16596
4879
17889
14165
15408
29959
23988
30133
9823
11401
16862
12508
21610
24990
28932
31963
7078
17625
26752
18866
25211
8645
17152
29390
17687
19921
10370
15005
1712
13898
20922
32402
22458
29530
7303
956
8528
16639
15132
6659
28559
28830
26729
413
4065
901
12838
25067
20780
15481
3621
21298
9053
5408
25977
522
3154
16582
17729
8537
24463
11528
13257
9810
22241
23177
29614
16664
32258
32239
31232
10808
20831
4195
10676
13375
19737
2414
17104
23967
29602
5352
9917
8808
4502
2598
26322
1011
21853
21257
1619
31438
22050
30723
22979
19916
17164
24715
24828
27099
16917
31012
16810
27191
30095
12073
7890
24408
9122
19774
23651
22080
5751
28613
22627
18223
8584
21183
10125
19105
10426
9908
30340
30880
32479
32112
23823
5894
15522
2992
1730
6139
26250
14832
14120
8082
11479
22624
27120
14154
5332
5064
20805
9421
13932
29798
6169
533
13294
22848
5670
18964
12087
32716
27148
32198
28664
23785
20088
16164
26520
9747
15803
6225
24453
5025
27705
31382
22696
707
29982
13189
17298
11449
26228
16276
16254
9343
18862
25639
25417
21250
21517
5498
853
31245
16975
2673
15509
19943
25290
10959
25963
8371
26257
13688
13758
1524
22383
5986
9497
24398
13704
16131
19505
4961
26938
14779
27612
18042
18822
30326
9250
1073
15650
1189
27749
24592
24135
13066
10183
10943
14706
11337
26765
17358
30432
16756
11185
13059
14430
9416
7590
20991
9126
30656
12599
20476
13601
2954
9898
26444
18665
3577
9375
22539
9548
15998
17801
3546
32529
32066
23367
3633
4652
11526
2067
22011
6980
513
1283
11411
7040
20090
10426
32052
7197
32529
26734
29751
18544
5175
9836
11354
30427
24014
26188
9438
24132
27099
15499
14300
31860
21166
24462
3665
4038
27106
32428
24854
15400
22254
21104
32196
32314
21077
18271
22756
10508
25447
15623
12718
29766
28452
20307
30521
31408
5743
5182
25347
4536
26043
26038
13437
21786
11341
17568
7107
10923
13972
3819
14693
11716
24827
2865
18293
1868
27912
27801
991
5033
233
21387
20438
29444
28668
11331
5771
16019
3453
11475
7265
20531
31638
24388
13812
17333
12411
2244
167
3499
23299
11964
8444
9503
16974
12071
28773
29199
14941
25436
15746
7449
20177
19914
25835
26793
9004
32334
19986
21360
15690
11026
23725
23322
3266
8901
21213
3057
6187
30626
9882
30855
15212
4847
24088
11784
25129
32354
8995
10263
30577
6014
31346
25340
24603
4757
15861
30893
22168
8418
310
8402
32244
28864
31426
3661
17247
7218
9842
19731
23938
13096
24227
16312
24537
28884
31008
10704
4815
18955
17200
27682
2483
26785
23099
11893
14220
19677
4642
18377
7042
31470
20039
2918
8404
14804
9460
860
26915
27925
6519
30630
21619
11463
23908
1991
26344
31502
21394
19115
17954
12412
8093
30619
17951
19424
4571
2594
27796
30195
32140
16058
28697
20538
17786
22376
28728
27907
5345
9738
32097
13621
15914
12512
6960
12640
30113
19608
20231
4270
7954
17710
16639
24280
8804
561
11720
2038
4743
14972
6046
28296
18697
10174
29732
25784
27383
23692
165
29953
21415
2779
28337
4861
14915
8096
18708
31275
4435
1767
27422
29759
24358
24658
9077
7206
7577
25060
14680
24979
30745
28008
14250
23145
23976
23152
25996
12539
10619
4682
32353
10874
32232
17833
31995
7196
1443
22576
2894
29589
15736
29532
12377
11763
22659
14477
17891
12617
16626
28138
26177
1420
17696
5377
29405
17469
21439
30450
20684
15598
5878
28881
9537
20720
21105
20379
19542
5402
10673
20748
31984
21984
20258
20732
17455
32728
31044
16390
12521
1731
4996
19419
11051
18446
1569
23071
13969
26747
9596
30857
29491
7475
19912
16694
13964
27011
27932
15478
15512
27971
12424
1055
14202
9796
22171
4665
3342
28599
30452
15407
5777
12781
23849
20198
4506
4383
4284
1970
24248
15320
13628
11756
16617
26958
22984
29371
31801
20847
4739
15314
366
15097
26354
13415
16832
7139
370
766
27214
32208
22181
30132
844
22318
640
648
4661
3583
4604
4592
31376
1068
10663
11489
13078
19873
18830
9749
11715
7646
7970
7038
32139
8856
28869
6493
12906
29960
29278
16318
29942
23522
1928
6691
3324
19678
26703
7079
31397
8210
18858
72
14743
3219
18292
12498
19036
21079
5485
8349
10165
26752
1579
10085
28723
26347
26024
29916
21313
197
26220
3228
17424
8425
25426
12879
7699
24806
10920
6415
2260
18365
21439
10725
16932
32367
1523
14234
20657
14324
18024
299
9959
26026
21459
4312
26264
21980
10976
29648
11832
27989
17035
14592
32059
30680
8961
1181
8982
1161
22213
12220
16208
12509
229
21325
16505
28533
22174
15081
7749
25282
1947
30472
16069
12082
21492
27328
11045
20239
12133
32766
10241
27723
13504
32322
27560
22680
6482
17149
2822
25503
4743
16705
16446
3909
25248
18746
7030
30466
30673
31999
25241
25092
24876
1347
16305
11456
8787
5952
21058
22607
17508
1935
13484
18803
664
19959
13808
11945
29448
7135
32145
769
24654
32498
2037
9515
20798
8896
3428
7596
28577
19429
25946
21917
28258
14080
453
9784
32110
2171
1522
18710
12910
26378
7163
2750
28489
21520
1716
5071
8407
2458
27265
19297
21114
17081
22212
23257
27153
2915
22799
23782
22923
5699
26039
1151
10305
8772
28000
18489
1211
2105
15911
532
18460
28190
23286
28801
4459
3796
16274
13475
24981
16516
5632
19492
5862
13080
11905
7826
2181
17731
3136
21675
21574
32218
19758
2632
21271
14000
11740
24283
14213
3311
24613
24386
13148
19630
13693
32744
1089
14963
23098
29752
8997
17780
9362
8135
1460
31435
6690
26954
31766
7608
13204
25321
27861
14158
3475
25389
20348
809
5605
2880
24500
25801
23718
9375
20332
24902
30794
12506
19325
1282
1451
29085
21502
29780
10940
23846
13873
19934
11825
12107
12286
4159
10190
6384
29807
25877
25038
29191
16206
26011
6094
1735
27229
18346
31209
49
11658
9854
13652
28275
26832
21731
32767
25445
8906
26261
14633
31353
17874
25189
1311
8452
13793
3421
10957
2213
1038
23678
15815
2432
16763
28734
24023
23877
28074
19655
23673
18982
8895
276
9193
15697
27134
24442
14980
28898
17392
811
2031
16543
15956
22415
21473
13767
27810
343
27726
14563
26065
20656
14328
22951
30081
5953
14091
16834
7936
11486
8809
5189
14000
19903
15839
13152
26686
25892
11745
23077
6575
7680
31416
1530
24977
5722
15777
10015
8084
30636
22150
2165
4022
10321
828
11683
19784
20885
12180
29684
32265
18202
13882
7100
19068
2890
20454
5981
23572
208
32384
4311
23512
16318
12790
11066
20090
21474
13550
14561
8466
24060
3493
15253
18760
17602
15451
7757
8371
12141
9180
17093
5503
15833
20566
1131
14528
7814
7834
9804
2927
10986
28027
8281
30498
29082
21915
10333
31679
2467
31955
16362
28640
12004
1218
23247
16268
27546
31247
2106
24335
8277
5014
3881
8986
3379
11574
17931
25745
20152
21837
20802
13065
20069
31915
8147
15668
1095
24360
10297
709
28810
29237
7834
3051
1859
15223
2705
8036
3586
777
27371
31619
23948
16505
15001
31881
32598
13523
32228
23658
5107
25670
26020
8803
11969
8272
3625
26422
18364
22143
6086
32340
4492
15387
9304
9069
27715
30828
7831
21200
32652
8193
28767
22286
18893
24158
31518
1107
9910
4988
7952
21875
6581
25306
19199
30434
9312
25087
13961
13530
21245
1380
9990
18532
396
29889
18060
22919
12234
22549
15576
230
3947
5492
8904
9096
8612
13958
20378
31464
22916
5454
30453
26503
3526
26309
22972
21295
25605
16052
17699
31079
9647
24367
14006
1355
27554
6547
15341
9519
17694
14427
18766
7745
3636
13042
21926
22074
8487
31381
14304
15643
8943
6921
8992
24869
19615
4346
20296
3147
13912
20571
16377
5859
26709
32743
23266
916
4922
20987
13946
26414
25309
18634
13745
18022
30492
337
24375
3495
14039
17211
21569
17064
4694
29948
30142
377
843
7302
26965
25035
12988
32572
30523
407
20947
10126
9776
1366
6873
26213
29352
16048
26723
21851
9512
30083
10025
8158
30019
8422
4688
16570
23345
27158
25945
15294
20562
30385
7406
27495
3236
25788
25580
8263
8219
4085
10310
30996
8160
14293
20095
18235
26116
27081
27117
12225
26756
13837
21678
15812
29563
7576
27666
31549
15818
25612
31181
19702
24504
10496
1856
1896
26275
30020
10893
32511
24058
23559
634
10286
31488
18403
18745
21000
3756
14756
17505
13386
20704
10457
23770
27397
11968
26629
1847
28824
6023
8914
30546
2357
28351
1937
7200
17319
7126
30987
25814
8534
4619
14602
4448
11163
19984
19345
1066
31574
20517
18044
242
219
9267
20334
29876
32751
23559
30488
12484
5803
5045
25219
27301
20061
22491
3565
8647
2555
25389
32646
12142
5686
17685
2339
29479
5828
6313
15987
23877
8533
4506
2199
10018
2146
14974
9521
29974
7275
12489
5241
14762
12884
7911
10516
5556
11770
2402
20567
3198
21833
9642
1719
4899
7136
19388
7246
23936
7319
25737
12818
4093
16649
29827
10992
32185
13421
17288
6532
10526
8033
9302
9542
11824
9955
4436
22519
20305
20511
649
17941
25120
15424
20952
28519
7563
29354
7779
13609
3229
27877
25829
14134
27204
30807
12438
2770
9424
31906
25419
8204
4936
14457
6736
11184
15307
1025
19744
4975
28510
20970
5792
14889
9432
4312
18976
3182
30740
30722
26062
23405
24736
23091
30843
7296
10230
18665
15847
16986
21724
31007
29283
27327
4485
32013
3871
27999
12759
8324
18740
11395
7124
283
30936
9542
20974
30052
32507
7061
20529
14126
21544
13534
16576
13037
9369
19290
31095
30918
30715
13845
11562
24667
16036
5645
29895
32378
9228
4197
5249
439
11775
27278
8819
4763
22331
6862
169
25342
29282
25750
19382
6495
17690
26262
14471
17486
4116
22042
19608
11532
26468
5407
9272
5564
28374
21121
28296
20051
20577
841
32370
11933
510
14708
776
12591
25135
9470
26148
17546
5121
8790
10539
26126
1821
616
23202
20178
25583
19864
17339
25728
20569
20797
15584
25428
4719
30351
3177
20961
31026
15423
2748
22676
11330
31297
1230
24012
27351
8257
2072
6461
27534
816
22805
9935
28409
21737
29179
3029
21588
23188
22540
8860
16501
25336
10144
28010
19788
14319
14448
23959
24705
15045
3786
23344
16897
22422
30375
14490
11460
18056
17419
31045
27021
28996
31529
16919
29258
23918
14754
27500
12395
9405
28432
1993
32757
19342
14823
15175
29775
4722
32666
16078
29098
16531
26034
6854
13566
1695
15932
1720
104
19791
20403
11117
30273
9842
28160
16492
1519
9638
15984
13958
15853
23101
23241
21680
31892
6757
6733
27544
24692
16105
23352
25728
2274
25830
26031
32502
15948
28604
25445
6349
28502
30232
18649
24261
5191
7519
377
14896
25202
22068
19182
22207
26370
9040
30907
3959
7474
31891
15195
21781
22693
18983
10497
7086
32134
767
31162
20832
26187
1791
11706
12118
3431
14229
8868
20563
13986
10576
18972
8189
7189
6116
26783
21337
3207
12186
17235
6035
25675
15352
1157
14784
19531
3998
17272
12977
10357
23685
21090
1380
8045
19129
5963
4699
26155
24501
25781
31656
20587
12990
29191
16191
17478
18410
11231
21530
18089
9053
28415
21373
25080
26660
26828
15788
12391
30925
123
3150
30792
10680
20081
1828
7567
3964
11735
15579
10652
9333
26936
13291
25278
28635
17971
3735
11235
11929
1625
1454
16105
4204
20058
10732
25713
4636
32203
2954
12281
16580
31142
27102
4037
2185
18717
13097
28709
4234
9484
30633
26447
2707
24394
30466
6680
6983
21084
680
26842
6942
31968
27137
13475
4612
27447
4961
7548
1163
29117
17305
11470
27159
23689
25352
26123
32202
25073
14613
11446
19135
25749
23037
18429
12725
19077
662
27043
29204
16497
3233
2345
15814
14177
4579
16337
16943
3454
24852
5713
3955
19073
9219
31676
27525
14633
13930
16030
5816
17591
21460
26051
7877
11198
8692
2642
17058
7008
6455
9317
12264
10211
5449
10734
11225
22960
31226
28851
15967
3797
19622
1038
31631
3602
7975
8864
12004
9205
28760
23890
14503
7138
18099
9123
17206
22282
6228
22257
31505
22303
8676
2992
25189
11913
7238
28959
22397
23964
31142
28175
29342
8863
5993
13615
27409
19316
17626
26473
465
8516
4425
5033
29190
13512
5683
11398
30125
3569
30416
14424
3437
2564
24675
11466
23705
5857
18818
19368
23073
21126
454
1371
3202
27514
14949
9676
6807
21742
24912
5022
26430
10244
4860
22009
21031
24906
26208
7653
1421
15920
22690
4167
15352
28892
22437
14271
23799
27035
11098
386
22316
17224
18138
31226
21895
16458
25479
664
19536
26641
10896
3286
27049
4974
22816
16420
3064
18012
3193
31920
11254
5771
9747
21067
4246
11772
25824
21427
13431
16217
10464
3235
5814
6968
6434
27154
22938
10647
13947
24459
12252
14046
30128
16177
13232
8113
29797
1444
11
25356
1999
3443
24924
8304
13990
32211
31857
24762
5702
18718
18944
9718
11054
14078
25339
19444
21333
6942
22428
5982
26716
19711
11451
19168
1395
13009
9184
6478
7135
1099
16963
17087
19428
20114
18260
13343
42
17674
4826
32541
28630
29510
3023
17032
27763
14460
20505
2532
31899
7732
28810
20651
23348
31331
16689
5040
32096
5419
31189
27935
22598
18509
19639
23726
17166
23220
8060
18629
8826
27799
24741
11654
10034
28566
30704
27603
5224
6447
17874
1950
2561
24548
24456
20690
27336
28694
12157
28290
31922
25159
9558
24069
24910
1516
7132
28957
32726
27367
9292
6313
5954
26039
14
14584
7065
15208
8076
27230
19789
14490
22547
6235
8255
5863
27015
21137
31653
10101
32700
21816
24837
32225
5369
12747
13254
21448
19171
1950
25532
12417
27474
3190
468
17966
23565
32088
1268
32638
1129
9744
26169
1745
15863
28714
28888
4547
6209
31466
5862
28171
29271
7014
7775
615
15171
11708
8327
30577
8742
28103
24842
4311
9469
15601
6006
29406
4783
18169
26200
17095
23794
4787
2481
12176
29507
14705
13917
20940
6371
22099
28500
15890
20655
25925
4579
28243
22458
7790
23372
16821
4477
12512
22572
10357
14982
7638
11655
23709
22714
31268
21300
31734
17555
32746
14835
27767
15321
25428
30939
18231
14352
19864
5584
14863
28238
20233
9937
29917
1628
32362
29211
15375
32632
19172
25508
29201
15507
14936
14412
23684
11493
21904
18653
1859
1857
20359
20585
18576
4477
4367
19864
1146
13754
451
19823
26944
8157
32553
19518
21165
29639
22900
7706
8885
27573
6701
11389
15433
12711
7723
11360
3954
14501
18766
4301
19259
5130
12314
30752
17368
6173
24308
9482
18098
29986
27969
28221
294
9901
12564
31152
24265
20009
3444
16236
13593
1236
5274
3026
25824
20307
3841
9222
16013
25968
19085
2724
30064
23585
15984
7803
7396
4644
651
189
3929
10929
3119
15118
13439
22082
29969
7460
21385
14347
16733
11888
20725
32518
32719
20208
3329
9286
9125
2815
1280
4965
31662
7757
14913
30005
20449
26477
32085
12315
21615
17042
27856
39
3643
25945
15534
16801
2067
8609
30075
15087
13526
7783
4094
32231
8222
29351
20934
12830
17343
15620
4321
5756
944
28821
20590
18683
20092
4033
18900
10664
2587
6118
16548
3355
13829
23936
18984
2744
26186
30455
15853
32628
7976
25265
23928
14510
20017
14007
4605
19321
26579
3423
24112
1314
27746
8119
10343
24246
15746
4925
15365
15287
20985
213
13427
370
16143
26093
15810
5440
10456
7271
4857
23789
213
6744
7768
4083
7350
7603
13367
29565
17891
7982
4168
8120
18479
5079
21350
3209
10210
17752
1005
4921
6704
4896
31633
21611
32026
1407
4496
13931
27534
20650
18309
26751
28073
19615
18932
22892
13531
9164
24678
28725
9120
6218
11658
15859
30080
16864
2612
30429
1008
11678
24846
2531
26028
10603
23130
13644
18288
6119
4993
7420
679
13321
1265
496
29755
4297
8780
3958
13340
21939
25086
19298
14375
28585
6475
28538
25339
20042
26814
10598
30852
30742
10803
17187
29636
18277
32538
9361
4562
1201
19482
2829
29322
20639
5274
9871
2987
24343
12042
30379
3423
3290
12488
12250
31513
23142
12032
32058
6376
11498
24823
15875
4515
10816
20706
13139
5787
21281
24376
9836
9922
3208
26657
20401
3571
14965
11160
16095
3388
31454
20875
21579
25223
32636
19542
9490
11097
25960
10316
25547
16019
27120
7770
30433
7587
30376
15195
393
14178
31897
27341
16813
645
19378
32536
20464
14174
10453
27982
28584
11988
18423
30674
10401
10662
4150
21073
23664
8150
24080
11313
5887
6666
12818
30981
21731
25583
21862
5732
11096
14255
7384
7709
32273
31913
23829
20398
16717
28187
21469
19225
31318
6812
8527
16020
15610
32414
8672
395
18134
6567
3338
8653
9146
30215
15215
12389
7852
20610
32056
14472
6272
7006
30712
7369
15383
27489
28856
21347
18142
8193
26644
32313
11508
24738
20123
12438
12115
79
11836
25503
6711
7797
28584
18804
24125
31215
12031
9867
3073
20228
8449
7877
17358
3577
25853
8412
588
20779
7137
9126
15605
14325
16675
23232
3183
18106
8281
28672
12681
1541
28520
7143
18423
8534
10371
30313
31080
26511
2634
11550
29187
14732
2400
4262
1641
4923
26013
8720
114
3935
18938
175
28677
14721
22227
6184
19135
1643
2912
2293
4266
27367
29270
23381
26641
17503
21010
20162
23202
29986
14263
29117
14796
2074
13344
5972
14261
22834
9238
30489
15698
6922
1063
27952
7257
14433
16050
2020
19867
32574
25189
20501
9584
29115
32387
11622
25566
32514
19583
1782
7742
23489
19248
6227
28291
8326
18520
28070
27887
5864
30672
7915
6849
30122
23298
16581
9601
5393
18992
31994
3540
1845
23083
3961
25635
18630
15488
14468
27
1702
24515
10975
24571
28957
25040
17491
23441
3212
2862
29927
9480
7121
27209
15546
18810
31363
23844
24114
30425
24907
29357
1964
10412
14974
22178
30556
30365
14725
5976
27862
32544
2410
30417
9383
14493
31638
32091
4941
5574
25554
15292
30809
11155
20731
31006
30227
29208
8902
10767
3175
28444
17987
14507
25278
1717
32035
12250
23581
20529
15272
17976
19657
12238
19412
31069
25444
18608
3834
4456
13211
14755
16118
18637
13168
4253
943
14162
10611
27804
28372
6499
23005
16786
17937
371
17625
26499
13124
9689
827
24401
23736
4623
5224
24887
28145
2554
8076
9408
31154
15025
14786
24542
17824
18774
7145
21895
22722
28087
2849
25289
19601
5181
21682
29800
1347
18198
18024
11084
22046
18102
24238
15469
16955
6196
18050
21480
11144
18203
25157
29756
14216
22599
26501
20855
8521
15087
20876
24500
19883
27282
4045
2994
28740
31648
30667
27270
24411
21406
15344
4577
6593
27947
15728
5865
9256
5207
32593
28488
19876
5396
2967
7697
10772
17908
5311
26848
10863
11402
1131
9708
24915
4389
19432
8782
16485
28483
18664
31184
7860
6530
26043
3452
7723
30396
1762
22987
20314
14662
23091
29283
538
1926
3117
2807
21186
20660
20128
23668
25218
798
25657
31659
19654
25786
12526
23797
1587
9201
32626
32017
275
19410
19749
28071
5051
21676
30724
20653
6131
5
19054
14431
26833
4958
30391
28345
10859
31873
12408
32624
31901
26788
24794
24673
17632
13730
26320
22726
12001
23020
2343
29901
16360
7734
5108
26322
6311
545
22612
13711
27283
16154
9255
8045
16426
6608
7688
24911
22275
10165
14448
30338
7371
6857
193
25004
11217
25706
1054
13199
2732
22364
4313
2985
12876
4499
1080
22331
21444
14622
22317
29587
31851
7863
25211
1506
12177
32161
29257
28193
9660
7869
3263
32167
14790
3131
30704
22069
21146
18772
31770
30215
24510
25486
26002
32596
18334
14849
23428
31761
18894
1146
25375
2058
18153
31966
2267
20069
13477
29701
18922
16126
29641
1343
25510
3724
18281
28447
320
26742
22603
22899
27355
5397
6263
11402
27495
25548
6442
4709
17080
15002
3008
5184
24773
19598
29217
15721
30940
4271
1690
24305
7695
7264
21738
26114
23961
3065
30762
18164
17402
10307
8760
17941
24879
24603
29051
12839
29584
21033
12022
16815
17508
26997
19207
31221
20295
7453
15876
2035
6046
643
17165
12661
20753
3007
15101
16483
12516
8468
17735
24476
6298
8897
5559
28922
24396
8406
26804
24163
31434
30264
6218
23675
11606
11103
8249
16848
12712
2804
4690
24614
3968
29123
2612
22584
19701
10416
8792
11220
32197
22384
16349
12654
5265
13005
26566
25810
12052
11691
20451
5563
26593
20515
7815
24034
26209
32541
29817
9344
22855
28971
16964
23796
21236
21470
7421
384
21608
20172
21587
8835
29734
1064
23914
17748
2738
9999
5723
15637
27124
9257
24853
6991
2826
12899
26818
15885
16448
8733
31665
1785
20285
15789
22212
21883
3205
26052
10398
9116
4333
14863
14789
15610
26450
30464
7663
19249
12288
3504
14451
9779
22942
8782
23713
27898
3167
26498
19185
20750
6872
6910
2593
12493
27662
10996
7018
30651
2859
19762
18144
16777
3125
9250
1058
27762
32351
13425
3758
23332
2781
17811
9038
626
5945
18146
3696
18628
12221
15032
9430
5893
5405
24433
28023
30351
6961
8853
1798
18196
20135
23792
13041
11255
15092
20562
6666
14643
18443
14909
20020
19301
22917
29400
17051
18109
19220
22423
24158
6928
10039
6031
15007
7107
22345
30382
14657
4115
2535
29832
24968
7599
18250
4722
5435
25043
21595
1615
11583
19068
21991
26341
7149
20558
17458
23116
29735
12500
1148
10636
2449
26621
5233
11972
5877
4370
13515
9253
3571
18594
12953
32451
8999
23128
12926
19718
30439
20614
15074
32611
13237
10897
536
16986
25044
31104
26580
10804
18677
31717
27264
11889
30526
14954
30268
8575
162
1675
9029
10929
22570
32284
15395
14429
2424
27843
29476
21137
759
1590
31114
29786
31286
23611
5447
9154
1554
13943
10967
32384
1791
21540
27376
3538
2665
23919
24110
2595
15102
20529
14483
27689
12877
8437
20820
410
17218
1442
23820
9904
7231
26779
30349
3271
12429
13903
15754
10073
32228
6888
6720
29940
26651
32171
17403
11641
10053
31862
23718
26839
10308
4251
25211
29957
14394
21086
3918
9129
6640
32417
26654
8508
1557
1492
8146
25122
32765
1577
29078
5136
24355
293
1929
27956
16075
29527
7875
4512
531
29620
32273
26445
28946
7544
31668
12781
4064
19858
19598
3949
7266
9483
22297
16864
16677
8583
7605
18600
26180
3216
15879
25857
4361
5597
23683
16210
2926
15022
7013
9872
28043
3121
32495
6246
16196
9052
22777
9771
27975
21915
14903
22216
32406
20836
32505
26053
256
27093
3524
28955
12315
5000
9131
5959
4201
8605
6834
18907
4719
23635
18285
28827
21868
6093
26814
23174
13758
10799
25230
22848
1733
7778
1631
16716
26665
24553
8801
14776
19702
31597
6497
13913
28404
4822
7531
24526
8137
32319
10763
26623
8693
10350
2562
24626
2523
10262
32537
20287
1788
22042
4713
17613
19438
8153
4005
29912
6476
31626
2222
7306
14242
7193
16317
326
23510
14695
24089
17102
917
28309
14190
31507
20980
4928
7033
25570
32185
13752
29696
6126
12697
30288
26424
28479
20453
82
17859
30371
9494
15827
11754
11823
29632
10238
2719
21145
8960
9670
10639
15629
24363
14287
23907
7342
28295
17320
28966
25233
19111
32512
31025
10853
20310
20021
23736
2551
7380
16198
2913
2568
14990
29282
9374
19144
9970
14385
16589
19391
15407
13701
1461
2391
10425
21613
8198
15422
26893
27159
9149
16367
25038
2645
7528
19336
20027
25065
14977
27456
23416
7120
32611
13162
2986
29941
9873
25506
24171
22084
21944
1720
21939
31569
1070
24395
22925
29225
28558
13025
8673
5221
10115
26178
12217
7168
6376
493
3333
16630
966
9929
8603
8192
13519
6802
10913
1179
22225
21099
20779
25461
25365
8149
23328
4306
7719
5797
28257
14217
22000
26168
27323
24003
26433
25061
3568
10503
1705
20783
16250
14699
13599
15513
14989
25117
704
3875
30268
29712
29698
14501
2246
8835
4404
9839
25452
5609
14754
13103
4153
29470
9246
7402
9384
28099
19159
19700
9217
8815
16596
8916
3105
8369
2674
24761
8414
32009
29989
7108
24362
1884
16539
12895
21677
5124
31687
24046
20153
29049
10676
7586
31291
7833
21112
13812
10477
25538
5837
28813
7943
20446
6764
31909
2362
24313
29112
19607
17587
6644
32761
24552
5905
10146
12164
16414
18796
19510
27470
3789
8252
18383
10586
11813
11096
7915
26822
9899
27093
7751
3410
27163
21104
7730
5895
5473
32657
24442
31076
19642
2783
28965
2823
28090
9794
32512
17410
12671
21483
17284
5803
19110
18765
4821
23814
14621
12296
22109
20076
28538
264
6547
21124
13786
25287
10530
15772
10486
5512
21705
22760
17814
7287
1431
2859
8663
14876
16808
11771
4367
335
31077
21042
17853
9148
11600
22728
26409
29280
3702
15054
10620
10437
9103
8220
226
32691
23055
29187
12208
6721
18439
25412
12294
31729
7000
24719
23278
4731
23662
7481
28474
16671
24159
21347
7026
18569
32009
4762
1864
26785
32390
26353
30710
22623
30079
26250
10545
32057
18208
6699
109
32093
18408
24475
11544
14580
15842
20881
9205
7029
32004
23924
21119
21555
2219
11162
3645
3066
21172
20677
11831
6133
9673
14210
17182
11545
8923
6814
23500
5181
3806
10165
21110
723
8465
2132
10314
26897
16390
11791
28291
32041
21223
22642
20286
6800
28659
1646
26137
22568
3987
15131
11670
31734
10701
24389
12823
3369
8613
15051
19132
31052
20362
20161
21958
31697
13767
14060
29864
12692
31109
1468
20096
7046
8178
31069
17186
12905
17315
26032
3499
30877
25068
3744
25956
661
4801
14759
752
17980
20871
6065
3015
17324
12754
26048
21992
23366
4379
18402
20502
6787
22976
12803
26871
25911
7396
32471
7988
7175
28554
18699
12464
7760
1037
21162
17234
30753
12734
15189
1838
10306
2732
26093
10971
31491
27399
7626
32154
3524
18524
14963
14924
1990
31542
17205
3798
19928
25697
5515
19406
25385
4549
31215
19574
8828
20220
30435
20727
27617
16296
26754
15812
8471
26523
12356
28848
3492
4222
7748
13911
7808
29184
23159
26681
20988
13222
22171
10278
30254
9473
18207
9967
14470
9180
26749
30593
7497
10773
19919
31492
24926
30797
31724
6615
7211
24648
21462
30445
16650
9474
23090
11001
29963
30342
2355
15993
9085
1355
18264
18534
27552
24441
9959
32288
17524
2779
4470
18775
31699
32702
5158
30474
3220
2150
5425
25016
27339
1609
24469
7207
8186
18720
23073
18235
26247
24477
14731
23885
18083
8221
144
22398
10321
23022
23602
11848
8493
29115
15666
6893
31258
14884
28433
6193
23421
9852
18559
31171
15472
14066
14389
23746
6598
19947
30934
17014
21073
6615
23724
26094
31300
7429
6531
31481
22758
1013
30182
26021
18110
18817
11352
19051
19590
10097
20512
29767
14983
30916
8144
26811
1583
13676
11893
24858
28851
10014
1808
9384
15762
4959
29466
24523
13206
21421
19867
27977
15427
9127
7396
26883
5720
1991
32752
17199
12367
22738
24097
8
31022
12012
27097
26784
16516
29938
19390
7552
22660
15194
13723
1318
9995
27362
28098
3717
20360
13548
31274
26915
5064
12589
30523
30246
3910
24737
26570
598
8869
27783
14381
10021
12666
18881
1912
12383
5273
11244
2117
28800
12050
14506
22008
13400
23467
21676
15999
27911
19196
8622
28425
7715
2014
15665
7090
4269
30693
18536
6086
13985
6905
24924
13043
25938
22896
26868
8005
17034
21730
5304
7803
13545
24330
1887
31716
575
549
27489
32644
7608
23085
18085
9205
18670
20417
16519
19842
4978
18418
21916
30609
19883
31777
16379
17196
10928
10669
9697
13194
31928
22865
29439
30177
10524
13053
14421
170
32360
30726
17968
32411
15141
9460
24767
999
9910
11068
31674
2165
28645
18875
2538
31082
6873
28577
14129
1122
15351
29985
260
12391
12419
18964
13140
10594
23110
7351
4349
13806
28124
6633
11409
5902
23805
22489
29591
8882
23507
507
5852
18279
23330
29319
3436
19234
17411
12016
12027
3165
22953
2907
6013
447
482
5789
26162
272
5546
29529
663
5047
18487
19368
15252
3106
5904
16140
9721
10459
14926
5188
31252
3564
26572
123
19653
3469
16888
26902
9755
28981
28239
19675
8293
7419
13206
20434
26706
1044
11183
26479
23416
17931
20274
17334
17317
2349
32017
27296
31213
12489
23040
22900
19360
8765
26586
14379
19518
27347
13068
13885
13532
28027
16919
1105
6846
29081
22157
19537
11609
30034
23445
11239
11437
4017
18347
15347
32542
14925
11256
9331
25874
26308
23870
3120
7741
20599
16707
13601
17451
4102
1946
32162
20937
27017
27979
30421
12851
3099
23092
21364
3770
13311
1341
16547
8756
20907
32448
28138
30464
1388
32538
14896
29884
22012
13175
18141
24553
14812
29406
14851
26623
10051
26189
24713
25507
11087
20711
29880
24566
10517
6442
24029
31481
24385
6690
3092
6221
19210
536
7612
9522
25491
27654
8858
6128
24907
15708
17230
26854
1528
15532
31504
1521
14133
12188
7717
10498
7256
7396
26406
16395
2091
5191
30306
12573
21456
6895
8575
9831
10017
5645
20824
10811
4142
11130
9852
15406
23021
20474
9451
13628
31047
1477
32728
26661
24709
8325
23437
7962
14425
28590
12716
5311
1225
3478
21260
1642
3427
30026
21768
6555
5236
20753
3567
8470
13425
4406
28592
19920
18617
7496
6920
24001
30118
22188
27201
14547
10623
2879
30426
23570
18718
16691
24568
20859
3146
11143
13734
31590
19916
13218
23942
31268
26377
27140
4940
15460
12880
2442
18469
25294
18952
23004
3561
3487
20502
7010
32426
14718
9889
32389
16273
15375
5734
6063
8836
19111
29984
3783
28600
15772
11673
20410
24241
15535
17088
21843
31750
6048
16445
1498
27098
25729
3507
26865
22188
27051
15645
16628
1281
12676
13143
27978
2501
9040
29907
22162
28183
9848
17226
22304
2690
18425
29920
2161
30726
13943
12581
27733
3610
28641
30623
7615
6717
9156
23934
571
11593
16583
27313
29795
13640
30200
8671
13813
5953
6797
19536
22484
19752
30076
5717
3016
9043
23668
13013
10148
21730
19926
2108
14908
30525
7430
24207
5907
26534
16333
18677
3686
5555
26243
28642
222
7944
28499
32029
2846
4734
14604
10106
1180
17457
28488
16177
27846
32646
3170
23763
2488
8876
23382
2555
16866
28368
11247
1567
14518
19154
4019
17503
10188
28897
26629
28086
4690
32171
27038
3679
32440
4048
13710
6425
9670
1191
14067
32221
29207
24400
23494
14490
24764
30490
12742
2937
23150
122
2631
7558
14449
17610
5030
27125
15101
17344
12173
15251
32554
32714
30842
29695
22192
8898
26771
9634
18629
5230
10835
4594
8469
17413
18489
32098
8809
6059
27290
31780
1725
26847
21188
31807
3655
16712
23372
8932
26195
14602
25740
25463
29950
23490
21265
15891
30114
988
22181
28322
6167
21586
13843
29323
15034
25632
19293
30382
30034
21559
5973
4954
10944
26421
13595
20751
19748
2302
26510
25832
14061
26032
9776
23982
1679
28716
24300
17221
11348
18798
26318
30664
22505
12499
32415
24543
15215
12345
2320
11033
1931
22555
22435
8897
4265
29253
15512
4240
18171
27476
18956
24102
14117
32688
24118
10839
29067
2726
23587
22535
14671
1054
15447
7281
23798
13471
23653
13414
2349
760
19289
21989
901
22682
28797
1777
1757
1035
18822
7446
14422
27024
25271
16173
15445
30622
21217
31497
18256
24442
12381
8934
7207
25098
10795
9110
5903
30163
19190
550
357
12455
14995
28640
16437
9295
13670
13322
19717
23672
29965
9066
22469
10254
15633
5199
29031
13221
9801
26067
5542
13674
26382
19186
8806
18709
21927
5326
6219
14646
967
16071
14174
478
21483
18046
18624
8510
14123
30386
7431
23604
18092
20748
1109
5205
14252
7951
13357
27698
6534
24387
19974
17915
25698
28074
22189
5094
9408
23638
14343
18114
25466
14079
31312
479
24681
27177
20817
12335
22894
24963
32426
28598
23154
15526
9874
60
21648
2576
15601
5236
30202
20397
17364
12975
9761
29578
6882
5851
22706
29355
29750
886
17823
2551
13968
31388
5976
8717
20961
10726
3186
17749
10116
11335
30217
12995
18921
27238
4359
17939
16528
14605
5912
13110
16066
8702
21811
9529
20403
32659
19132
10632
11230
29943
21864
27148
5451
2737
26925
24124
20958
23693
10816
18522
3887
20574
8867
17807
13048
24694
2871
18694
27448
10121
31512
11123
16648
6057
15103
23690
12583
12121
8311
15005
6341
32673
17863
29845
19050
25621
30858
3985
8829
11686
23631
11098
24085
16463
10696
4396
11300
25386
30928
18612
3157
897
24649
1208
13728
31229
16259
23715
3981
8757
11848
6488
25425
24805
31276
29118
11247
13387
27528
17699
16961
21122
7314
27079
12049
14022
1665
20867
27732
10674
1551
29472
18999
11276
12543
8604
30404
28654
21185
25642
4760
18368
9665
2975
23675
6248
29663
29886
29090
25517
25476
15120
31867
8650
3081
30692
29280
32464
12219
1440
1477
24454
4458
27846
293
14712
17967
20761
10597
20131
22463
6732
19606
3742
3328
31396
22485
18880
29115
14729
18153
18161
2837
22891
6664
19928
30982
10045
26496
9576
8122
17772
18694
16898
17072
1041
16366
15819
13630
8780
354
24156
14392
5802
9071
24708
4740
19381
5166
24905
20954
23735
18311
8679
15100
3170
24676
12990
31733
24029
24897
7140
713
14392
3798
17101
1020
13081
4113
3588
11126
12685
6749
31568
7188
2004
19643
2720
26513
21169
9338
20020
19773
10767
29065
28422
16715
5549
3062
14755
16084
28199
20080
29489
14525
437
31983
500
7183
471
26989
11915
22501
23155
1933
13422
9735
17462
27593
25887
5097
19865
11101
2208
14393
29398
29305
18851
15100
6306
30069
1785
20213
16209
27676
23137
32608
7329
4421
4713
449
32755
25703
23673
6759
1703
11021
22984
25031
13947
3948
17219
10713
27101
24464
27678
30086
31691
1858
28744
6531
17348
12105
17273
15970
28188
18349
10431
20274
19592
19756
22568
22107
5997
18350
5831
24480
13826
5876
20756
1820
6018
14138
21479
319
21170
13524
5557
8667
23636
7736
136
30639
1237
1222
31850
19675
15840
3777
29667
31043
4691
19010
18505
7536
26859
18410
21777
5607
8950
15620
19636
26008
31638
13126
27911
14204
23962
7655
31045
21725
32258
11424
27445
1841
18310
29032
12178
7969
20170
26738
17023
21420
29935
7653
15492
13354
3653
31986
29053
23050
6926
7399
9892
4515
6724
5680
14685
19851
28419
1418
8631
26761
32649
24786
32170
3173
32760
9545
20668
5902
491
28957
24131
12001
9894
16912
3126
21279
5262
16575
9923
3891
30875
19449
488
16589
9071
7277
28152
76
29500
12633
25993
22720
26590
856
29680
26083
25058
26507
18703
29915
12981
27679
24191
1481
19573
2214
21777
21774
31629
23606
28403
26358
6232
4818
27766
13258
17804
15588
5593
4082
2783
11698
12739
32696
17316
27285
6266
6180
3546
23702
21766
21245
13416
7464
30639
12194
9157
3391
12223
21704
18671
21654
27797
13994
26668
20810
25137
14434
7935
18172
22156
21212
16526
1638
28090
4706
28652
5466
28407
6444
10811
22059
11215
30060
7738
14912
18660
19405
9469
10887
2723
25935
3443
28528
22417
5181
8309
19849
31470
2466
9201
15282
10783
1485
17377
2154
12887
23918
22590
32042
2122
22052
10347
28867
8856
23753
11854
22121
22453
17580
27631
12289
25916
7452
29317
11292
12480
29686
29176
22825
5335
814
27452
11662
12523
282
11315
2183
22959
10868
14162
21866
406
31277
30190
21485
14089
1707
9629
10165
16801
2197
31323
24121
6357
14635
11782
32085
14327
28398
7465
23360
18618
8972
17584
30896
30816
24856
21249
3656
13207
28847
32087
8465
4080
31706
13241
1655
22896
11374
13751
23305
24545
25833
31947
24966
12851
27210
2029
19462
18764
19307
24744
17211
263
12665
25145
30998
9299
31922
20773
32558
26591
18506
28373
23549
14459
5037
16589
7609
17413
12688
24848
702
32379
22782
17457
17617
19466
10391
28083
8547
12404
15642
15230
19752
17711
10645
11378
12058
24142
13081
12807
5733
27700
3472
29448
6221
943
11268
29231
31551
16293
10712
15595
4894
15742
20710
20182
30656
27579
13513
21990
17391
6576
2728
25119
2024
1460
29001
19975
18987
28250
8347
14904
23290
17729
3517
1646
25591
4969
13239
17769
31026
26194
22626
25882
8641
17038
25933
26532
14056
187
27494
3746
3989
8048
1898
28601
32200
4412
18295
27783
30006
31112
25129
15489
30185
6510
30635
11221
3801
26973
3064
7886
21075
22261
10146
11578
32505
1255
31375
4956
28656
11899
22589
32687
21908
1488
5040
15039
19051
11788
15172
30696
24288
23595
3919
14159
30117
27181
32014
1714
19768
29562
14516
25443
16214
10160
14766
10850
14311
8017
20171
15213
27732
23892
16299
10818
23021
26229
12973
5909
26593
17180
2654
32737
2073
32101
25998
13722
7355
9328
28933
12022
25946
4020
24027
19310
4015
433
4437
6938
27726
15210
23473
4260
27158
25838
20979
6959
498
1525
30131
22923
8176
8600
13316
17782
19791
8381
2058
10645
25228
26258
356
17411
24186
14785
18624
31551
1879
6797
11230
1310
8773
22784
29485
28285
7731
5272
15846
19140
30547
1094
30565
31550
29211
29582
21751
19884
31511
6534
26097
30471
16089
23117
28688
9621
23478
32274
25395
3487
26082
12868
2368
25112
17046
28427
10932
6856
10053
15797
15770
8540
25226
22287
16619
20118
7981
18542
30893
29463
13775
18949
21394
4352
24791
19226
29809
7555
3592
4377
7610
105
29194
31033
15592
11843
27726
15555
12433
9167
7093
12099
17909
2947
29382
18639
18293
11080
4296
20023
12525
15351
27035
5786
1339
29456
23515
12160
21680
4268
4574
12071
14464
18905
2403
8291
1737
31144
1852
21523
15587
29353
1661
17505
8952
2466
31324
19048
17642
26374
24935
30014
29703
6879
13833
19935
30104
29854
24649
23287
4622
8572
24647
17958
7150
17292
14826
17153
6795
30485
10625
5612
30931
29919
6678
13992
21738
32350
3945
25308
5850
26023
32668
10473
1371
13511
22919
24786
26868
21494
12516
19877
20099
32075
23223
18768
17332
10009
6818
31750
2218
29164
15731
17550
18996
466
27585
19521
25887
26102
26866
6762
24688
17857
30542
17715
27235
18763
4117
23123
600
21045
294
668
21397
8022
19374
1819
30437
504
7281
8664
21917
14819
15146
807
11499
30432
26258
32689
28073
5828
713
12952
25314
10615
31874
18462
32210
15382
29306
21536
5196
26940
31405
17840
27203
25804
27560
24449
22359
12620
7151
29161
7345
15924
30222
20087
5232
18635
23139
32589
21647
11619
26597
29178
20163
30865
23295
25537
8328
10126
17615
3690
25082
14699
10250
1700
20153
2958
8830
8560
20266
11799
26128
8525
27706
12163
11245
14194
17660
22421
26099
10616
15046
12097
25466
32423
8038
27500
94
12272
27444
16832
29328
3670
2363
650
11863
4483
3919
19972
2523
4891
9596
17567
4854
55
2554
30046
5408
23169
28173
32332
28446
30192
13556
24209
4149
4144
29456
11779
20279
12643
26184
6427
17403
25013
28480
15654
7877
8411
6854
9763
18243
13912
3778
31097
8693
32145
26484
14722
2063
20891
30490
21298
4223
16843
10351
7317
16686
20086
32352
21438
30883
23217
32390
4372
19242
16858
25076
26153
24366
27038
25187
19044
11499
6162
20172
9685
1133
17144
6238
18626
12023
3358
4649
15498
21500
22681
13331
8502
11567
13181
11248
12492
15875
8877
29953
8899
11336
6882
7306
17033
7651
16924
7407
6344
26184
32259
9190
22123
18128
22829
23141
20212
10099
13778
2702
18930
4888
21705
1934
18661
17233
12505
2272
12372
29592
15977
8274
15855
30510
31461
12813
23546
32689
22956
31488
31421
2651
1726
7135
6152
26691
4988
23886
358
1422
30882
12819
8566
9159
30297
17814
22217
22707
23456
24438
5841
2885
25764
31182
15973
30184
5324
16416
10031
23829
718
3010
9515
30471
22813
17694
7387
12756
27134
32314
9216
16138
30293
9121
30272
2399
6576
9282
9711
12612
18817
14686
25857
16724
15620
22231
29530
14202
6039
8331
4638
27597
2116
9575
18814
29683
792
25066
19051
1461
20268
20972
22164
31447
18714
26868
4172
17757
16762
23803
1077
25921
25232
21093
15925
10786
27321
13380
14056
20413
1538
5259
19184
27030
17249
31089
27308
21892
10673
25983
6532
23229
23575
13388
10799
11516
18121
18935
2722
29319
28749
21837
29329
14177
7101
1613
18276
28496
18853
6567
19390
32048
28251
24168
30576
5623
19872
25950
1617
10074
13348
4537
4548
7000
18743
10353
26620
30590
2573
32486
28145
30365
10544
3803
30414
1777
10169
2198
152
13243
1948
26534
26499
20888
3156
22625
4110
26103
9387
22118
22661
24223
28620
24372
28056
27633
9635
1022
9809
16681
18319
24704
11717
32648
29105
27375
29539
31295
1611
20598
18165
9788
15090
19583
271
30577
20154
32664
6560
28986
25613
30529
4137
9835
23131
3971
29667
12019
2619
10140
14887
8883
11661
1202
13721
26599
5618
12411
30315
7138
26847
25048
14583
28915
27873
9963
26860
31113
24214
18508
18466
23825
5527
7103
17024
6076
23957
14143
21082
19876
6800
21638
22640
8933
25735
9500
18184
5572
6122
25694
24470
23597
12335
14908
24560
15569
29586
21102
9678
31774
17400
26851
8012
15529
29929
9530
27827
15976
17579
3222
5669
8024
9102
575
12771
7679
18546
27457
10568
19845
10306
29899
17431
4984
2329
1023
14261
5836
31746
11870
18443
9172
28484
31888
6865
10170
29335
18316
26887
6791
11139
4235
15723
10918
30054
4537
9416
17239
2889
16086
682
8301
16728
22574
30295
12715
3844
29292
16785
15150
19810
4430
27828
1742
7807
27237
1136
461
18383
3365
3333
31385
17175
4320
1976
31165
27001
27829
9057
22521
10188
25297
6188
29340
12545
17504
8551
20480
10017
4187
16800
30916
19242
25876
18022
18001
3437
18028
29818
26021
18775
30914
14534
13224
10317
31349
1111
3390
13456
20473
31447
26929
14928
14816
7380
11926
23975
31400
17106
23769
25216
25387
3678
20410
25468
26605
32257
21943
21837
392
3572
10746
19955
10304
10192
27594
23170
2028
32521
29924
5867
24019
28820
24787
24398
10768
30716
30170
20810
8061
29515
26159
25758
27394
22143
15229
1820
9951
15962
25323
28817
1471
20039
23693
18180
19516
22150
22488
15325
26509
2787
24579
16017
6072
7319
15179
28944
28983
9264
19238
9169
3734
718
13415
14716
9803
595
3550
5930
24100
22750
12234
22299
2060
20737
19965
27034
26445
27532
20563
3940
32512
7399
4504
3660
24189
23434
6424
15126
6274
23362
6270
9786
26332
27948
32017
23773
10643
32462
8884
25352
27841
28871
21215
452
7089
201
20728
27643
31352
10068
11798
6975
32147
30107
4356
10959
7820
11098
5413
12826
19611
12544
10447
16486
13117
20144
16427
9742
12117
28385
16859
10356
20173
839
8716
8877
4493
15748
29297
15170
3752
25969
1576
17665
4361
22869
15148
18277
13321
1111
419
24543
22124
27065
11015
3707
4329
26798
10748
22184
21047
6074
24031
21588
7292
29826
5808
14892
25105
16323
30097
6778
21108
1217
25799
28829
7075
29092
31510
13462
8348
14788
15265
11379
2881
24710
23275
14307
29211
9371
16670
2621
14138
32219
809
30420
17375
4892
10374
12619
13244
17565
27544
13562
1299
10968
14215
21805
30874
17861
31136
1722
28396
31504
24507
22073
706
2709
7546
23457
6194
32511
22096
6536
13664
24094
21196
29845
3720
19043
19007
11982
3294
6430
841
5665
3190
3890
7845
32125
12506
27475
28404
32252
10238
2529
30753
8190
26783
17222
10584
22351
27852
24315
7942
4748
26443
814
4359
16333
514
8885
12647
75
2441
25992
12855
8949
26766
13299
17419
17940
20320
27094
20963
12638
25709
13818
18445
4511
6720
14182
7915
10182
10517
10559
25364
680
14064
8549
30961
11911
8581
28906
30368
2060
9340
2178
15701
4053
18628
5625
12830
16239
11359
9838
27541
17970
18295
22834
29515
11162
2079
11420
24793
10680
6460
13217
1169
15282
28927
21810
32707
15522
20920
9295
24031
11094
16891
27225
3477
153
23056
20142
29657
8704
9105
31004
29154
3910
1266
24957
15105
5240
26824
30599
31873
28291
13649
10083
8130
3798
25948
20221
21861
22940
1878
27115
773
13177
10573
22082
1421
697
30945
16779
17316
13277
32677
30374
5897
143
23177
22366
11588
5818
14618
10066
18779
15561
13192
10087
1027
12246
9531
23016
6042
21573
14435
16247
26142
31999
15978
15481
2256
15286
12786
12361
19869
28961
1307
3974
9843
31912
17971
30937
8484
30186
30074
4373
13904
7429
8575
27704
13294
7754
21593
11661
20059
20749
29917
28203
10153
2609
16377
11778
1769
12738
28870
13494
16523
19511
25705
7411
20413
30550
12374
1244
13553
19744
18060
13470
18314
25174
1495
16717
18976
20975
20714
655
21962
30448
5517
27032
10161
29281
15278
18164
5271
24638
10410
9151
27240
24661
8973
15310
29688
26628
15246
24643
9933
9482
31386
5689
20503
281
26154
28571
16903
12548
14091
1148
8014
12518
29513
9275
5480
4834
29934
10954
25960
23004
14129
32102
21854
10010
15155
7089
20697
31926
26577
28357
17036
19444
6484
13824
5337
9590
17330
32102
29549
23580
14124
32700
12904
4643
32455
26346
12193
28003
29738
9517
9296
1518
29542
10458
1020
23410
12441
19233
31938
32575
19426
14800
11463
15630
3758
7930
15867
25541
25966
19752
13302
5236
5255
28349
11047
18288
3066
31703
20736
57
1745
1657
27251
18589
2036
12002
8819
29848
8271
31536
20196
12599
25996
19862
8420
27416
21212
26275
19755
26865
28221
21488
3846
4445
15473
22770
5169
7752
26297
16000
18945
9318
21550
10504
2636
2843
12202
11417
20678
26301
13718
11469
24505
18750
5300
21916
14257
7759
6250
2371
21041
3231
9356
19468
13006
6194
27808
5625
30367
4870
13141
30738
6189
12358
6929
14868
16906
20257
13647
17565
24252
9736
21295
5976
3701
10558
11039
30568
14862
10545
29599
27851
15856
9259
13696
18446
8672
25933
23840
24860
7313
4746
4369
31496
13703
19074
25627
26407
24159
27898
7439
9594
26307
17510
25959
11518
30140
1550
30302
10826
32712
560
31082
17
13515
32295
910
32662
21712
31692
8180
26629
28766
15467
2759
23818
28821
32447
4813
28798
16237
9064
17818
14697
28771
30459
3687
12451
30661
22773
26876
20593
11428
25695
12042
23430
28072
19840
11086
3436
31536
9332
32548
17028
11105
2143
2622
18959
5321
2182
23969
10366
10430
7544
12983
13153
8364
12827
30161
23770
22497
19104
27197
20590
8782
17489
9337
8095
21591
21704
7596
14089
10102
25371
7745
7499
26582
216
14236
18282
3719
27020
4622
12961
12034
14875
6417
2362
1532
12017
28805
5716
25263
329
3123
3901
2148
8946
31606
11826
11709
27309
7750
25250
10532
8078
14218
9159
17133
24274
11760
10439
28515
30117
1861
7312
21460
20966
9078
23857
27063
6483
9826
16697
9904
2656
24232
29094
20660
27207
25477
27978
16009
10764
21219
27771
4561
16977
19734
13042
17317
6995
25291
11946
9035
25886
15278
32694
7096
17315
23196
23241
12343
15945
4108
8139
7567
508
27296
24229
21924
28342
10993
3457
13313
8452
6383
11729
18224
23530
14523
27493
10002
6494
23280
20093
28258
6327
21429
4223
9798
5688
9495
12703
12754
10867
20154
23255
31444
21984
9496
6500
1975
27088
19330
26043
20335
4773
17058
5661
28957
22081
2459
24095
19274
8619
17275
21874
22269
25366
29492
20996
29595
23332
6011
21166
22556
17184
21615
11155
32088
19716
31738
10407
29158
8821
30648
3429
23724
6717
3608
12598
1037
24726
32030
14439
20109
881
2714
2418
4417
14628
31549
23817
11835
26835
22935
503
22888
21685
9469
23754
170
27608
9645
21654
23414
16353
2799
28837
17478
2836
30683
18987
14333
30040
22445
23256
12420
30355
7988
510
1104
32374
11570
7195
19963
23622
22521
4318
26563
346
26011
1163
1811
25802
18776
23207
21754
9088
28322
20529
24634
3145
14491
2703
6021
15056
22642
5923
1306
23646
12913
19807
5623
4416
8635
8756
16421
2561
20378
11857
19247
11493
23376
13307
22329
28506
20517
26520
21914
6241
9468
11421
10964
19905
32389
11113
27389
15501
19367
20820
31401
28682
17912
17064
10703
17275
8652
26158
1902
3775
8250
5183
11189
32295
22196
3842
21499
10645
24502
20727
12771
29900
22783
23064
29515
27070
22374
2503
19179
20874
20486
20300
24963
27388
24081
7605
31004
14413
25846
5159
3618
1918
5741
19658
3920
16879
28785
7712
23819
30088
27662
6436
25113
19294
4938
7755
25942
1500
5755
16643
11574
30940
426
25012
24909
20467
28976
2891
24880
13946
21057
25512
12425
28376
21118
5308
25508
23891
30108
25730
9429
15542
8044
20834
17902
32303
2918
7271
3988
5315
11518
2275
15383
20559
24317
12491
12485
29876
3287
4407
22158
3130
24513
9178
6447
2305
8169
17937
16558
1198
31698
3791
10046
20414
17332
25105
19609
17880
6810
16738
23029
29845
4281
14616
23275
10550
10581
802
10397
4583
2269
6539
112
28116
7602
23234
14858
20314
21130
5789
31087
30634
25008
8571
21854
10391
7464
22768
15598
13732
17042
23457
15112
25394
15073
1410
634
1626
4086
11618
6510
8863
32076
7668
30773
1394
12467
22238
24545
19237
11842
24709
20980
31376
20942
31165
5425
22156
12075
11856
2078
16304
18409
6409
21882
2851
19483
18156
19282
16695
32128
13955
1602
18207
7826
18999
11349
14657
11927
25197
2491
7140
17044
17664
23006
5576
2050
10996
21653
6384
9511
6122
15073
20369
14018
16441
17434
12299
23244
10570
13257
3977
30154
16560
4975
7907
27805
23756
24833
1363
14898
13724
2283
1092
5934
20736
131
2539
19304
744
18358
30185
5728
2008
8191
31074
6205
31884
23863
5579
4334
13311
4634
516
10422
8761
28241
26452
28159
15581
14846
13332
7173
3304
385
13661
18053
2132
25393
21056
25411
16678
536
13206
20248
17118
19042
18395
10555
9358
13505
25128
24778
16431
30052
31090
19603
23837
12458
22158
27082
7563
6112
17373
29618
2618
5843
1651
2710
13761
573
18579
14570
2320
21335
15611
11780
15760
8793
7493
30086
23494
14086
5249
29798
22557
21157
22325
18138
17741
11077
6074
10389
22418
31313
17870
1209
10765
9538
822
17571
30598
14072
4145
429
26694
23779
24286
4543
6937
10458
16731
8045
18148
20861
18107
28453
8595
3714
23934
10726
19089
26841
13388
13823
12999
700
4817
16919
17453
12784
16398
4964
4396
23950
21335
1906
905
19100
9354
16507
29437
23873
11114
23355
23126
393
22627
13335
19824
21150
12737
2761
13788
14548
6934
4339
21488
26641
25139
20348
2082
6609
19630
8593
28037
19851
29757
1190
4077
19015
14074
28974
22754
18270
27482
4124
20949
29769
16824
31173
13661
31045
25082
26670
27625
12488
6437
14030
18756
25347
10390
15797
685
27968
26162
24697
4202
9998
20583
22492
21016
25417
4049
23817
4133
21528
1884
23590
880
13974
21421
13270
14255
19094
27526
19209
4880
6459
11229
5774
7713
16048
7311
3182
1253
20528
7234
10450
21857
9608
12414
30527
22775
4372
4877
17088
23156
24695
19112
5949
275
20420
28131
21852
18009
20477
28816
13278
29042
32672
24744
30382
28472
10117
8321
32146
23336
23628
22232
29609
31094
2068
6235
1699
22090
22163
17207
15188
4894
9773
10662
17500
19190
20944
9256
5057
1067
20984
14795
26774
20334
30338
24087
17107
32063
6460
27333
32467
31985
30915
19634
26623
14677
6245
25193
11068
8150
1938
15427
18404
6976
32718
4150
30158
19352
15391
11137
29636
13554
25339
30881
15499
18261
15855
21162
14858
23762
16662
6620
8936
15100
1662
18937
832
25208
4330
15590
18703
8420
21700
24435
10315
4951
32545
25667
10810
31381
4044
19912
26094
5445
15666
4764
3784
24219
26691
26882
14983
15131
26687
7736
7928
8346
16050
9874
4380
19983
8779
25164
17868
7955
18747
17805
13531
31236
30225
7131
6595
4835
23251
7929
1271
7875
25613
19017
7650
30138
20336
17546
6744
24967
8735
25982
24365
27879
9665
19234
13741
9723
16007
21336
22001
32006
29683
7231
21547
7659
22953
10723
30170
32702
29506
9821
3847
25276
3264
543
6814
26799
3393
91
7088
26966
10914
5201
19741
32500
16957
17358
24282
7287
14366
32021
4586
32154
5251
12731
28398
17564
10338
19237
13994
19881
8180
2202
553
32192
1362
11150
11547
13505
8363
10207
6770
13785
29911
21760
11359
32717
17862
13279
10873
6981
30771
24089
13482
12403
16388
13794
17106
829
18274
24185
21309
24288
24446
26191
4585
29632
16689
21641
14646
5067
12645
4880
13718
26126
27400
17187
4782
17361
12693
19938
7952
17746
9990
6258
18259
17285
19322
20100
2655
3177
3546
31540
27477
21740
17112
2535
22792
26477
2962
2833
30972
26298
22014
13144
29175
12445
23884
28914
31016
3439
11333
9730
23817
17181
32127
2417
18748
17320
30612
22307
529
26056
6088
22746
24578
25437
1916
24840
12838
24229
18494
22556
32688
1198
2628
12615
7688
31763
23239
29944
17857
16607
27005
30542
18508
11022
23051
1817
6560
8325
8942
4215
11344
73
31077
30240
16004
18374
2346
22387
3994
6508
23076
4852
27824
23410
3875
553
30049
2341
32138
567
23097
29894
29708
9325
13854
28330
10669
28860
28084
24616
280
27642
4930
25852
25273
30825
10481
9052
18940
20821
2870
21412
5416
28552
24177
243
14605
7652
1555
20962
21469
8869
25729
10171
27758
24116
18317
12300
20421
3227
31464
29942
5775
26507
20584
24021
2331
10771
27059
2509
27305
29120
5018
19221
15816
19389
26568
21263
5714
20200
5281
19472
31359
7110
22593
12046
12699
6261
16306
8401
27250
8495
28213
8472
18502
8381
13429
31157
30893
22171
32644
13237
20920
29643
21530
3353
24772
11147
5174
9485
8926
2505
13827
18585
19904
703
20626
13222
9939
4433
6858
8130
4091
23137
17370
21040
11787
8716
22246
26243
17644
29906
31227
28888
13957
31806
22431
2460
31219
9504
26908
5972
8976
13570
27548
21661
24030
7313
28988
31974
24275
1848
9812
5787
19296
13764
13162
29548
22923
21651
24368
13635
26050
4955
12803
23274
28046
24050
24873
5105
18915
19285
231
21398
7540
19396
2558
26713
888
20027
8685
2911
8280
27834
31783
4985
16978
15667
16516
18757
17225
2860
12278
26970
8475
1732
2474
23337
16322
30311
11433
29801
9508
32147
8834
21488
18108
6131
18030
7626
9872
2367
31152
2413
10529
6851
11036
12665
27227
18159
30732
1463
20169
12440
15454
2549
13091
32447
3265
13576
10793
11390
22042
10701
182
27790
8259
10347
1969
5161
15361
19742
27336
31198
19838
3197
4696
10257
8388
11937
27466
20817
29946
1795
9313
6420
32071
337
3017
8396
11168
30452
31990
29681
10696
10648
2232
23517
8730
19294
31370
19529
8200
29913
7301
9844
27886
19253
16167
4907
661
14231
19913
7069
12863
32714
27764
10327
22455
12511
31074
28080
13015
27419
12514
27355
20967
18727
27266
26310
14918
7586
31648
21607
2560
32361
8026
10345
4510
32270
7190
227
15952
5765
20761
15925
11631
14544
21649
8045
2280
4568
22227
27907
7043
15331
2640
8691
20493
19173
31723
18520
31373
17920
23220
17650
6174
19648
23077
17511
22817
12232
17555
25903
15316
22889
22604
16938
26177
11594
9795
134
19301
21004
11249
31787
1697
28846
6804
9429
13579
29444
19141
6378
24514
31707
4015
9367
19763
19803
4794
28730
31170
22555
15897
22182
30027
11129
14234
11967
8501
27779
32716
19359
25435
12497
2624
26943
4803
32072
21470
19867
12856
18277
11262
11895
4483
8785
19545
22525
10138
21181
