8000
28943
13879
26080
22017
879
1002
193
22668
21619
29525
1930
5003
31800
14554
4726
921
24168
15436
26855
31061
12587
6158
11159
25932
4649
10711
18973
8262
1395
3486
29904
10314
22260
29813
2300
6342
15079
17625
14542
27233
23057
6364
4298
24024
23351
21687
20736
21853
18418
24552
24269
29462
6098
528
26101
920
26908
6544
26371
31835
10237
13906
23990
29943
28132
1013
6180
18837
11898
13427
7688
20378
16733
969
14631
15882
8285
29256
28471
1929
24246
23151
30023
31342
14591
20450
15272
18882
17576
8227
12839
26324
31750
25004
24955
29174
17576
18919
17779
29279
18687
14889
19586
8642
30295
9664
13893
32259
10835
26877
28164
17687
8968
27153
24359
10313
9241
23308
28759
23072
21855
22529
12946
7158
29919
15594
28525
26410
20344
219
15212
5442
3255
13539
31367
21771
20453
11832
5002
18220
19260
25628
9171
11348
12597
4187
16571
18521
2619
28563
11228
1438
13747
3329
16118
1595
26362
15719
11649
12339
3497
106
23858
6616
24259
3626
21838
19138
16781
19557
22957
7597
2573
28126
6914
12201
11180
15002
7514
12516
29705
20456
13647
150
15428
6414
21240
19380
17875
26787
10956
22766
32124
11225
26688
26060
251
7844
30187
20938
9301
10197
15647
22554
6887
14045
23998
8392
23695
5249
3895
24752
6581
18542
1155
16500
26756
21055
3255
19297
13384
29534
27218
3182
23891
14025
13844
9442
10128
29954
8887
20436
25292
4906
30861
4304
25446
32056
22531
22400
12244
15602
28052
28013
3691
22017
24663
14842
5951
17980
20417
5498
15980
22398
12449
17463
8509
1274
24
24803
14624
2230
21015
25998
19128
23023
30233
21928
13932
4190
822
29593
18635
27305
11188
26223
21379
11689
23039
13851
9511
21867
18840
4446
32666
17990
732
27634
6591
22709
651
13734
25626
454
18749
22833
22483
29755
539
2501
2019
29140
10370
23324
4048
12164
15274
16308
30136
5460
5889
31336
8612
17137
17962
31512
15114
29548
24418
19286
22373
15069
14973
6259
29347
13673
381
20405
11531
22258
6228
5658
12344
10813
13612
14953
3747
12999
218
27319
2451
22814
18810
26547
23549
8411
32245
20015
12278
14666
10807
11718
17469
32325
7452
4458
27261
19921
31597
29295
29349
8683
30938
1166
31069
11558
6908
30022
29691
7573
11952
17108
13799
25947
28198
18717
15517
29297
28117
148
21312
18537
28190
4364
26036
29983
5271
7794
17582
16698
32504
18528
29829
7706
652
4147
12197
11316
19864
11339
3793
1275
16642
19124
5688
358
5625
5674
27792
19907
5319
10860
17414
18617
21431
8506
32710
30726
26038
31617
3043
7488
17118
27312
10392
420
2635
11528
25406
28225
15336
24055
888
18942
17988
4918
16019
5954
12482
23286
13987
15737
22714
4675
26216
6726
21705
13239
17812
7508
17935
13857
10525
4005
14765
12864
22045
31645
15785
21650
11494
5843
9128
23679
3661
141
30622
30214
28473
4536
9623
27413
27715
20297
4599
4074
23250
6833
29954
19501
13867
21293
22143
28060
21017
23234
20845
29669
24359
1234
30081
12652
23533
23314
31610
12767
7805
31037
15636
12571
8906
24489
30580
10224
11568
8262
28208
31280
12909
18892
14652
7942
876
15452
2378
20398
24932
32421
21345
167
19928
16359
27632
32542
11635
30437
28877
25581
21404
3877
16761
17854
16082
9509
13200
25425
24724
8494
32746
30956
12771
7812
16029
2577
23213
11717
19942
7505
11519
17790
3417
13625
9997
27468
28690
29274
27797
4053
24540
32096
19557
5856
13431
18880
27259
25627
15527
1959
9060
13061
21860
25849
32721
9617
23292
10784
29843
9258
28792
15922
18437
23434
3316
27082
20789
541
1064
12096
12633
27486
14368
23684
2867
19389
9856
7429
19006
8868
348
30009
16874
28107
9583
6505
14154
31504
13714
6566
586
1473
10699
27663
31669
30152
18288
17783
5551
21095
12464
28193
13960
1424
4052
22659
31595
1248
32024
17431
20497
15745
12632
3954
8102
9514
26494
1823
11080
30412
22378
31678
18920
18124
23013
19390
30247
18110
4977
30294
15326
3655
22991
8496
627
23818
12179
20047
30068
25117
23208
21904
27243
29390
6765
14551
5053
4485
3914
24826
3993
16104
12801
19435
20276
27725
26897
17191
24997
26412
24153
5668
13881
12272
17734
27199
12813
25421
12209
7404
20929
30081
12067
5462
24676
28641
16268
26701
14371
23985
25204
5795
8573
23320
26149
22941
15823
6643
3505
29642
12231
18568
22562
14185
24370
23359
14131
6302
24138
19835
19422
29254
24736
11473
22651
19860
27088
9073
8131
27911
516
18920
24182
13857
7613
12865
2958
4623
10881
25264
19223
4413
19827
14533
2303
22713
12794
21624
10529
17763
186
18962
9213
28944
22401
19549
5354
32486
22322
31201
10520
3620
1467
9575
14453
15620
30444
28056
10408
9891
18423
14011
392
11173
21408
8593
17161
17173
15137
12299
22958
5692
4046
5130
20984
11249
1025
13414
3932
23656
4991
22318
29812
6391
7863
14791
19994
31492
15315
16965
29903
23159
21371
22388
5898
27984
21223
7370
6497
23580
11399
2914
4877
21516
8423
9069
22624
8585
15282
7167
7608
23599
21629
28953
30981
12286
10059
23106
20939
2884
25955
25876
19296
18296
10001
9929
31784
15752
21606
12448
30533
24304
21529
5406
32511
29590
19151
3820
10028
32462
2992
10491
12301
11436
15783
21931
10911
5608
1999
5514
15255
10012
29224
11948
23791
13651
5352
13500
30057
11056
6568
29293
9508
1590
28392
28464
22489
17140
644
18680
28704
11545
6579
19490
31514
22498
4201
27280
20941
6446
9597
5643
29094
30617
4812
10048
2674
19803
161
3783
28859
6476
25785
6798
16711
510
23348
7907
29936
31426
13526
11023
31382
32469
32426
25364
17167
27106
32214
25908
22330
21606
14367
2426
791
15534
28027
25855
12982
22616
30252
1959
21183
20231
31683
24261
13487
4224
27416
12652
29397
10260
1126
6430
2481
3071
6958
7338
9559
18705
5291
4170
20961
19327
23804
20272
10465
30505
12907
10558
681
3847
9743
6207
19361
27481
1212
27637
25014
19189
27075
20689
21015
22458
20447
9659
23618
5495
32652
17937
8551
24520
6183
17348
28388
29980
32595
23014
23695
18408
30603
19994
5132
112
9464
17182
22806
24729
24335
23322
28496
31515
6826
11078
32043
18057
14536
19796
3655
21470
26118
4524
4878
9598
14142
32473
29527
13030
8829
7028
31642
12121
9873
847
2350
30551
13384
23162
17607
325
22049
23021
13729
6986
24900
30463
29249
6848
20820
22340
222
7688
9423
26488
3627
1257
29733
28100
11117
22616
1585
24205
6247
16281
31392
17387
25659
31753
30095
10425
1975
10272
9621
26107
3987
5081
14109
21470
5052
16480
29544
4780
16842
18737
480
3314
14927
20369
23947
22222
32647
18577
726
15723
16223
20039
14207
12253
17568
25471
22823
5393
30237
12749
17141
30584
13185
20099
19403
25114
4220
15928
32508
11946
22848
32532
25636
25492
2567
7460
30688
16676
15517
12256
10352
29418
13348
5510
10173
6306
3342
7913
26814
17667
7444
9793
21710
29464
10777
12930
11117
6710
3406
27004
22782
6335
31833
3201
24449
8984
31694
29717
18790
17124
7393
20920
14236
13393
13704
25493
29958
6690
19148
25014
4354
26339
15794
13249
17304
31313
20416
9284
2584
28975
21887
5653
18839
7683
15359
14054
15723
16430
25923
23018
3201
16485
5042
31661
20531
16133
18943
23157
15798
6597
29627
6874
13890
18414
1471
2865
30697
14383
7244
19506
10088
2683
31692
28286
4297
2203
28313
26945
10354
17812
6820
4759
18441
21115
16204
5820
5385
29773
13131
3524
29454
14462
14970
19693
20143
1682
16647
27884
20317
6834
16869
22286
23720
19732
10002
22296
29461
23594
3801
11983
4315
30587
20317
28200
279
15254
24696
20992
1927
6452
20759
658
23474
4863
23701
11433
22798
20298
5422
27652
22274
3809
4992
25514
26585
30542
15494
15662
20963
3993
220
20053
9061
5049
17140
31073
10706
5407
14784
20009
12130
1604
4328
3004
8036
21811
31859
30564
1448
23262
4527
16142
7880
17002
25045
8505
30959
22068
23567
25221
8305
31047
26992
26516
5400
18128
31329
29493
9966
15345
17610
8981
8432
8187
1254
8765
12191
1520
32646
12861
12427
13186
7167
15698
22996
25243
24517
30603
8614
1206
25192
6794
21237
3514
23699
14944
12586
1113
20993
16712
25781
4312
13567
13727
21917
5010
31319
8963
16881
9744
31454
21649
20166
8
6805
1574
14208
5031
13319
29404
5165
9350
20694
16946
23696
19516
27865
6614
30289
27029
15437
3071
4339
105
32009
30595
8698
27770
18762
16521
9493
1924
1975
19261
27788
8189
11987
19574
7943
9366
27167
28967
14525
18954
17512
26012
4475
24702
25859
9708
31019
24599
28471
4925
13946
17791
12411
7393
4171
9992
23001
5961
11231
7969
7092
12077
29608
9208
12105
8979
28247
5785
23093
18226
1831
5565
9895
26026
25332
19152
8877
6602
36
16880
2891
15390
7051
21267
28377
4764
8345
2576
18675
14602
30774
32585
28750
31720
10041
19542
544
30874
10701
215
44
15636
23609
16122
383
29787
21005
20532
5493
20324
8730
29396
3665
5958
16529
23026
11046
28618
25817
27667
30568
5281
21087
7885
15785
11969
29518
17894
30223
28813
6549
25168
27166
17423
31430
23964
786
31343
4409
31531
3258
30267
18898
10706
30528
30187
9874
30359
17121
13652
13093
16709
1395
8439
2684
4087
21429
23904
16409
7654
15691
9705
17759
15025
14397
4724
2227
18750
9560
12326
9820
28744
10954
6295
24038
22130
25673
22027
27346
5520
5889
30966
25890
30874
10359
30432
31258
7648
46
18083
21815
21904
7570
26348
31873
22879
4939
17201
16414
9510
23104
19302
29505
8336
27234
19882
7657
32619
29489
3738
27036
6311
13686
25445
31119
10682
15962
9279
9511
15352
31389
27770
13745
30047
29141
8814
9256
9189
3310
28750
7849
4965
21605
30496
31698
25017
31056
30386
28865
28548
21638
1701
21758
6029
926
6690
27540
8804
4744
3406
2575
3062
20178
13096
28982
20977
24306
14307
31958
8151
16190
3936
3075
7799
1771
23289
13299
10590
22848
17467
3465
13846
24036
8539
29776
25793
3710
15943
23880
22931
28717
17209
32092
16375
4892
16905
27164
7459
3258
8226
31384
30959
398
355
2273
29785
7204
21761
6603
10366
31149
8451
21983
9141
13172
26550
25586
8383
25816
20644
8292
21342
5030
14862
5153
20022
16499
18462
10374
14992
1083
15609
19889
7602
24759
21068
10436
31924
27427
20102
21639
15165
27107
18854
18407
2180
6017
27548
31039
3079
28267
25481
24225
13285
22364
26806
24499
16397
22405
19121
24607
21252
13969
6071
27241
27966
20858
31650
23741
26091
19323
20222
22748
6141
28344
22698
2449
8142
23092
8935
19047
1210
3889
3777
15989
11444
9907
20902
14433
1169
16358
27787
9671
6117
31138
19920
196
19160
23850
26354
20160
21883
8618
3481
32147
10904
4713
5490
18179
10466
4005
7154
26654
23583
17960
16302
200
6917
22920
21878
30432
21833
20268
3855
20591
24196
26970
4395
5681
19181
15136
7442
7547
10443
11749
7273
30561
5983
20977
18876
24006
13207
23198
17844
6393
26107
31284
21830
23879
31420
2324
15201
5562
7381
25834
8809
26776
8201
31150
20092
20704
25003
5097
24001
4994
19860
9081
4359
22107
29302
12696
21264
26924
27400
19307
19521
5377
22015
8440
16015
27149
3738
8934
10347
28772
29379
25821
416
3009
30133
10772
10487
6945
27613
19612
18340
29941
21981
18678
6039
4475
22652
17958
7852
25669
31754
23089
31500
18455
23840
20655
19614
10296
30260
21764
27098
8217
9329
16473
15035
500
6493
5934
816
31024
4739
5018
11792
7109
14439
157
29581
11140
2786
6134
1397
4527
6182
810
7994
11938
27332
16206
1074
21356
32216
9429
28179
11159
15470
14742
17798
17878
27189
4832
25520
6734
1942
16030
18859
29514
24329
30485
16013
23536
29314
6543
17247
18888
24067
18039
18810
25012
19342
7692
12064
22782
21230
6559
28302
23739
20597
71
21402
31142
6426
4456
22337
16269
189
31037
24900
21
15450
18897
20473
26031
11181
23507
30949
19827
2542
17971
18611
27008
28116
30868
9407
14716
25885
26437
21643
17897
22762
3466
32234
8226
15399
29365
18841
19759
26765
14968
7850
5031
16048
1210
5108
8505
17373
2289
3747
2880
3946
13206
13559
23733
27062
14746
20920
11708
18986
10590
4161
28001
30815
26302
20684
23576
15238
26585
9020
13072
24472
2295
29687
17255
31300
22753
10192
15406
21526
17236
3456
18879
24243
7819
10747
11667
6229
17005
4578
13701
24248
16866
11937
27584
27572
15541
10725
26099
31192
17482
3590
26598
20823
6479
21141
10941
30875
7616
18599
28598
24283
17536
18780
4498
26602
23629
30240
16604
25921
1462
15008
7147
12618
11839
30029
17790
29984
11171
17117
10891
23333
19476
26393
19186
9179
27000
9366
32418
19015
30465
31459
467
11419
31505
21377
6155
11619
22131
12519
11811
2317
14294
22335
31150
15095
3720
13293
13295
21609
22276
21084
10769
27220
18171
18647
16728
2382
25314
2565
24544
18947
3766
1897
13783
1231
363
20609
8798
26588
15928
5532
32219
16875
16354
19238
32275
16031
27266
15378
3333
15652
4528
21022
7206
27025
18967
7290
3765
16850
1813
13076
9060
14837
2721
11905
19064
31825
23978
21584
20433
12766
23446
1238
14338
28240
16199
28211
27899
12097
23808
13951
16656
14274
10495
17914
1720
17735
16016
7675
30163
2719
335
5928
5170
27567
6581
19255
12976
20365
23989
1709
23985
17693
18181
16151
20962
2130
16876
12572
11423
32460
9736
31269
4727
4758
16876
8525
12056
17880
13056
11297
6630
5104
13244
15891
8108
18543
28867
25609
13161
13010
2718
29119
28200
31241
4412
27010
14673
28263
25116
8921
23588
32597
26338
31111
26914
23601
28729
21614
13791
5821
30398
9547
18805
29688
184
26079
16933
26363
30675
29006
3589
19470
6891
21567
11557
24375
28079
7435
7475
24769
9396
28321
16281
25723
28248
24459
15161
6924
20000
7268
30698
32480
26508
6165
1521
22480
7897
14747
31515
2365
23436
16681
10904
24885
28584
32588
14642
8213
5988
18929
8687
16921
9671
23602
7739
28223
17271
12844
28796
25852
20110
20478
23173
12237
7021
3614
27946
20712
7989
11446
22232
8698
31973
19893
4823
7670
32257
20941
24961
18786
24846
12906
20799
3462
29965
10311
8239
26112
25864
27396
22329
13911
5738
21032
2558
23118
20573
10961
26367
27047
13229
24778
9737
13225
9957
18099
31148
28393
24050
27422
27192
29590
18753
31686
31030
16110
17560
32452
19604
7880
21555
31282
24373
11185
26394
31050
29224
3871
29378
2894
4490
18799
28604
12548
21458
31961
20315
10857
23402
32129
7215
28829
1832
10184
2108
49
3257
23335
18509
8769
12401
29351
28529
19532
13998
27306
29911
14503
13372
31927
5786
28388
0
12662
32662
26751
6591
819
7756
4356
29927
20624
21414
26254
25808
28987
4229
4821
18957
6123
13497
29989
4710
14114
23526
8692
3141
3269
18915
18082
7490
22101
7699
5240
22368
2659
25247
30055
26154
20645
3699
26690
1014
29020
20176
17589
22388
24321
21664
5272
1229
12324
1964
14594
6501
131
24361
31228
3028
11951
30843
32387
8806
32425
1175
20897
10448
30657
25414
3745
12306
17312
15750
11128
3319
20370
2737
8882
25009
22254
15096
9059
6038
5975
28114
18626
5923
18126
23657
2006
7554
11407
18365
21266
10540
30896
12694
32142
29780
16079
30071
3207
15680
28114
22293
4237
12208
12081
25786
13169
12696
17125
19472
19358
13308
13845
27694
13392
14736
2040
30384
5
12706
25849
5977
19197
25754
24786
5834
1464
21499
4816
31083
18717
14264
1210
18521
8697
15332
15062
30587
30279
379
7512
10749
11503
1950
16087
1723
172
30193
23720
19715
23127
19790
26458
2670
21616
22693
2336
15019
20859
3063
19992
12419
25720
29977
3084
2178
25745
32505
8799
17642
13523
26519
26497
28345
15299
636
15875
22536
14245
9159
23696
9708
6202
23366
19907
11378
4741
3752
27814
29193
1319
8215
25113
18428
28186
21305
2346
29292
10864
28252
4261
17736
15778
12256
32523
884
21478
28481
28374
9021
1630
16168
3089
4893
15934
4252
11178
4345
7642
10738
7239
4412
32421
5890
17404
14972
23651
15857
7986
8304
31828
17925
22929
25767
4529
26719
2790
13439
10937
20928
30921
5483
20187
32203
10189
5081
12725
18774
10038
18865
733
10533
20467
10449
16454
28228
31551
22910
12203
25317
25459
31953
10152
14101
1271
7606
16453
4109
26823
13527
3067
12238
19019
30063
18528
1488
28549
13480
19383
16890
10293
17359
23999
8092
5590
22626
22992
3942
4841
8885
6290
4899
28371
28726
8898
29255
15776
29142
32098
13648
6807
28498
24702
12701
8424
25781
13717
30874
29809
17117
28153
15838
32378
26149
22511
32516
24525
31471
13078
1
13674
25295
3584
31547
30796
7116
12382
32144
17123
12172
10190
3894
21336
21000
10060
10566
29655
32310
10870
10728
18999
592
31172
22304
9931
27802
1744
11689
30001
31559
23384
17034
1364
25324
17740
5615
37
4377
24483
5790
31331
20071
29521
1937
21968
4800
32561
24471
8279
26336
24018
902
23988
29521
32263
15671
12147
14108
32722
27950
27371
20521
24451
27683
4123
19288
11679
643
11672
15502
15051
18751
11334
29918
25639
16500
1351
23232
14175
21951
30793
5835
21332
15253
24370
9239
11017
31252
16576
702
24534
31863
12887
32530
31590
13931
10948
20683
6325
15807
9223
6812
20526
20959
14326
13912
5849
9369
308
3820
26805
31653
31726
12221
5933
3805
13953
12181
1353
15212
8319
18842
2659
2962
25014
32151
25352
15179
18377
15368
4747
25417
20337
12968
32510
24968
13262
5192
19816
1811
4394
13417
27807
21486
15535
16362
21474
20525
32085
16470
17309
26724
4469
31525
29895
27291
25765
29668
7916
3901
24342
4575
6397
21618
23832
11154
29552
29530
3479
20177
6500
15542
21959
23573
21685
2803
29366
2534
12854
14105
16473
11015
22357
4311
3943
28269
19879
6302
5106
6158
23336
22075
7086
23250
11461
30187
171
16052
14977
22329
14472
2499
25977
11289
13581
25976
30889
6268
31377
5701
18251
30113
10913
29788
29196
29586
9997
28521
13196
26309
26789
4396
19863
26955
7377
17082
12442
12743
23731
15013
3142
2272
19198
25786
26895
15515
29091
11747
7111
30080
72
27477
1194
12014
21641
4893
906
31895
29632
25694
18122
31492
25767
3582
17157
27807
12562
719
14640
6030
18426
3135
2667
1481
19025
7253
29998
22295
16909
16023
10636
18143
9152
13590
13531
26501
26015
3513
572
7696
6689
13039
31131
11129
20215
205
15607
17639
8503
16711
23222
772
29661
9111
18883
21252
20765
28163
27339
26692
22432
7414
31469
4582
27867
19992
5180
27906
8904
4664
22294
1627
7325
31639
7003
19334
15493
30970
24976
30841
24524
27119
26560
31012
9115
12925
4112
24229
21255
12366
12209
586
21530
26374
4339
12265
2025
16783
15711
9083
27345
14051
30561
8860
17063
4321
17301
982
16819
6226
26433
8894
4304
3375
23262
12313
21207
10755
12296
26374
12608
13593
24437
18926
1712
3380
27089
14146
10915
16651
24369
908
13932
11271
24452
27682
24647
9954
12986
34
16641
31036
30512
6533
30290
27701
21093
1049
21394
11131
4917
5649
30910
24868
30318
7678
4283
4537
5772
13382
12634
22187
11930
22298
12961
31295
23123
7819
4902
18325
10207
3081
27864
30026
27685
16662
20990
2409
30553
18622
10999
22213
29379
14826
30672
9350
24826
18269
10832
19805
7241
26592
24191
4585
12959
6384
27680
2273
12142
20032
30051
14472
7334
28228
16654
12156
29932
25208
18901
1637
30563
18538
18230
10198
28467
32392
24384
30320
29038
11631
4222
7858
27064
21092
11784
24519
11689
29347
6791
30875
2942
13479
5417
6415
6240
5238
17118
2555
9458
28236
8088
4918
7216
20774
23386
9257
29616
21846
17126
12369
7137
15350
10182
24023
83
28024
19636
9384
31704
10405
21875
21129
23185
18142
14740
25998
27081
12689
24727
3503
24903
30454
32312
3262
24020
20185
21035
7944
11737
13161
23589
6721
19169
14766
28259
23426
30878
17102
26560
26281
29271
19341
27766
30927
27722
5492
24613
28702
15874
31651
25633
21443
25462
10699
4661
4463
6621
5772
28950
15919
21279
16628
7125
21957
27161
24537
20338
25454
29298
20483
24655
10448
32386
20044
20428
11113
27278
31832
4993
27184
4256
44
15282
29979
29598
12225
30318
25878
9943
9877
30050
24632
7040
32631
17939
12387
14647
29493
10399
30555
14809
22471
26364
114
17552
15131
20222
26523
30666
29264
3444
11677
5031
1962
20123
16762
9132
10752
17581
940
540
25786
19239
22029
16742
30083
24648
16094
23260
3870
11660
29129
5763
2552
28416
17379
23695
19223
15149
23779
6410
9946
16988
9255
12711
2017
27116
7531
7126
8137
22084
26877
13595
7855
31559
13710
8673
21331
6674
16380
5337
4360
31943
1636
7172
27057
5701
9059
17832
9678
23304
861
31117
5509
10535
26213
6904
11277
14013
16568
24949
23711
28247
29331
11951
21949
9245
12317
31706
29283
23986
28342
31561
21495
23533
24483
26621
5760
25441
185
17317
24102
8851
30675
22209
26452
15885
21925
16553
8301
2516
3798
29843
14400
9736
18971
32132
30455
2860
27498
2614
23174
14464
2493
28947
10922
3792
27099
25784
11664
31863
983
15960
32101
16633
22259
11617
14148
7199
24638
8939
29246
18346
14177
7042
13617
21002
25863
9009
25176
28786
29283
24379
23695
31673
7082
21237
30399
710
5619
8510
25475
11141
19988
6529
18109
1096
9715
15594
27754
27151
13643
18258
25007
6927
5410
32504
22350
10452
29203
3960
16943
24558
380
23594
28105
30257
733
16773
29004
16094
3202
3659
17343
24240
21894
24143
2584
29813
31626
7867
10615
23880
27946
10102
14504
7294
273
13187
3736
16911
33
26109
17599
27055
21325
23002
1703
28546
9257
32176
31746
29459
27505
2239
5494
8470
18370
4025
17584
30669
21647
26565
32292
24117
2529
16457
30164
25909
1895
18481
20232
8335
1123
32150
10511
11257
25885
6792
28901
10307
10430
7285
7809
29694
24852
12446
9584
24906
23631
3921
13280
31297
2295
4012
18071
11967
24766
8480
31928
5286
14938
937
24663
23370
14863
4703
32320
1233
14997
417
27475
11415
8630
7183
3918
23650
21290
28292
11280
25623
9679
7369
28949
27122
19895
13365
4261
28537
15954
3249
18766
24969
31969
31392
4437
11131
10994
7986
13401
30006
25719
5374
25829
14631
6893
29150
2679
4138
27498
19167
28358
10995
15957
4694
22654
22704
3524
29196
853
27711
29514
30700
11219
26733
26355
21398
1817
731
22236
29812
28839
18388
1775
15289
9340
22046
15345
20741
5222
31388
17867
11920
30737
9763
7374
8030
25429
28270
32455
22784
4127
26848
13441
19191
4264
20955
14917
2693
27243
6265
29236
18053
10936
24953
13665
32350
5855
27922
29786
16060
14217
4169
31248
32122
17736
2782
19095
10803
807
28994
5813
26568
5703
1781
20980
15816
4915
31666
548
39
8558
11437
25033
29969
14884
6994
19015
5273
5943
18629
990
30107
11949
2193
3458
17845
18159
19544
29745
6313
30341
13001
17023
5089
29851
366
13783
25028
3411
28617
20673
6857
16197
11339
19248
2310
6526
922
706
11250
5079
15242
4204
23514
17318
19379
21724
26874
21787
25414
14207
2363
19359
6576
26179
31593
3973
32668
9330
27218
7422
4622
27344
20012
31621
19689
822
18878
9344
16143
12941
13364
3974
25625
24076
31783
20711
1384
7710
16458
10223
9090
22135
2338
21671
22916
10899
16806
3904
1051
15004
19715
14164
8043
9706
20378
30028
12903
4831
2818
397
30553
1188
7459
587
29931
2074
27191
7737
19371
17559
3989
24014
16289
13364
18705
7863
18085
747
25379
31419
26560
23188
32254
24714
1120
4989
8673
22022
16957
2053
15666
13763
2329
1815
22607
9874
5214
32359
3698
25266
1769
8807
3816
30930
13526
14934
17582
10266
19564
25113
6241
19942
7033
17642
23827
3495
6952
16357
2683
21169
31436
32257
4285
31419
15166
7494
26867
786
13980
13199
28075
3649
6121
5268
31175
6579
31848
16206
15849
21276
11324
10128
30805
15359
32431
4102
20704
8622
21557
22355
7107
13773
6177
16014
14354
26155
14506
271
30937
7113
22196
1132
13973
14524
3371
720
16630
7231
26526
18329
21080
30620
17752
13415
4890
18742
31101
22433
20932
30294
18932
20994
22389
11361
4703
19153
19761
6895
21454
17491
20244
2630
25197
11044
1600
3455
26085
32728
32560
4877
26426
6947
23658
30033
7468
26301
1985
16811
29174
2235
16333
1339
20579
11987
1186
4279
31837
23707
30605
11260
8611
15608
4055
16379
11934
8894
23842
32214
26008
25083
14457
12843
27217
11991
1015
21559
20226
30055
2242
30720
30378
1230
25396
4463
31913
20365
25945
14452
29543
11414
21813
10185
14499
20090
4846
12355
10417
19377
7872
19586
16804
31014
13469
17702
5297
20723
26950
15688
19745
5286
29172
14410
32560
22616
8778
18318
8358
29416
132
15218
3668
10338
25312
6473
22383
20706
15635
13951
27752
13462
16521
13342
9287
20829
18127
31256
202
26083
24369
24800
3192
12498
32401
6435
29009
31156
31988
21128
24764
29969
26270
1590
765
3215
18572
28744
20694
4007
7518
26905
31388
15872
11545
32320
32521
1069
3544
11122
3809
24348
17784
25173
24137
6691
4709
25568
11970
20464
6098
31427
29375
28544
26366
22135
22246
215
24900
21804
5551
12973
25741
22074
30192
19494
15541
1667
12091
12846
17439
19097
22789
31332
18138
11070
15320
4877
16644
9161
5794
19790
19570
18055
5045
4170
26779
28542
11114
8205
648
21000
19816
23639
9317
7044
9845
30695
12972
8414
13062
17177
3912
1935
24025
31895
15121
14312
19646
17408
28579
4514
26485
6385
31904
12071
8373
14513
19494
6617
3525
7622
11721
30432
26907
27463
17052
5367
30512
5924
17548
16932
1614
2239
18321
18379
29900
3446
20740
17149
25456
6969
30381
24
19791
29125
30428
26075
19436
17331
23570
13423
13504
28730
17411
16542
1782
26371
30992
32268
22797
17964
17872
736
21698
8712
29197
24056
25811
12315
12415
10152
30247
5391
16065
30390
32205
9330
25852
27770
28327
10992
2573
9070
9990
19654
2387
10620
18910
898
26039
6726
15976
31538
31908
15895
31489
22700
28316
22200
14558
11471
22540
4142
18423
21141
123
15176
3984
25764
32486
6788
15350
30431
12733
28407
13650
641
29018
26274
1700
28065
15256
31508
6399
22085
7559
25032
24353
20942
26086
8329
1069
15382
19149
11148
31695
22177
813
20930
22485
29121
566
544
9851
26483
5294
17463
15218
11946
21242
23998
31895
6363
6412
10136
7237
22662
3941
26019
31174
31214
7294
2877
26517
18002
24711
7078
19218
10756
24397
31019
30924
28270
240
10073
26698
26787
9976
30743
14207
30751
13929
16494
24304
912
23097
17121
14394
31366
2932
17368
24380
9139
9128
10069
7950
14479
824
6043
21281
10029
16663
11958
13557
30164
16645
22906
19909
21217
14583
2532
11839
21867
24872
14529
12955
20343
17319
10378
9632
23960
18543
15493
26406
22876
1385
22414
21690
8112
9258
6394
16611
22854
24652
29298
31202
7462
23973
29410
14690
22200
8036
31458
2540
24804
15573
11686
23435
31795
21794
15158
4254
13058
31968
2886
19557
17468
12905
32545
3938
24187
29748
6244
20885
19476
26131
25747
18356
7786
12925
3014
13586
31721
26689
28057
13879
26749
32089
9606
9829
30246
712
30017
25852
31036
21628
12823
2314
8200
20650
23808
16349
24189
26950
8966
12565
21935
8924
29537
27536
19734
21800
17922
26288
25446
574
30621
21564
21969
11580
26372
8628
29546
10245
5819
6395
15783
18178
9601
28759
20695
23962
11765
3460
14192
22014
24867
10506
31808
23808
17994
27063
27788
30675
6348
29090
1486
7125
18492
27200
23831
12327
30907
25696
23682
522
12560
8185
17898
29208
18447
3674
29377
30125
27804
17097
31899
5830
888
11387
1041
23120
3722
29483
30446
14907
20940
24997
11749
32428
21443
26474
2652
16980
17559
19121
5618
17999
5645
7323
5591
11128
9895
17910
23291
27779
8722
11684
8185
32387
26219
26454
20211
30178
29853
1029
4024
939
29684
31272
13237
12102
2754
25716
20088
16280
12894
22765
13971
11909
19610
23429
5458
28915
30016
509
9454
19275
22233
12335
2040
4268
5657
23878
6103
8734
28675
16653
6413
10686
9972
15972
19952
2721
26131
5329
5789
29590
29311
7479
22631
14297
15294
268
680
2717
29730
31744
5404
24467
7740
31998
12999
27265
4949
14826
3559
8845
28085
25261
2485
4244
24725
3688
15868
13246
162
25167
5609
5220
13525
1915
4639
15671
4373
20763
13360
28029
6030
30283
22087
9863
16997
32599
776
6415
11118
21199
18006
1153
5313
10629
18014
9236
8642
2878
3338
6234
11935
27442
4979
2601
15315
31464
391
22185
15257
32234
3583
8750
2113
29428
16748
26020
31751
19480
15611
6655
26255
19824
4779
31802
16938
26071
8181
194
23646
5865
23344
25924
32056
13528
109
12252
23743
16021
15704
21941
4706
32291
22704
14212
20749
15022
21001
1617
9794
2055
4202
28737
211
22843
18546
32207
18811
17976
15186
32214
13751
18276
11906
30779
25735
2607
13314
11186
17725
17641
7197
15155
13863
6887
27957
16478
1587
24293
6396
4658
14427
17912
14007
22868
10245
19448
20889
8697
16043
21886
20668
29523
18581
18706
22489
24376
21752
11600
28629
10167
8332
23554
7384
768
27258
5208
29503
30308
1576
22381
22392
6013
10673
22730
12328
4536
30245
4570
4119
27559
12914
12669
342
16206
12620
10560
10559
8168
11930
18826
2916
2601
31438
1853
1162
30046
11324
18724
29749
13859
19037
16810
4802
14768
7624
22077
4544
1991
28835
1463
25918
19423
16960
30253
16679
11376
1665
29288
29147
20994
5679
20767
31377
2625
18280
8775
442
27781
29229
19111
24415
27772
32244
30995
26942
2794
29639
16523
3415
17628
29461
29264
28359
18972
1517
2207
20967
29438
19496
3313
1223
31008
11958
13128
30366
7366
13190
19959
22366
13271
25359
23396
30909
24335
13105
8200
6347
13027
29542
513
7246
24725
28697
20304
19149
21873
8702
32520
9154
27774
8722
22191
2669
4202
24396
18081
21612
28370
27990
12386
16800
11737
653
22059
5974
4751
3845
3414
3898
91
21944
14269
24821
7024
31694
20481
5803
32110
5634
11451
8102
31420
25567
31151
13533
10192
25565
15440
20383
24362
15739
14738
8557
6515
17476
19456
21804
23504
7139
28253
27797
6488
32514
11794
28762
18170
21246
15713
11438
10990
30481
15689
30064
4658
20225
18222
3210
11700
9347
7914
22169
14955
1011
25912
839
13676
2260
23431
1314
15462
28939
6889
25949
18042
7613
25202
2748
13942
25023
1338
21854
4910
31987
19348
1853
30257
22969
11561
430
12777
13935
5035
1134
11623
2088
11512
5105
25765
15403
5444
21114
18806
19946
27454
24197
15322
19395
6658
10195
2344
30144
21679
7194
17870
5242
14249
24475
8151
1557
15278
16881
14501
20658
20402
27826
21153
13034
29250
13449
21115
23927
31010
20465
18273
7927
851
3225
1227
10501
18895
181
20651
6673
30824
11115
17126
5246
25390
7583
2958
22428
14401
7273
10062
1877
27945
27731
21657
30076
11586
21957
25455
14440
28700
13318
28504
10034
17771
28285
23402
30889
6929
4465
5325
2399
12813
1326
16544
18846
6567
27571
32036
13420
10619
9159
2236
4594
19715
11004
23953
6199
1566
4754
32260
5706
21319
16206
26582
3589
27897
18607
25587
3643
4538
14131
15261
2381
27458
912
870
3035
9233
25928
860
11101
26710
21574
5513
17399
4359
16943
3060
19054
12093
15419
28004
21427
2680
20433
9979
30643
12323
6278
22390
21338
24927
25167
17948
26718
18484
15812
6497
24147
20311
31889
28744
15528
28014
11976
14534
15828
655
29638
31932
1473
15332
12770
6963
32086
31285
15959
28074
29604
7128
20705
19841
2287
23017
13791
613
28194
5723
351
31400
7136
1989
1828
14145
20117
5823
17691
1849
26601
12137
26172
18826
31704
25285
18683
13334
29340
14725
25748
14645
21859
16723
10
30606
9881
11138
15585
30236
24834
5701
28946
2932
29933
30971
25301
14066
19208
31992
18354
31192
28480
22825
30093
23775
19164
2730
17916
12262
30924
2193
8662
30142
6836
20627
29119
32631
8431
15969
28047
16614
23782
31480
30577
10297
24004
16749
29063
17142
1926
6406
22508
20444
30464
1799
27234
2465
32327
14064
11519
12844
18480
8678
6438
22351
20913
20112
24505
16636
20982
27778
16015
16832
32249
9234
30394
26858
24579
24768
24566
25975
6496
22963
20618
24771
14365
5985
25759
6837
643
23036
25258
12907
26204
22706
25877
20771
27219
3475
21916
27432
17987
11556
22282
12962
30926
28571
13800
20343
6786
14109
232
22707
21450
866
2790
29032
7698
16962
31761
26927
18513
16904
13505
29056
15443
17744
29853
8575
10452
10506
25437
10722
9189
12499
13167
31034
3371
13750
23498
24566
32317
12333
14002
24602
23107
25500
3222
17379
25202
15954
25936
9297
14295
31583
29230
28018
1888
2359
21705
13596
20186
15285
22105
19133
7176
9519
6250
13992
32043
9505
31630
472
867
18555
105
10663
23360
20550
17438
3122
31763
6052
14700
7912
11276
14841
31596
4146
531
20649
17149
28220
30083
11873
14792
20363
8336
11589
21449
4425
28666
16238
23073
19289
10275
30991
5433
7594
20835
32157
16121
30002
31965
16347
24754
26909
32021
8040
12224
24902
18615
26684
23159
15117
4381
14480
9433
20630
3791
13975
32155
4492
8907
31190
2776
10790
2721
14971
5754
11269
14589
1572
25213
21903
10126
11828
13808
26844
23402
26256
10305
12164
30965
9240
28954
151
4259
18758
16992
4399
5735
30781
7917
24689
4154
29453
29642
1509
13458
11178
24475
24969
11942
8251
22971
29262
11485
513
24281
11446
21486
22471
26127
22648
16976
8788
13544
25071
24930
21072
20300
608
30316
12686
29378
9219
14519
20484
49
2184
4236
20207
17641
19226
13232
32389
1150
1607
12679
12475
12055
25500
4864
28351
11365
3906
14985
26416
5149
10366
8344
30291
6103
1348
13775
25227
22002
31530
188
2537
14562
3853
31777
25635
25515
30901
22430
11079
5793
24760
22226
17592
21424
18890
11472
27991
27831
1589
30047
30039
21565
24288
9929
7105
23246
25268
29717
18409
24046
30436
2073
27488
29949
10529
25044
11003
3240
20533
12777
4434
7045
6512
28448
12294
16775
12883
10388
24849
7478
5699
15791
24049
14884
3536
30041
24276
5424
18089
23742
2882
9923
18628
7234
31544
26670
29415
14267
6687
18078
13365
2705
14424
27423
12157
27419
20916
10792
25543
29153
13302
23531
1852
21495
31781
25842
19343
6771
25297
13214
32239
19705
14362
4168
2914
13316
16859
14492
20535
27640
7739
4305
2744
5937
19241
10010
14693
22496
26674
22831
31510
31984
18209
10759
11491
12794
31514
29618
5400
3804
4275
7565
22296
11755
21999
22703
5806
31713
31285
15870
6981
18647
26834
30235
10734
2464
19548
16417
32540
21895
8297
20413
2078
17805
23209
31694
12311
2640
1785
18348
15904
21330
27362
11762
18679
23974
7974
11196
28217
23149
19823
30730
5147
12357
11266
3794
7300
3759
12566
18048
27762
22281
29900
10566
1527
25218
32150
12046
25259
2266
18087
22259
22648
5038
3116
27758
22767
8790
22552
9753
11006
29197
5864
14389
17285
12455
4319
13928
4743
18334
19875
826
13987
25025
28778
30779
3918
26739
23872
4736
28827
3260
32112
31627
20586
2026
30113
5501
4704
32693
10868
3052
5289
9725
2354
16144
12996
32425
14387
16076
30276
3520
8307
17246
32000
343
20533
20948
2318
22655
27517
16331
32585
21265
19364
22352
20947
8104
1132
15925
17474
28104
1239
12307
2765
30090
24691
4414
4945
16091
7078
11989
6319
27338
2716
20637
27542
12176
16568
25166
17856
28976
15395
8769
27347
28105
14337
30097
5988
32499
14343
27290
22844
18471
7867
29788
1965
13131
14129
15475
20570
18623
10397
22225
3777
9108
26749
6742
22341
11496
219
20929
9367
9290
28464
25956
19250
28852
8634
21399
9366
32088
6036
24247
24044
17762
32424
31975
14072
30483
14592
30082
24175
11129
7057
26321
12133
28089
5386
24503
30868
8183
25795
20003
465
6918
10429
7704
3788
8662
9586
21762
12583
19348
8464
16261
24693
11948
32470
24497
19314
8960
9831
4380
24654
30698
6262
18351
11416
31333
20058
29915
27156
18476
19870
19628
1665
29196
24157
13458
8395
455
16622
22798
6618
9961
2903
15134
21524
29613
23719
27357
1322
9291
688
27857
17326
5038
14081
27163
1275
10389
21073
28941
26263
19917
22228
15468
23963
3644
18974
12576
25236
28557
19528
3479
24950
4159
11564
12021
27111
8712
1699
642
14476
7220
5083
24744
30579
32432
18851
29469
29997
1994
1864
11054
23776
331
16263
150
28614
1848
28528
32388
31646
22787
2265
27929
3179
8287
32289
25322
2063
5175
10169
30341
6533
2555
830
13797
5494
4898
15664
19076
31768
16731
31654
23034
15784
15886
14338
9875
711
17470
24182
19528
1107
28040
1854
24184
18325
23730
14971
27251
5863
21981
2355
26395
30849
21686
23858
30121
6952
29092
30809
14340
6336
12180
23943
12270
14039
25708
30149
3625
24826
13703
15831
28591
7652
27164
29493
14459
21101
13981
27781
15735
21552
8542
29333
11495
26458
18643
10159
30795
12138
8907
29415
17168
24227
21558
28947
2366
14641
5200
4911
12094
20951
31638
719
14134
18487
8269
5003
12417
18260
29998
24732
28697
15978
2813
12804
21105
26209
28095
1677
9884
12791
8770
1141
22985
8250
4620
3127
24416
19064
6213
11976
14591
21867
4822
5503
6123
16166
3765
10469
25199
15320
27532
26188
18167
6737
1139
22121
6044
14533
13551
17449
29020
7856
15707
7027
11887
5753
22903
21694
30669
5073
7050
16197
17374
28706
14305
15259
9182
4675
31147
3136
12148
11655
24575
3593
12320
19791
18203
7452
13376
2331
1864
24338
32306
1305
14570
27609
869
1889
93
31332
10014
15812
28731
19426
27993
28532
1604
7366
5520
9565
13281
10130
10652
25121
7781
12046
4619
29380
30721
2960
15305
11973
13825
4656
11075
32120
11932
8463
23378
11631
3619
26015
31589
18903
21156
1437
30307
30007
23498
27627
15130
16150
22419
13778
12585
2375
3181
19474
15663
4096
6582
4004
17561
17541
19342
26247
29040
16547
14351
22560
7757
12444
13893
18416
28798
23351
29667
9310
14576
27458
12217
25422
14536
9262
5233
4412
10296
7794
1995
24326
25191
8734
15661
20321
20775
25811
16831
4609
13324
2346
708
22380
23172
15909
8816
20062
28039
23925
32235
2382
21044
8181
27759
10106
24690
16223
20591
1511
7219
12389
4958
12423
31772
21750
16438
26082
27269
904
13833
30307
25574
12952
17886
32361
25217
29854
15170
32489
402
8014
29724
32257
5268
28014
22511
1053
27418
15912
30593
21683
462
18686
14405
9312
9284
31222
4059
10004
26738
14589
28877
16158
20762
25737
20553
31717
24623
13907
22186
22549
2663
6459
15275
16740
4866
19994
25697
25239
27295
1960
8887
5105
21538
19714
16719
201
23604
26972
18706
20705
22785
21773
18431
1048
2743
16346
13186
5753
24928
17247
12294
20738
29441
923
5900
12798
3137
20736
17428
17944
24142
12380
15234
12766
24660
26700
12446
13506
29502
28579
20170
29261
29137
28922
2246
12107
32696
6189
479
30103
7425
19841
1346
8143
23014
7050
20762
26270
30523
14440
26873
23623
11946
29047
19267
4895
17414
10232
13953
30295
21277
28757
9434
12518
17360
28419
11172
29164
32071
17905
24130
1982
26962
20205
23350
21025
29825
9892
1112
17213
20276
7207
23646
27577
3616
22140
19229
9399
26932
5569
25228
22457
20985
19562
6389
179
31316
5523
24062
25484
15523
7176
20276
17915
13849
9896
31629
5365
12230
27604
12935
1946
4821
6532
9060
13520
27455
28356
12962
10712
19857
8787
29470
11027
16873
21174
7016
20100
26341
2760
2537
6930
17695
13512
26672
7449
31391
2252
27076
14789
13840
21005
30667
22608
15549
11144
18664
31626
16514
18268
1890
23773
13802
4586
13016
22118
19072
4879
4966
17673
22749
30476
14800
27773
5908
14010
1091
19368
24458
14577
24747
26998
16330
4955
28562
1138
10570
7410
21678
31282
26121
8478
30635
3966
21623
30288
5807
1400
10905
21680
24393
19969
13815
13641
17059
24007
21769
16910
28155
16800
27975
24547
6952
919
17423
2389
792
12337
600
29189
22741
18102
8984
23011
25076
21336
9548
21633
29622
5375
1573
25386
14934
3064
26738
3735
12887
24462
6923
12089
0
4504
21518
2487
31520
20915
4047
21977
3981
20430
8998
4812
2204
25592
21317
2623
11182
25301
20480
25640
6886
22983
17283
22736
14795
18291
23493
4757
26685
26949
9960
240
14690
25310
32336
26026
8964
3000
28294
10568
26648
9285
27009
29524
22397
21944
14483
13805
4709
19227
10094
20082
32186
8437
16138
22420
12756
31054
9123
5077
10810
15584
31178
3907
25219
21438
12469
17290
27383
32724
1299
12353
2602
30750
10238
13956
7240
19344
5658
10500
30809
31842
8511
117
28747
1376
20388
31671
21755
23305
20152
11256
10184
14438
29196
18219
21576
19341
3053
31446
17682
4166
13653
23689
13811
24644
11533
21535
26176
25133
4996
19091
16512
32519
4524
14574
2699
8354
23954
3543
24003
5321
27717
12412
19407
10156
13268
6659
14306
22422
6379
24753
23964
9766
30779
31271
2503
17913
30664
30456
23206
3376
22875
4639
4148
25688
30080
24994
22857
8112
29279
21283
10057
828
15222
15638
11607
15992
22058
13099
29391
2057
4035
17940
12657
28257
3278
24632
28224
18314
12600
25773
16072
13759
28749
9038
10564
25015
19037
19991
8533
24323
15750
13850
32221
28226
12316
14279
16759
5972
18574
21288
8144
12180
28620
21138
6268
10961
20546
19082
28927
17711
30092
27954
1324
15550
10462
383
15137
16575
17972
27391
7748
15564
11200
23954
22867
31658
29521
12612
19907
16400
8828
20447
18116
10812
17270
4947
4934
23276
30422
27075
6557
26524
13157
269
19155
15906
16457
1609
6775
4037
15518
7756
29589
7029
15547
19834
32048
1714
12658
29518
16937
8131
25493
8020
11466
12130
32727
10294
20622
2369
2798
28864
4470
13091
32397
13275
26429
17514
4020
22045
13633
9311
27784
20035
13014
29041
16548
28434
31500
13924
3909
30332
11358
6852
2867
8768
25525
25543
4655
13292
23465
16626
20032
6919
4193
13234
8105
17335
30357
4200
32644
27653
24790
5116
26500
23031
13450
27994
6644
1946
6988
24429
16829
25688
12577
29395
9042
5328
30819
15842
17826
14726
24758
3990
16852
25199
17157
14625
15811
8176
7663
18881
23190
12905
23009
10296
19000
24343
30974
7376
16736
26286
10488
8350
17559
4861
5748
12461
3317
29409
21885
15883
7691
19021
19923
13133
30474
4170
11677
6672
12948
17173
2837
2396
25416
11131
1387
1538
31213
961
13521
31226
20192
11522
11909
24931
12224
30308
1561
6873
17751
3946
4896
26612
32560
26385
8037
11972
2175
6360
14422
3581
32286
28395
12876
2716
18440
13680
24731
1792
24671
8796
11517
4019
101
23719
28539
27049
19559
9137
7087
26583
27431
17727
1360
29886
19482
26802
24460
30508
6903
28602
4765
23502
13460
2097
31779
6540
17682
15924
17128
27189
10149
29074
18120
23109
32554
15463
20713
10341
7187
31699
5705
8949
11027
10101
12568
10058
29891
28461
17414
20942
6064
18522
20404
2574
29279
9076
1662
28384
7446
8156
663
26995
29540
10278
31221
18007
22724
3953
11137
16967
31404
21393
23059
26114
12369
29273
29853
31232
4993
10711
13463
52
21087
20271
28269
19122
28511
6172
8453
4727
3397
32626
9081
16511
22027
6011
21255
29487
1457
7807
17585
22031
17511
29868
13340
19769
20412
26039
10432
24814
14671
6966
14487
14933
7218
6279
31697
1546
24330
10719
546
26044
13650
19389
3562
2083
23445
17612
11895
25156
13422
16963
20206
17842
22072
17315
21355
25690
22899
31529
12519
7433
8090
26309
2716
7550
24137
22476
22582
22496
9509
23773
8637
31568
29464
14606
24747
19956
21462
25979
8605
5671
24553
32315
18807
19124
25337
11530
9502
21476
32200
20639
28508
6749
16287
14330
23858
30691
7880
15151
6956
12953
5080
4276
27624
13776
17137
4835
12432
31780
573
8114
20412
16927
27908
16248
20538
32293
3595
17645
6130
10025
10972
19366
32519
18898
18680
15645
8620
6340
13116
31341
5007
22995
12213
11534
18373
24278
846
12727
32627
1249
20446
18124
29963
13386
14489
22398
32524
21452
12603
15400
31434
21020
9755
22984
27056
31678
14738
19429
2895
3750
17229
10993
31456
28413
3835
23866
10835
22009
10041
9114
17423
31076
17194
6221
10385
16775
5542
19257
9029
19305
4434
5876
17440
28639
27329
777
22360
1334
5418
28671
1351
18043
31735
16747
565
16476
23317
1224
1517
11847
25521
5177
28959
30899
7582
26252
32092
9557
6194
31780
8478
9212
7621
25584
8076
26645
11036
20157
11750
30143
6511
9119
19777
31064
25650
27385
28052
16929
3638
31014
29395
7188
17309
13441
15881
28575
24386
26744
10601
623
23153
25956
9374
20876
19625
20592
28
21485
15848
28523
30171
19582
15568
10625
15917
9500
25795
23822
24797
15437
7727
19281
2262
4377
28077
3002
29320
4863
24784
7148
17530
13290
22446
29249
5566
3697
27281
17447
32763
23916
31425
1447
31140
11967
3044
6474
27576
10239
18653
24011
18998
5995
1155
22900
4782
7140
29291
23936
2865
4083
14262
32030
5478
11904
1665
27793
10181
11292
26108
15507
1506
375
27973
20416
3764
15572
5166
13509
17201
8045
14713
32255
16908
26529
19632
14740
19967
13773
26774
9923
26733
4092
27524
4244
17169
22188
9954
31447
22054
29429
6768
9236
25036
23996
9299
3523
19110
19140
30576
21233
19296
14368
24180
19281
14291
928
25853
20258
26967
1790
1796
3746
6082
20166
6770
2138
28738
4050
30671
31633
20961
18585
18149
2814
26362
16110
11584
7314
2999
24704
12909
11862
17992
1390
15919
14031
4122
15571
12669
20817
15417
476
3464
30025
5986
29433
9937
32729
3268
21155
25802
12168
6355
29442
29139
6981
10919
26367
22881
28395
7185
23642
25354
27921
3557
21664
20941
26647
5449
26046
24607
19126
28729
20416
32124
2305
13376
11030
26075
14815
20046
26598
265
8385
31367
6428
20875
26781
4670
9619
10822
26962
4339
31028
22241
2347
7028
8113
23148
30265
5606
19302
7511
18422
21743
14317
26786
27666
21695
26267
12427
8624
27185
30739
16439
26347
18975
13139
11123
26602
24904
18223
18938
31937
12592
8499
14092
22741
5399
14945
12108
25973
28592
20362
23078
23359
28032
3045
25848
18335
6563
2447
2999
13073
12066
15738
6982
19490
29014
17340
22039
31477
10680
29230
25210
2864
2362
29921
14441
7350
29631
7515
7756
22835
4107
32456
30766
1685
25744
32750
12466
31030
4317
26766
13579
21188
2465
7882
12003
26766
31136
12596
13185
13556
22477
9305
26020
20882
13612
11938
16269
11887
64
26698
15947
9538
14551
12707
2214
22696
29423
16776
19906
12003
8941
20040
21315
20175
16272
23355
13271
12977
19793
14358
15112
11645
402
19976
29396
9884
12877
4890
12009
19450
10720
2864
28303
10097
347
19261
23292
23309
19512
9847
10177
14380
30063
441
26408
13270
27143
6105
19953
29215
21457
11599
9770
24463
19570
30886
27175
22807
18516
7554
14434
16316
23859
25739
12386
31438
5966
27977
19490
18806
15721
11715
22735
4806
14491
26134
16732
28905
13517
22706
20389
13915
2683
29157
17511
31785
17921
24449
6002
12317
24567
19912
19864
3562
30477
19349
13552
22549
1082
857
3584
30344
21341
1249
12581
12595
14085
22201
23823
17820
29689
5028
8990
25563
22183
6194
24537
17855
8104
5649
31795
2629
25421
4437
454
13544
10237
30346
20780
12269
1001
23809
23948
15408
29668
22252
8705
17677
696
24540
28018
13412
13382
16578
834
10380
20153
28233
25824
1678
22798
10765
21379
24535
1344
24485
28420
7
9337
10801
29279
8829
3347
18409
31863
6775
8179
3375
5463
1204
27721
22216
5885
23460
7397
28042
7075
29222
13418
22535
26808
29336
22051
17536
21395
26858
12187
30635
6531
20751
14525
148
9882
11225
3252
3559
27568
19896
6825
17714
22750
20582
10938
28152
23261
20087
28144
16923
8129
9856
18505
1182
29110
30100
30406
14049
12175
31915
30810
21804
8397
14800
19943
5686
1056
10779
8726
3309
28027
6399
29175
23420
1173
16840
16503
6493
21567
16720
15739
12999
12183
11327
2488
10926
15356
20487
19283
31708
27582
21937
17302
30527
29190
32611
32505
19203
11499
430
23168
2224
26535
14373
11005
1842
16127
23802
7146
26279
28202
1234
15250
24359
14678
21383
18517
21383
6573
22826
19841
15333
23093
37
1318
6106
30273
32421
7270
18195
610
9239
8776
28920
2498
29614
20297
12643
9913
6217
20788
16485
25094
11862
31828
19820
20009
11584
7139
11420
27656
14824
14194
5381
21180
2993
27346
923
6199
7746
27720
19630
3204
26001
13617
29586
16974
5253
19487
5812
2451
19397
16639
485
25170
18535
12067
12445
18524
7358
28684
32571
13589
17913
22223
29051
16490
26131
4661
1384
17359
6029
18991
22512
11841
28213
23491
24427
20588
4015
6934
13437
28112
16529
15052
25177
12035
8303
30962
24244
25895
30189
82
11155
27996
6862
29041
25891
11229
20409
23593
18340
11577
10897
24512
10625
29495
32129
25347
849
12139
1399
25764
3032
18832
17922
2696
15236
31388
69
22891
26864
3373
31797
20494
28609
16906
5976
14173
30221
18827
19410
28513
18791
28779
2366
32658
2764
3140
7385
14054
21662
19245
20908
30661
24066
27907
10476
25164
8913
19594
5568
6211
1133
4819
15447
31170
30855
29185
19478
19502
12872
20476
60
9549
15788
32320
4193
26103
4317
2782
18238
17313
16750
6343
23696
6998
8272
12938
7538
15996
3502
20711
30228
21418
16245
23762
18563
2615
18659
11669
2480
1214
25201
27409
27063
17204
13854
28277
11709
