3500
14417
27017
28471
14872
15907
29036
6386
19800
14450
13407
32292
3322
2081
21587
1189
21724
14170
16737
7827
15058
3883
30128
11836
25549
20547
2305
4405
10990
9268
7063
14715
25617
25110
1230
28669
187
28778
14960
27655
12511
13789
12633
31062
9248
8809
7662
16625
18263
19694
1423
14349
27249
22062
11112
796
24751
310
18180
14685
29300
15988
12246
12032
18727
20494
2049
6096
23233
7776
28684
32220
21650
21154
6569
14724
26599
24372
10299
6824
12565
7205
24580
13579
2787
28353
26465
17233
30115
13602
12110
15474
18893
32502
27873
7286
14406
12388
5210
7507
27563
28594
12585
9247
12980
30960
15531
18459
11326
28193
22729
20266
3922
3890
12944
27195
12779
24461
23956
474
14666
11117
32473
9401
9143
9962
5420
5890
28314
32743
7480
8643
22369
9519
979
31659
24409
28687
11389
18970
27436
6505
12150
22105
20601
23278
31869
3917
31728
2709
17125
32399
6274
7864
802
29536
19406
21305
30255
6576
5997
15201
28846
6330
25941
29033
31903
23765
27511
30052
28513
28091
11467
25107
24704
5539
19577
5874
29859
7430
9741
22485
14807
17876
6804
23316
25036
13260
13899
5146
23138
22615
26843
22415
9064
4214
29979
11778
18526
15108
30253
19946
4949
24720
28842
21809
21484
8528
22331
6237
27104
11334
23633
12815
449
4658
1062
31611
2670
22685
17581
2408
21612
22187
13638
11136
11179
8797
31384
21809
9580
19857
23766
10682
17259
17793
25514
325
19976
8081
2894
17189
23130
20246
22704
26837
6444
25700
15579
8875
24254
26280
11580
23699
31639
3946
17736
321
32152
12129
277
17797
29042
30269
26950
30538
6476
26438
22026
7219
14954
13724
12534
19430
6117
24225
4750
3942
20679
643
23665
27726
9900
19852
213
7710
16503
12436
16149
12179
17670
755
6689
9661
7237
32205
19517
12884
3215
10076
1576
25900
31471
22368
26554
24168
4128
7261
17348
9355
22629
31925
23609
6361
9918
14329
23734
19643
24024
4880
1860
27260
22250
27446
10622
18567
28262
8723
2662
3821
30559
8305
24165
17632
29885
28092
26853
19796
30537
12081
17719
12068
18876
21640
23119
28633
24721
26803
4176
10243
8439
16117
22245
11030
18793
8550
1496
10919
6770
13806
27119
30268
13464
14024
25922
2121
25011
12709
32274
30640
27576
8518
11724
25650
14278
32750
9385
1695
16600
14069
14995
8693
15005
13319
14421
4492
16750
14117
25093
19507
6034
22847
28834
12844
67
4129
23678
265
10513
86
28026
19684
17603
30512
10055
17801
15705
29289
21367
16757
11372
14767
7910
25303
2295
26773
15264
22905
25683
13992
3783
19491
17224
10298
1368
2201
28190
13843
20215
3462
16680
1205
26832
16120
20613
10678
10538
11653
20662
1309
24560
19469
31957
11178
21362
13669
32356
7676
5673
13927
15074
11981
12063
19293
21193
3041
28290
9136
29548
15277
12790
19654
10681
5650
2012
21881
14805
29494
26972
12388
27956
27336
21011
24833
5383
29498
16603
13567
5635
7694
13085
11464
14334
1978
7987
31765
19217
27832
31851
31426
27732
5583
6947
5889
11322
13441
9676
31854
9474
21781
24175
30167
159
5690
11670
24631
307
29584
22088
17328
1454
13920
7678
16087
2892
14190
17675
22251
30875
14523
31276
13076
31772
29536
920
9896
16000
32228
17847
15024
14011
18736
22266
20333
15248
17763
2861
18115
26676
8404
17301
26162
16289
21063
3060
16831
9964
3384
8705
23649
21937
24475
25078
6736
12837
27749
6645
31564
9868
174
30109
9660
5507
19466
18825
24110
13465
26214
16893
18538
6863
7052
335
20564
19126
30872
15906
27350
16880
1344
9115
29068
25133
24960
8609
28553
14096
28711
6905
24383
24696
6081
7684
13274
25262
24808
13289
10940
591
16585
16331
6621
30420
11592
709
25799
23664
26548
22156
13286
20159
21185
3746
15112
7821
29500
15121
18750
13768
20845
27178
20547
2610
22388
19868
21048
2767
4673
5472
2383
8088
29161
15256
3803
29333
2438
1894
27760
28210
14688
2213
4323
16315
5188
31412
17684
11717
9264
8144
21682
7147
25978
21067
24578
16258
26617
2519
30347
3007
16696
12325
18450
6914
7552
6592
26157
31712
11731
2177
19465
20650
18977
20227
8
28233
32436
29234
8313
21897
13548
19679
19445
5916
19544
30251
27365
17452
12880
1475
22233
14322
5427
31965
11159
26179
30820
17396
19140
31016
26124
30189
5781
1727
32410
22634
27978
17734
19556
27357
10328
3875
21960
29979
24920
27908
26440
25738
1468
21927
11582
12319
15620
15748
29164
31907
864
23167
23538
9713
7157
25373
15310
3340
12216
2554
30636
19046
12722
26069
15169
32589
10727
27744
788
31547
20022
12430
20115
12093
25606
31364
11820
17482
29686
10513
4904
21775
24234
29195
28463
12536
1479
14725
8209
16201
21330
30675
26377
15768
10686
10546
28794
12500
6497
29895
26971
21751
2338
14179
3013
4730
20622
30982
23446
27143
27542
912
29733
31357
4095
30313
20
25780
30863
31945
30497
11845
24597
18225
2922
10856
4608
24892
7929
15652
11324
24740
30712
7148
28977
23141
20913
29142
13523
13700
3147
15434
17279
2480
6966
7959
898
10923
17959
32757
31770
1600
144
9156
5821
31829
19807
15125
8531
28825
18391
20677
27355
13231
14999
4178
21466
23258
26961
32221
16904
25556
25645
24686
18315
20919
26803
31351
30234
11218
19801
3458
28459
2087
19241
20801
20897
5627
13858
23543
8596
15191
6150
30512
4339
11096
3540
18226
9110
20410
4282
4085
20386
21637
857
350
9111
27779
9297
4819
5117
4100
12414
19862
26977
24207
7106
25446
7155
3358
1784
5468
20167
24733
4162
2830
22339
2876
3354
20075
15287
30493
13018
4615
12825
18408
28584
28206
30314
32647
17993
25823
12871
16338
10945
7383
26196
30278
3774
30819
12001
29292
2520
4725
6294
3583
11244
6071
4759
20248
25789
5397
22654
27557
10661
7823
15195
26443
163
27811
29059
29479
21591
17285
2591
6055
12257
19903
11004
4387
18756
17664
27113
29354
26692
31890
5609
12876
28158
3100
22434
18100
28839
25159
28911
13527
32246
28678
12602
5648
31960
1779
17223
23920
6043
24551
23935
13327
28223
24970
10198
21471
7712
2802
11338
8014
7099
28242
25724
5900
2195
29216
17458
7100
5434
14484
1212
31167
14350
25696
15156
26851
23368
27435
20690
27513
8808
7773
2011
15426
30470
26330
31884
5410
10022
13350
19323
30563
9116
8197
4584
4599
10107
1871
13049
19665
29017
9838
31448
15513
18656
242
17994
23161
767
27689
18772
15051
5186
32436
12103
30023
16133
18986
29239
16310
30866
11402
12373
26246
15219
2771
2405
19905
30693
8859
11011
6824
3966
15692
7614
21619
16309
7670
8467
9777
7623
25939
4115
307
8682
13265
22049
29749
1700
9448
11095
26567
2929
19572
3866
10953
1543
22237
3387
2871
12636
27772
24647
7271
12646
22851
14097
28635
14714
7954
10787
8258
29421
9312
5931
12299
5843
688
20353
13695
18623
29470
5983
15579
13034
11859
3064
22922
19690
9994
3263
16020
14378
16504
11126
16941
5708
32276
17874
22166
5006
29019
8624
121
24603
31174
6844
8808
11924
15771
16708
8667
21821
3551
81
1857
15795
12368
21724
15620
5241
13139
27335
8433
7400
19588
16972
31971
21887
11441
14018
7122
28498
13251
19478
29026
5011
13926
5122
24593
15814
21538
4737
31204
23080
22537
6754
32065
25651
9457
29558
20477
27755
24332
5509
20958
29091
20709
5144
11674
28023
3239
4467
5686
31037
11428
17847
30205
27115
20812
28348
11889
6737
14001
19298
2843
7989
10288
16597
14543
1996
26684
16386
8143
26671
1441
729
11954
22566
7049
6334
24072
37
8426
30381
24002
27795
7641
5277
18717
23132
9743
9415
14202
13732
9255
4113
12571
14148
29715
31344
21361
29572
20722
23791
21682
444
19696
15192
144
7270
11134
17422
26944
23340
1831
27221
7586
10152
28760
27484
6468
1046
12988
3952
11149
25944
6924
32286
9911
21868
13276
7854
26462
31381
25152
1073
20033
31406
6699
718
16844
16558
32409
31121
31151
7087
23957
32303
25085
29933
6259
12643
30462
24403
23887
12798
4504
3522
22734
29609
17939
27141
27429
21193
8297
11728
9525
26096
18967
9783
17409
14842
1321
1833
5399
26451
3460
18937
939
1889
1411
26065
12926
5378
32324
3169
19217
1795
22602
14129
903
21157
23430
14281
8888
27878
19897
7101
19091
10168
24443
16300
11380
29379
15525
26852
5114
31596
13457
28090
28908
25124
32040
16714
4190
3684
18296
12026
11645
24974
24987
12422
3957
10703
15143
10012
3102
16054
29271
568
3159
19747
9675
20058
19062
8683
22088
10953
14244
17376
22993
19579
15854
23282
25706
4932
7106
5321
8250
31514
9587
392
6690
5231
3352
4362
7806
4643
4786
3126
25830
29035
30493
2806
1544
610
31246
6372
6733
3388
6598
18072
18517
31205
19575
5525
9245
23634
2550
1456
11143
16649
25680
3578
13973
11434
19949
24719
26600
29380
11740
29502
3071
27732
8659
20672
27411
8472
16440
31663
31923
22571
6947
30858
14488
3548
18249
2421
13017
16591
13392
17153
162
32462
21387
7396
3131
18601
14563
25004
29784
6927
3958
13654
11093
29774
18394
23515
8492
3659
26578
16005
9559
23735
13391
14157
10920
10571
30540
18477
12651
11150
28714
24065
5743
655
5671
14843
2902
29352
5588
22030
30830
14594
25881
19930
9678
16813
6860
25775
17932
21466
5186
25657
20159
7885
32559
14095
3661
18523
7486
16738
13614
1418
28663
30307
20591
30955
17332
29638
22057
7782
27702
8025
10166
16677
22106
1648
25728
28362
25079
11517
2171
17653
16929
4202
2147
2497
5700
19065
13023
20777
25347
3733
30456
21717
7452
27603
19907
8287
29808
29069
29538
28136
20205
11764
16552
13252
28656
9238
26508
16656
26528
14895
29687
18280
4532
1615
31093
4611
5563
21377
13818
28742
24516
22519
22665
1274
30946
22589
14608
25828
22929
2506
31783
32719
27967
6230
12689
11066
23940
30284
16627
14616
24355
5451
870
7887
2559
26880
7616
1550
25543
27820
31931
7072
20038
29715
19430
4046
4188
17198
9138
481
6969
30444
8200
29401
5359
24346
30113
20477
32664
27983
6215
12853
4253
2087
24376
10470
2482
17903
5254
15984
6478
20708
28806
16317
3396
22347
6793
14304
16872
26522
9696
24079
26461
9087
5222
22628
21623
8705
22180
31398
10856
30303
19145
25799
26279
12267
28315
7998
8705
23477
1265
12809
21257
29664
16335
31929
308
29972
5042
24810
16428
11927
5698
28677
12785
19462
5279
407
27325
28058
30279
6069
5812
32503
10111
13977
9547
3519
28805
18556
5338
26325
13719
27200
11118
18523
16140
13795
28109
9344
20814
14722
6113
9497
14332
4024
16063
31125
1958
18334
8031
23850
11169
19890
19769
22041
27136
17513
3523
22293
25219
19362
28800
23991
11436
4561
26359
3305
18580
1060
20938
5514
24893
14157
7166
6711
21901
4297
20013
2286
27722
686
19853
29636
9103
30118
27961
1564
30271
12498
30844
16113
1402
881
22020
12390
22874
18780
14354
6172
22466
9713
28054
23818
129
25534
11264
1355
579
19112
14989
527
20239
16074
8078
418
28547
28864
3155
357
19317
31271
10245
10419
6636
28727
24286
7226
32193
18163
8187
31820
17289
9749
21032
7081
28398
19283
1163
9069
19805
3961
1673
24309
12067
15387
15648
16672
32263
17644
10562
2792
13744
22593
20270
4892
18853
22312
18000
8408
7512
20055
26042
12079
4294
5949
24423
7450
30165
12847
11162
16874
5016
7303
24378
12485
972
4611
32660
32622
30320
8035
9307
29740
9781
16118
1295
18283
29778
27400
15064
4628
27068
26764
26168
7404
19614
13042
7758
31028
25164
21867
32196
6302
15702
18497
27285
19029
3843
25250
7151
30251
20379
41
14532
8975
15299
5678
30830
24053
7598
7567
27760
30129
17191
23717
31594
30722
32290
32589
27155
2844
21493
12417
9971
13088
13788
22257
32639
23042
22294
9727
32639
20152
32174
26851
1322
21678
26517
1157
16242
2854
15555
15494
21177
18093
5617
13194
28748
10052
21065
30562
22640
17334
8270
11414
24013
20968
17086
14021
32516
26026
32142
15868
13682
3359
24453
7438
8729
5545
26559
6797
31689
4131
11892
19206
28742
23791
12582
29461
25298
13064
15791
17548
24176
4410
16989
23459
320
30545
7881
20785
20584
10487
5526
30600
9751
30494
6682
6949
25659
9901
23790
9959
5235
26930
3847
7420
3176
29016
9804
18180
31474
27251
18954
12598
167
17315
6257
31677
22512
24528
13526
14539
31357
24804
4229
4892
10223
7637
28827
19212
23177
31356
30331
12174
24433
28760
13357
30910
555
32423
690
9319
15031
3966
16336
31591
29872
25237
19725
16200
5381
22130
16647
19625
24569
11287
6541
7089
8392
23088
10977
1721
11127
650
8684
31157
16390
30373
29188
13345
9800
21411
31372
16171
3290
20000
21350
30401
7704
6969
6670
7726
21276
12305
22576
27185
27718
23922
5833
224
21498
21534
7659
19283
8664
15482
14545
7309
9070
13237
28933
26192
1192
10959
8241
8419
25126
3339
6493
18074
25290
18166
6806
8179
2317
30352
10
2887
23656
16735
82
29923
16339
23532
2689
7320
30397
5100
10966
28136
14809
26454
12663
3593
22530
370
18722
27457
23575
15030
23727
1909
25015
26726
28275
15152
17238
16471
29175
6798
2445
25790
20459
18446
6914
2335
29449
25492
27334
30000
16684
2804
8584
1129
28283
13248
28904
15618
18938
12109
25578
1146
26723
26044
956
9187
12513
9473
13497
25988
10089
20579
4190
11830
30356
32111
12894
26525
11572
16854
23447
6058
20758
21214
975
26111
31059
19389
12576
23543
24808
16114
620
13736
8834
18733
9252
23556
1116
15274
4840
13369
9766
2894
15715
6348
15669
27404
20160
16845
3142
30907
16087
7550
8289
20600
13662
11092
22137
11560
12040
31621
25186
30802
14815
27283
2800
32397
28378
15132
17372
30636
7347
23299
19475
28522
25609
10489
27604
17760
5202
29012
25244
3300
4795
9228
12248
28775
16244
15354
21970
9118
15834
6093
1822
1185
12050
18144
5557
23721
83
32417
19860
18712
7185
12804
24443
3664
11828
10320
31768
28628
1561
19552
8280
18632
6913
17453
5398
17855
7640
23109
16758
1561
28550
18144
22382
27866
28494
26317
6835
15294
15074
8558
200
16765
27526
165
22470
1326
11926
5736
19820
29561
10690
31523
27380
30331
12617
178
2696
32040
12944
19975
2184
17749
11863
28575
8641
26344
7138
27242
12209
25345
4467
11010
9131
1142
32225
6854
23666
15840
12148
9414
16418
12345
28161
11850
19724
31256
26033
28271
16001
4001
11252
22325
14647
614
32056
10811
6057
15306
22596
13549
21264
19644
8772
11018
32752
12576
8840
17643
15329
717
14827
28615
29797
27095
29254
6922
25155
9470
15460
20532
28101
21767
26342
23686
19263
6021
547
22883
24957
14876
21387
19680
1386
1855
28885
18399
5759
3010
15716
20039
22073
30352
22747
30079
23816
13857
2387
6963
2814
8621
14080
8667
5836
32263
20667
27639
28267
30757
20550
15123
24583
26434
15168
16737
6305
12644
25604
2897
8117
24119
23331
15420
29694
31723
11655
17485
18320
30816
8737
31037
11952
9906
26169
27647
22563
25081
28069
4415
8388
16596
20223
10390
13583
6503
13693
30744
16792
28976
28505
27225
5548
19836
16729
4938
2774
14864
7951
3630
23827
15637
24456
25186
8156
8470
6977
22167
30979
9659
11493
1474
18226
20913
32374
16696
24555
5166
22491
19485
15850
8523
14313
9088
24767
9817
23054
7985
24265
4043
12555
15047
4719
3617
28580
27441
9884
7595
18150
2523
23829
17670
3315
15365
26215
12107
18612
9494
15087
5715
3356
16401
28069
32061
28556
570
6601
19141
6228
17982
7899
13409
11881
3889
23830
26732
374
17192
24456
2611
9783
23088
2808
26505
350
30620
22481
2028
3950
2611
5554
14311
9594
23693
4336
19525
10594
24646
4075
26247
28683
25010
21398
13250
2426
7004
14008
24863
19177
17336
11725
11981
17808
27498
31846
22251
29352
21017
29883
15
9709
17405
8695
9572
21279
15226
18832
32386
16355
30574
1028
8342
7297
31011
27167
29126
31438
18524
7612
6007
9470
13087
28821
8175
295
1988
10710
19219
9805
7578
2379
30198
23152
20116
21723
8940
21977
23997
904
18402
7273
28900
2982
26513
6665
17253
20011
2920
26475
7101
26296
15729
7312
12574
14731
25059
13269
29531
2813
22853
10126
16404
11634
28920
13419
22151
32399
5734
17721
29927
1789
5080
8287
6293
18562
13600
1280
15620
7503
19609
10909
7834
16276
9020
24851
8000
26101
4545
18293
24963
12828
20440
8600
14221
5850
31285
32076
10791
7788
19482
3343
23863
15457
8669
2822
13106
29532
27836
1259
9439
8603
23556
23867
15648
6984
25089
7798
28427
20397
31775
10834
29502
7651
12162
31778
10341
4295
13728
22945
12201
24876
18048
2807
4066
24540
28256
5613
2192
20722
10944
3660
3834
3024
32265
15740
19853
1671
21224
19022
26919
31859
15658
1637
18513
26542
32381
15564
14558
2738
3092
4137
16873
7125
22404
30179
23531
28195
17168
9536
3243
28922
5208
18272
2152
32381
6296
26289
2549
7980
16406
18288
18152
13042
30230
28477
27224
16102
27813
17546
10714
12968
21893
13175
11309
13476
23184
9872
1351
9877
14705
27256
8779
7248
6103
12020
24045
9472
21538
27157
10947
23014
16176
20538
29659
31935
27530
8067
14720
3871
14996
844
30783
20307
911
7998
16951
30502
24716
23028
17972
24339
32080
31390
2851
29524
19281
25217
32536
6262
17781
8833
20734
30125
2426
6342
5602
8268
11192
27985
22773
11222
32106
19078
31914
21593
22015
26397
22703
8695
26341
28520
18787
25456
1097
6120
3694
606
21296
32396
12599
20170
2201
9908
14857
11693
19966
9240
3138
13147
22175
27226
5076
27495
17595
3614
9871
28265
28502
19579
31186
17749
8839
5404
22839
5611
23667
21896
24551
26058
4765
9242
4973
10520
2221
6033
12126
14800
23551
26789
27877
1529
21676
17656
5241
1160
26532
2084
20777
32704
15306
10498
27634
21746
24978
30007
9263
27958
7059
13975
18674
19750
7952
23820
14219
3839
24569
18418
4596
29331
20245
32135
24800
26870
24625
6615
32605
17715
26337
32088
29530
30629
31759
22308
31030
32222
22159
27738
15189
17492
2186
27429
8690
27533
31821
10352
17186
2675
521
3168
3998
6799
20088
4113
16113
28312
21776
509
29172
12733
15990
19135
24209
18258
16139
23377
11576
28723
27802
7970
24609
18706
27695
23134
5586
18641
12176
1196
17455
29983
25023
19076
20674
26953
26840
27568
12434
8427
23401
30524
12413
24587
12455
6720
23890
11105
20072
4785
25533
21410
30445
21889
21589
13022
2856
2665
31344
2821
31298
17420
17995
9388
13080
25771
26950
32682
31412
1944
32001
19365
26437
21974
18947
18001
19023
1462
25163
9031
32397
17452
15194
16701
15708
25201
11311
23672
3548
21101
26956
20993
18440
6481
21432
5886
31015
26157
21016
2605
32508
24391
8468
31221
7214
2280
22642
19124
19974
8857
27216
7725
26232
22976
4013
5219
15234
24761
17705
11333
16063
29981
12819
11354
26361
31610
12106
27801
19394
27280
20928
15538
799
24972
22046
775
5071
28346
25338
16644
29827
19275
4709
24303
29595
28306
31731
32494
12193
23660
26839
4044
235
19075
3122
12351
9657
19589
3048
7892
7961
13523
28208
11677
26327
25164
24360
19830
14531
12651
26560
12249
21312
24878
22655
29263
21856
2598
16768
31230
5902
30315
5413
28098
11512
10763
22623
29154
7616
29365
31570
8719
30654
25361
31990
13986
3537
13468
6757
22480
21490
7916
16962
6426
5382
18312
29648
20998
11930
24004
17103
22105
28596
9285
18215
15637
23331
21149
32727
16403
24137
23391
19050
24667
24826
22444
10691
12192
11337
17868
14543
29037
1187
24616
30691
24776
28325
32379
20660
12196
25444
25998
6928
5195
909
9943
14698
2119
7268
14621
18319
8396
24512
11122
1273
5421
10025
32386
12714
8355
30272
26961
4772
2429
6347
23541
26912
19086
25934
11312
6215
29765
24146
27692
31000
25397
24753
19308
21254
12328
747
12306
2636
3332
10869
16990
1729
13791
31038
15948
10280
1459
4884
27486
2603
10268
24096
3256
7257
13297
32250
2169
5029
9606
1769
13858
25773
9159
16592
14016
4915
14493
28639
11242
20646
7176
21199
16178
32058
24224
11322
12354
18196
21383
25943
28834
31063
15965
23896
31511
13194
13817
20505
30921
14155
15873
2263
17338
16126
17238
20913
29167
9614
21181
20568
16719
27107
24359
9938
21338
12173
10367
17499
14962
29295
16511
14869
3153
24699
22778
13961
3212
1563
13892
4034
21570
25171
22616
24528
30500
6800
16178
20638
1356
26480
23694
18455
26755
8751
7112
122
31144
18046
26882
14739
2265
15168
21584
23524
3656
29266
30695
26292
27588
14279
2880
24816
12183
5460
13379
24078
32481
1765
14390
25959
24666
19032
17269
21973
18837
17817
8789
24555
29800
23727
28920
5158
24845
11651
13214
903
857
26688
19838
9132
11319
20252
1007
14891
14029
8707
25442
1028
3103
1703
3882
10062
30202
29555
3962
28519
931
8261
11054
22637
18966
9732
13311
18343
11882
3973
12792
7668
22576
24289
26592
27181
2521
6203
9040
1337
19870
7376
1055
5443
11002
28733
7676
1728
28009
26085
21369
12193
18985
17604
31097
7149
842
1509
10146
4273
24006
26239
19214
10604
7864
32027
12173
5980
9604
7174
4935
11994
8595
5943
9050
14923
9726
2854
26960
31482
12284
22397
32041
29108
25511
17930
29833
6139
12410
23717
23557
22900
14625
25520
29904
25698
9022
29043
21728
4669
2216
31139
20219
10019
26595
7981
2005
17636
21760
27558
6008
31626
2656
8459
2803
23761
13820
19587
22897
24578
23980
21427
27972
8981
9119
5477
13245
27585
13770
32089
2046
245
16938
5181
16530
26622
280
18863
23213
11199
6110
28696
17086
26902
12137
22109
25599
12748
16535
16634
18184
6600
11291
