16000
30669
3586
29018
13308
5543
30661
15049
24406
10358
19205
30594
22213
4240
24521
12417
15642
10239
19705
21509
24312
26420
23606
21711
13193
10659
21182
20118
25350
16283
28351
7962
26766
13324
9302
28740
10726
19352
17673
29234
15743
1641
29389
27528
9995
5439
20231
9006
19106
17772
385
20841
11277
20039
22660
7435
8720
26298
28829
13386
29496
7751
3237
28152
25671
13911
18629
21121
31212
6270
13177
14961
27253
20422
22771
9581
25978
30862
8649
6505
23452
5494
23579
24904
27495
18868
13848
29889
18818
9794
26758
15457
13324
25197
10635
8787
16896
19232
665
22878
27797
9503
17519
5809
1952
5968
4076
14851
15475
3960
10827
18728
18358
25405
24900
20616
30691
22351
14604
32544
10399
4037
28694
15810
24874
22894
11564
27605
412
3659
26535
16356
25627
7720
10195
1995
23897
4228
19126
25617
29286
12569
14582
6022
25938
13216
17200
408
11807
22968
24985
30979
1483
12973
2484
2749
9820
12718
16658
29666
19145
2329
18118
12719
6809
29928
8293
5844
27278
14019
29526
27335
13526
13373
14598
17803
1366
1307
23078
32674
20830
14022
19047
6588
30178
8724
29047
10663
3465
2684
14164
4096
23350
4033
9977
26380
6180
14715
22415
1533
5040
29699
1734
17463
12972
1312
2988
29032
2608
18509
13058
7586
9831
30878
15706
8571
5472
21551
2291
11476
27017
19353
26858
28566
13722
28014
10731
13018
32737
9823
18278
31578
19358
21962
15785
31581
10428
19060
647
30857
5739
1618
26220
10468
24681
25012
32727
13436
2072
13818
29588
15263
806
8713
25825
8030
11728
18716
23155
28067
14904
18261
9430
12044
16841
26453
1921
17894
21792
9431
10114
3661
2559
31327
27961
30780
27955
29419
16332
18913
509
4441
27567
4951
16565
444
31526
18866
22236
2613
6116
12760
19013
17300
14985
517
824
25265
31585
12620
18834
4415
1661
24551
6407
4107
10763
15807
4426
26246
8342
3219
10601
14488
13807
9469
31980
14384
20372
29846
30229
29356
1580
12440
31333
15789
14797
19954
21288
26838
30144
23174
22642
22284
26922
17763
19338
2947
834
1824
795
12985
20904
17340
9026
4729
21987
9304
1981
27715
23850
6602
5709
7209
1524
23573
23377
20856
23757
31858
30144
22866
9143
5763
25236
12434
30499
12166
15907
13913
934
18531
21015
5813
27529
24308
21456
3489
7719
6097
7177
3192
6052
4810
24763
26045
27031
15328
32121
22352
12094
30126
535
24686
24940
32071
13941
18580
29204
416
15585
1807
27410
1801
24842
9837
30026
24042
1316
7347
12802
1063
636
31832
3604
25850
32230
14229
6497
21308
10510
7330
16945
4750
31574
12032
32508
19042
21165
16202
19820
24034
25216
11224
5105
27312
31487
22438
22172
7416
12645
6213
27063
4292
487
11555
9
17913
32533
22137
31489
29470
10639
21752
20788
31591
9575
22548
23755
12454
3670
26621
14857
1053
6609
13745
27742
8763
22731
22010
22534
12577
21880
30171
6403
3143
568
32041
15547
8926
11026
3080
19186
15302
30647
7645
983
25583
27970
1378
7708
7795
29819
2658
16972
31674
23889
31096
15257
10537
23590
1180
29854
21073
29960
14808
4344
27941
30140
17880
688
479
11818
32694
15700
20902
29853
2658
10131
6309
8017
21811
21414
17782
8069
24887
20049
24918
13992
16697
25492
10496
21735
15760
21957
16199
4536
13051
30911
28078
25955
26261
23259
11251
1932
15149
8556
4354
758
13905
25745
21948
26225
32760
7350
31189
29607
32240
112
15901
26273
16564
4159
310
28002
21654
6951
9309
15624
808
4731
7969
18866
6346
6942
1383
5179
3765
15246
24166
31912
20771
24584
1378
20258
26925
32580
202
3561
24243
916
32086
30820
472
14723
24797
28554
6879
10990
10547
4924
7104
32032
16537
6108
30115
8266
30345
8157
29275
6682
18545
22766
12285
3792
3596
21018
13661
22500
22282
30667
30944
29562
11610
15218
23691
29750
32553
8720
29651
5799
26820
14018
23580
31379
8857
14427
31526
21032
27653
1546
8019
20200
24379
29420
26270
32664
23732
28208
17645
30308
4235
23683
2838
16608
12954
15421
14498
17400
6403
3810
22454
22463
25926
32161
27158
1814
26337
24311
13478
23963
27133
10862
4104
26736
21406
3246
15822
14869
22416
22824
1315
18906
26043
18544
968
28721
21552
17719
18582
23670
29118
23603
16660
19046
25844
18112
1605
14138
25088
18583
2981
22175
7082
5344
25457
19999
13511
17509
14314
1994
24595
27687
28301
31995
7066
14192
23588
9305
6327
23499
3939
6159
3969
8929
334
30613
23234
19669
11088
11877
29531
2076
13316
6649
12437
31551
22726
10619
23441
8745
3181
15907
6139
14020
15282
8839
7848
15555
7325
22472
15526
10164
9082
28383
16873
32001
9649
22009
15815
7419
23776
14888
25995
5816
28061
9849
14615
21251
23237
18103
5179
23114
17516
17547
23112
832
23341
21890
8353
206
5308
2383
22599
30438
17741
5795
14844
3170
9477
31938
21554
12523
22525
19085
6554
343
25767
17558
23562
11080
28228
9018
29511
23492
2161
3322
29782
2277
23009
4603
11122
32551
29499
17957
7666
29786
10811
493
12640
21611
11166
203
22403
5585
21690
25715
5574
29172
24909
26910
15550
17232
22705
7767
25892
25925
32126
16001
25949
15647
21471
2949
28280
25416
2218
26411
28809
1938
12072
32261
4872
27567
28418
25300
26086
31929
28256
8879
28810
30870
24075
21381
7704
29872
9226
3605
18876
23618
19221
20660
14216
4405
7922
12888
11537
25102
8376
17433
20058
20145
28368
26939
20811
5462
28588
5652
19542
11969
25421
28702
14514
24472
18884
20373
30815
6272
12259
4068
26326
6968
20906
7745
3426
5846
24524
29789
30875
13106
1230
28474
7106
31053
7868
13261
24184
23032
23232
25379
20090
21117
20534
7099
7757
28529
2184
22694
25491
20444
29396
1447
23828
25069
23312
13055
26524
23073
24713
5808
10536
7778
22427
9826
6082
17708
18892
11124
23071
17307
29783
16161
3042
3111
18125
11536
28085
17090
25868
13022
31331
31097
11181
22852
20891
9786
23715
27491
22968
15063
29930
15744
13502
26328
32614
4256
10873
18897
13141
29070
17678
32347
13024
8450
15999
25926
19282
20250
31685
13009
3906
16033
19389
23878
29910
29433
552
4390
25938
32422
11615
5964
28032
6566
7438
7995
19256
21056
14856
17341
24635
23046
28206
4198
6092
8273
14009
27720
17211
29202
13707
17905
22464
26826
19382
20616
20168
22862
13480
331
21419
15244
814
17680
25024
23705
1832
24338
3092
17961
22814
848
4891
16667
30286
14981
16180
5215
16036
21096
20681
17511
3219
32394
4942
14269
23306
26845
5989
1391
2993
6539
15578
2086
4215
8371
7716
4013
12425
2633
20422
19321
6318
26034
24613
31083
15468
3067
23158
9361
13008
17866
25227
1574
14150
28146
16866
24229
22842
10378
22440
27774
20806
19477
21641
15052
26154
9278
31780
21856
18242
2803
12031
12117
18780
19881
15117
16984
5895
3059
9657
2482
11058
17411
31649
23557
13732
20758
8023
22524
32239
25561
15559
8305
14767
16406
12487
31162
27607
26476
4300
22021
18606
5308
19279
23881
4398
17557
3901
8906
20525
23588
15274
31760
22796
17155
6082
3220
27488
17632
19807
12440
18464
11967
5252
6399
19137
28909
8758
7922
18997
18672
13229
27100
23355
25171
3056
11604
11387
32366
2293
25570
28863
21146
32667
15214
11544
25135
20903
32065
6270
6244
26267
8423
18151
29263
31242
7092
28368
23405
12982
17544
27751
11635
28586
27191
5450
27313
6795
26000
5556
14961
22663
22925
27967
11108
17793
11960
28493
28899
969
22975
4785
13843
16806
24872
29422
21305
11250
26656
7229
12562
8306
6361
4587
24142
2697
20739
32732
249
2300
15370
29444
13570
14213
3778
25449
6292
30867
11977
28653
7575
17409
15351
16878
30278
24608
22337
12303
9869
20948
16537
19883
7477
11597
27556
10674
17638
18326
24446
6321
10893
2245
3857
1148
8207
29803
19383
24416
4092
20971
19131
26239
19274
26460
29263
21219
10751
27511
29650
18118
9638
30282
25798
30518
6390
27177
28766
10252
29929
8250
29425
12980
2151
3062
16380
7241
22712
21686
3119
19519
25851
5334
31444
4149
10645
25887
8185
31059
27834
4954
20958
4261
25289
28517
28293
3928
24530
21374
13809
9043
12777
21981
10549
24433
4946
27701
1900
32277
8143
7344
4393
27561
9588
2487
15506
15278
1877
14535
2048
23912
19682
22214
10373
10098
4618
15311
26491
1152
872
16795
18118
496
7854
16559
6090
25359
3112
27018
32390
20608
14040
11898
6105
11608
30566
9272
16455
9207
27960
7242
22188
26417
9334
25492
9410
20079
12503
7286
11836
24303
17994
26297
4765
24406
15350
3232
30148
32518
26480
23089
919
30949
13883
21946
27532
13777
24758
13134
6797
22836
30227
11157
15190
12895
10804
11800
17495
15308
18355
25311
11411
17627
17487
8716
3025
9112
2154
14200
2183
11379
30787
15873
8528
14577
22599
21796
2027
5870
13430
29058
23209
4807
11971
19121
2223
156
25203
28391
796
28753
20716
32605
32178
21617
4846
11374
27624
7387
1213
23067
18836
31988
20491
14131
14476
14847
24931
14079
18027
29316
19714
17561
5602
7208
3808
16329
31235
1941
1127
1731
29571
30490
20976
10239
12862
18974
6933
28666
24150
13601
3291
1908
13358
23696
5540
14089
7604
26882
8480
27805
20822
16080
30311
8972
21783
32411
8463
19766
15945
16081
21555
6394
16500
5351
15017
18812
29112
14239
29647
14893
1072
20817
29453
2258
6437
1791
19806
5624
8715
390
18357
21880
3564
5730
10718
7658
8168
27023
2817
28833
12310
23376
32006
14529
4178
14464
25608
2702
26616
29660
32709
4991
29923
31991
20111
2236
31811
3356
22787
8447
32125
12968
30021
27495
23960
7077
16102
3339
1773
9376
29970
814
7231
15549
26108
17961
1951
2059
15618
23639
31041
19576
14141
9917
5580
31533
16519
737
14747
29405
3399
13067
29624
18342
28563
3394
3262
17732
5438
25668
29460
5276
3156
5101
16576
29481
22704
26212
24312
31641
7582
24807
26640
9458
15196
20075
31050
24786
18233
27310
4605
9818
18770
18042
30818
29168
17119
23890
31042
28000
783
21619
5077
9539
24331
14396
8979
9643
6949
11392
12636
12502
8941
25845
7951
30013
2838
16148
4177
25307
20770
321
20242
5294
9869
25058
12199
10970
4285
2023
28649
30804
13373
10730
19730
12835
19139
32000
17954
13304
5003
14906
7862
2569
23129
27406
5346
7727
11340
30374
13077
17843
26943
18568
11472
21647
29806
3617
29170
19142
10613
7363
19430
25081
25604
21817
28216
30748
30796
19296
10990
21513
28648
30622
22681
25240
27573
32748
9904
12033
14893
22315
23302
11659
15029
13747
8927
882
16376
25427
21641
32756
6397
13337
11067
2338
27533
24107
7434
7261
672
23335
24520
19110
20737
25550
1495
2702
21321
26818
19533
11550
15591
12566
16082
5969
23623
29826
19280
7784
11351
23533
7558
32355
31617
26052
7404
946
28014
23313
4566
16846
480
15992
8656
19531
13548
3314
10988
26603
25397
3979
22484
8507
31342
29831
1478
14824
30400
13176
32390
5907
24718
19646
8961
4122
23289
7104
723
30295
1039
11528
26434
14999
20566
5971
24237
25678
32409
26211
280
15411
3999
6644
6660
32274
30544
17775
10013
27530
12665
3840
17406
6981
15212
31425
13013
21102
31794
17382
8660
8416
6088
20988
29203
14419
29719
26458
27017
4995
5319
14827
5275
937
21992
658
388
22692
28081
21732
30988
2211
12968
24906
18578
29729
11623
16793
10119
20557
2535
9424
29706
16199
5838
19
18321
3032
30127
18057
19873
14417
24492
27631
28078
1420
4241
6158
30491
16280
1364
5888
21095
18130
24833
3583
1319
3193
965
23635
27100
224
27639
15489
5938
3244
24653
18383
21068
16472
28168
8763
11888
27816
16291
29669
1850
896
19033
2876
1795
23664
16838
1114
21430
5268
17175
17247
9106
6874
4631
26506
14596
21986
29908
28843
5442
14815
25001
25131
31801
29258
16340
3930
14938
3546
19852
26829
30228
28350
4800
12820
3060
13147
16159
24503
23942
15045
10907
4871
24491
28695
1688
6044
7390
18677
29222
6892
6381
24709
7158
29519
23823
8306
15681
19367
11621
3636
9207
9067
13023
15263
6430
19126
7825
13100
13646
3420
21903
29426
4711
28256
742
18653
31143
15597
9005
14607
31830
28777
29576
8578
32702
14891
16584
31745
4708
11882
103
2014
14781
30791
21694
14780
19892
22151
15674
10024
31050
17145
31581
6514
22297
30777
4840
12046
29482
24474
27343
23100
8252
21946
15275
30966
15127
15392
13524
8504
9677
26399
6319
25576
28593
31049
19884
30881
18241
19739
4472
7049
26314
29766
6649
2831
6179
22941
16052
24371
8055
25571
11515
9309
27428
24713
20407
14853
5489
3318
9258
13515
4683
28173
25972
21634
11850
19161
834
4737
16777
12244
23443
1738
25351
14929
7589
27283
18424
12717
6464
14225
12655
22219
15507
29431
10000
15731
22878
15505
185
18167
987
27228
7263
18383
11977
31192
30734
6954
10774
16237
11501
26792
1116
27541
2814
7369
29366
27479
18667
27450
19244
21387
12437
18414
32314
7973
17216
1048
22468
16999
26461
13420
27230
10464
6362
31621
24274
2699
3027
9458
30188
19611
24446
26878
10414
9011
30336
17510
10339
24385
26361
5513
8352
6341
8396
28080
23754
13935
11049
10284
11921
12029
13065
8727
10896
16297
25940
1909
8821
4567
13371
2292
9578
9895
21270
16256
5140
3826
10363
8913
19149
639
32264
22700
24646
15746
21264
11252
2625
28612
10506
22281
11142
466
23393
2721
29502
14413
26544
13728
1201
23578
15763
24467
29856
17400
21451
21257
9397
15515
29554
12824
30428
31253
29777
18327
2836
27974
13359
10887
6561
11085
16915
8760
21726
13162
5558
5730
7068
8368
19101
29729
31904
11623
2498
3347
30857
10781
12584
16929
6499
12158
2075
21693
19597
24342
26309
20102
25453
23241
15755
7734
6712
18240
9271
8387
16531
14148
9709
9273
16899
14044
14316
13535
12292
32521
30612
10371
23224
3698
20080
9719
25132
32643
21647
31688
13528
11013
22975
19830
25084
13947
20249
32586
28213
9478
27491
1260
3871
8116
23324
3307
20904
9212
8317
30039
15829
20013
26170
16824
25564
18640
26263
21789
3348
18406
30952
10239
4751
14690
7033
7683
22972
29635
14601
14752
24363
18645
23779
6520
22868
20811
31638
5899
16442
27199
12775
21043
23472
10303
29212
51
2532
8438
16760
31363
30131
25912
13686
13149
31752
26905
9855
9299
9865
25378
25448
18250
29783
11212
10517
19277
13484
6485
10045
26078
30565
20839
749
29313
14969
31548
14612
36
28911
553
21162
4814
19550
29268
10147
24782
20921
22366
25859
20475
31359
14913
7677
10989
25087
102
16767
8007
28230
29806
20987
32666
1380
5694
11041
9542
4104
3831
26947
32196
17083
23999
18806
14015
8316
31738
27173
13127
5633
27172
9426
6893
993
10326
1778
16546
4201
3826
3432
26835
9256
2564
27937
3760
2248
11270
13017
18586
23093
7684
5478
6779
842
27057
14692
3339
20525
31455
27446
27102
31933
24253
1435
13954
15982
18168
13236
16778
3810
15094
32145
31076
955
353
19411
18725
15117
12347
16035
13279
7618
22090
9330
22735
28473
7581
4294
28003
3064
3597
10184
31008
24753
3545
26803
32410
16148
24128
20534
22214
9940
9124
23543
17396
19069
17636
16465
26787
29240
11165
8721
21988
10112
16788
2713
16085
13121
2316
19707
995
11922
19384
8242
3930
29059
7455
26356
2519
31282
3117
27382
2065
8052
4542
18767
28263
223
2089
3167
25291
16778
8535
7874
25194
5380
29347
5754
7947
17429
29705
5542
3547
8822
31618
10811
14790
24830
74
16918
24703
7700
18873
2043
9512
28296
28612
7776
15555
12975
11308
3483
10539
7339
22222
6407
2769
6061
810
16525
1545
8717
29178
28988
21425
24628
21603
2048
13643
6492
5678
31285
19638
2499
26212
19759
11404
18983
31521
31753
14903
1452
24682
11393
2339
9848
16264
20637
21318
12114
16980
30349
22358
17042
31902
14359
18729
19900
15300
10034
3668
24154
9367
30619
17792
8927
2289
7852
17537
21998
834
8984
20232
14332
14772
23723
28678
29167
9132
5880
19212
13790
18225
12414
15151
32336
2381
16937
1603
16128
9330
19279
26595
25484
15321
1281
16216
21077
19003
27416
32471
11188
19428
9602
17313
32456
14728
19888
3984
19251
4228
14597
25285
4530
2608
5609
1523
11854
27813
2324
16856
27336
30616
26939
3023
14663
2192
1572
10575
16434
2500
14940
10785
29394
5138
29099
16582
28834
31165
27736
26136
4964
8371
14848
8285
20821
23387
24612
28107
24092
13305
14610
7044
3686
20859
17092
13671
24264
20458
26536
695
2820
18170
19697
13599
1632
29179
31617
20070
4855
28239
17691
25946
8295
12892
5813
16016
16897
7673
25744
5327
29997
12073
3363
23598
31477
7524
30494
13461
19226
10827
10678
23223
23762
24209
30629
26613
12447
5840
22218
23714
9850
12594
8101
6185
16491
32691
8178
21331
1853
8376
31903
13998
17903
2013
2415
12302
20252
18794
6876
26155
6783
18572
8921
15339
12158
3712
14665
31247
30467
8167
5125
22182
28694
29173
4354
12332
17907
25448
23935
31173
16063
907
5173
31154
22333
13403
9799
29840
2297
2848
32031
27605
25414
3517
31931
22391
18527
17295
14007
7221
6135
20419
3043
4266
28885
6957
276
32577
10043
12448
29479
30971
25745
24951
9563
16290
14589
17790
24494
19773
6085
24157
15542
9364
5758
22607
6165
25870
20888
18824
7968
3700
5621
11203
29819
19325
31176
1256
11884
7957
7520
2547
30653
26371
2964
10457
15784
5179
22759
12400
12083
26392
10892
17595
663
10615
12048
24252
1887
3198
9154
28649
1809
27247
17739
31163
31031
24361
13394
16676
23792
26532
6898
17803
2119
17484
26161
3932
2939
31572
10840
29724
21199
8091
4501
5251
26000
21878
20302
5856
20001
22477
2001
30027
13298
7392
26578
13
19783
19716
22019
28483
20017
28068
9380
28303
6288
10994
16128
30542
29341
18787
25919
25960
22520
30691
29031
25624
26113
19657
10394
18143
29017
26696
12894
1743
20967
28553
9950
27203
30781
26450
24900
8140
21210
19290
13567
9239
5514
28470
8709
25245
7085
30014
28939
30029
11977
27054
347
20978
31955
29941
27904
29138
16302
29880
236
858
2827
4880
1075
2165
27921
6596
29082
9002
16339
28681
24697
24449
21870
25149
6497
18505
7696
21349
25031
10689
21844
20378
27647
9810
11908
27193
547
16782
5017
2658
10628
30661
14541
8058
28578
14292
21662
15269
901
26923
6391
12012
8152
30111
7173
30402
21348
4813
11762
20718
20237
22880
2162
5494
30114
29046
25347
8899
6835
2874
13868
29377
28595
833
6362
18588
9782
18775
2278
25573
19105
21099
2987
27661
5517
8049
12532
4642
3297
13676
11917
3840
18688
9862
26464
9645
17879
3199
30735
2822
9113
1397
25932
17725
15179
32252
24718
30071
30919
2107
15484
15021
25749
59
1485
23309
1154
8295
1375
25743
3526
19590
4161
15424
22177
858
15901
30585
14847
16669
31683
8076
11090
29315
19759
11234
8223
23762
5166
363
13905
16093
29349
9449
18180
21063
23622
7092
15925
17739
16695
6020
20668
416
26035
27463
9920
31301
28442
9389
26310
28511
30775
20092
17209
14253
27246
4907
17925
23939
32039
9296
19682
14618
14054
19647
32026
28815
24756
9885
18478
27997
9716
7704
30306
31316
23497
1011
30954
21269
279
19176
12426
8210
31355
22316
28864
11881
19701
28560
31350
26594
3706
1488
23282
10941
21339
9608
21834
20821
20365
1532
29672
22211
11911
29608
23792
20743
8260
10192
13054
18946
18454
27002
30913
26065
21075
32378
8
14000
8218
26121
31014
22121
18385
15534
7218
24078
29314
17321
21247
2810
29014
24613
27244
1485
31837
19454
17368
140
31579
31812
31924
10808
6492
2746
526
29751
14783
2938
2862
1967
22127
30600
1447
5477
14160
11710
25560
3748
1364
20191
8908
131
2384
26275
9659
8878
28889
17416
4324
21978
18335
6658
8626
2681
28328
9538
19673
15837
28550
27853
32509
20593
24023
19187
30287
2790
27220
18879
32326
3998
28252
18560
18090
32228
15419
16910
28554
30969
5589
17366
31698
1460
24930
2474
291
9644
19719
8628
5580
24362
11600
26231
27953
16369
25595
31289
907
30100
23222
28521
9610
8729
30767
30807
11240
10607
5759
3010
25312
29894
23379
29021
10798
4346
17825
31536
5316
31435
6796
16728
1084
23727
32560
20584
29051
19597
24522
28330
20465
31860
25951
23725
2946
5943
8850
28950
25164
14101
9875
21296
435
3025
29776
3336
31518
16462
18063
21856
30603
25632
25338
18694
21610
22777
22409
29739
2373
27717
23810
29435
19203
11767
7297
15955
31097
21243
24760
7810
31512
24987
7788
1855
23773
29261
6103
4145
24471
21227
12818
15379
4818
31458
9057
13991
31909
5262
18076
30123
28766
21504
11727
21738
14014
17016
23966
4061
17588
16925
22719
20170
21444
14033
27234
4951
5973
14321
30121
11638
6603
26963
28711
32334
16095
17019
30299
31626
9745
29261
16170
20477
6859
7851
2430
19841
18600
23257
24923
1614
17665
21308
15109
25859
17806
3982
8008
11010
15018
18170
4042
13728
25372
24641
17531
15780
2680
4924
28280
6547
25354
14854
23335
23424
27390
28421
28605
1663
13172
22126
22093
9663
12628
10970
14829
28974
5747
11208
6137
19819
7157
19342
21402
12765
31636
26198
14793
28512
14438
4961
28226
9360
16933
10192
19382
91
20653
24295
21652
1516
8461
3009
29637
9905
17383
11055
6711
11085
12326
8594
19451
18668
32063
26353
28831
4646
27756
28551
14322
17284
24064
17885
5950
13730
28555
1739
30464
21593
17782
14800
31298
31499
7435
29157
7890
15070
22379
26951
16224
21311
20075
19456
6437
17114
160
10722
4655
1743
1071
24671
17556
19501
624
26646
1043
25588
19478
23519
9889
22523
15991
2514
4874
25058
3569
317
15640
15578
28356
31337
2259
19794
1741
21691
21926
16758
2652
25425
6644
4581
18947
23738
7848
23577
18139
27235
26347
25791
11109
18198
23903
23693
3392
32120
29103
8970
16628
21972
5453
18886
10905
10272
15832
26973
16339
23972
8108
23724
22273
17537
17997
20830
18587
31567
1096
985
20467
3003
13398
31216
11591
10098
26615
14936
28877
24311
1850
22470
26869
3684
16788
17276
7186
13245
26772
24059
12552
23233
2185
2397
23176
4186
30835
13442
19561
5335
14394
1591
31693
25190
26322
25722
2373
8186
5148
16538
3255
27527
2417
23636
14612
19920
20064
18096
5143
31519
31239
25628
23999
8049
14945
7410
27413
20695
24817
29958
19866
10505
16769
10046
4228
21241
21610
29184
30914
14969
29712
31084
27695
30015
32552
7874
12097
23678
28551
26327
15818
20226
14169
4674
15408
13726
3369
7599
31099
5010
8005
31240
5332
29526
18564
1675
30606
3542
20630
31246
30559
14346
2511
11186
28512
15647
20964
25991
22190
29613
18403
20899
28104
11204
26790
16407
17471
10779
29237
25467
21776
2587
17502
10167
2208
32752
15506
10418
14794
20027
25412
3146
15203
23520
2120
27889
28938
19452
30995
1165
11738
13639
30609
2314
5993
1998
27419
19031
32366
27125
18101
13123
18495
14682
28747
23125
3402
5031
17649
12757
31673
22309
20533
21782
29830
21904
26009
19917
14157
12072
893
26936
3658
19701
10414
24334
30239
19663
18580
3385
32376
11581
15697
22736
29443
16487
16414
24245
19016
29479
5053
27506
8249
20541
19059
29498
5510
2973
20883
8485
10071
233
14991
21812
18634
9328
31753
12245
3193
12364
4379
3558
15778
26729
17041
6515
8314
31153
11776
14503
14676
6090
12419
15014
20913
11522
6304
10538
29942
16640
4251
11396
1768
18632
8882
11427
30711
11174
16031
836
5866
26026
7550
16209
580
2146
21976
28194
16442
27475
718
29500
24749
18951
23274
5139
17632
13489
9665
10582
23801
22548
16906
14869
9407
7669
16190
20602
6620
21283
25481
15095
20126
21062
3511
24771
10602
16295
31042
3318
13787
30719
8868
249
17566
21521
15840
5521
22862
3335
31395
8008
8272
16955
12022
4036
28683
19546
23073
29924
1939
20649
13305
22467
7172
20248
4622
24170
30350
23251
26843
26027
1119
26548
20348
2967
5433
4876
10620
5628
11172
23051
12902
804
15826
19512
5574
24966
13890
2803
18449
14454
18131
32389
16026
12354
26729
22949
22811
20094
26574
16722
8253
26206
25217
6776
2279
32447
20066
11206
24272
18506
13499
7307
19505
18326
16241
4372
28717
24406
15538
1320
32738
31969
22528
28834
10808
27875
24868
18457
27598
23178
26684
14040
11642
1181
5768
11679
3044
9814
11402
32064
30153
31084
21415
29752
26881
17905
23179
31346
21518
7859
18250
12322
2515
31211
11798
14648
6292
10676
11833
27717
5559
23357
25074
7173
8997
17697
18670
13287
18653
4684
12720
23795
4816
17069
27650
26655
6281
24550
4755
11785
7544
15045
10026
17140
4611
2389
3272
2488
11913
13723
13291
30391
7325
6134
16905
25816
3553
2818
2164
7636
28492
25890
32235
2899
5302
4345
12834
26726
14628
14038
11515
21409
18129
12846
14277
6954
153
6763
30231
23816
210
24486
25486
27109
9121
8999
7706
3693
5864
20808
31265
29036
1062
17379
5481
10664
3629
8871
8443
20319
30435
10004
8827
17405
21917
8379
12165
5816
29044
8807
5142
2393
9456
31612
29475
32371
18442
23192
22006
13374
30143
25117
2470
19143
3647
15107
11175
21630
31716
20931
13408
12690
16591
19142
17164
30191
1514
29101
12507
24952
1811
26786
9504
18917
23430
2278
18979
14116
24518
22268
867
12881
13517
2513
12694
8716
9662
16437
25851
18562
8485
15827
17929
15282
19291
24088
27420
12658
29307
3802
10719
8809
8013
8104
26008
32571
9180
24620
4151
171
31559
12779
16919
4009
22198
27198
31501
16340
6441
1437
13597
3877
3655
7242
18302
14766
2188
29770
19018
27752
23896
3895
10928
25183
22025
340
9497
20739
10917
26168
27229
220
29978
7180
24293
20072
13791
30251
19430
5394
21006
1334
14266
10132
11262
5815
29343
22134
794
23705
25504
4584
25229
9579
31345
12479
11483
10798
2697
25152
3893
2013
18186
31316
14759
29279
11632
15918
31219
18358
21806
2130
5131
24071
9488
1732
2181
13849
23943
840
1669
29916
31645
5387
26092
23112
14628
16549
22334
10791
16585
21230
23023
6999
24841
8359
23468
25444
29428
7174
17281
14625
17114
22751
5827
8544
29243
7238
18703
19293
14352
25090
3381
11732
21270
3713
7594
21846
24580
31216
14743
17522
12529
24436
31350
5203
11637
14701
2647
32215
19474
18117
10007
30715
18303
22456
16615
25
258
10619
12616
27449
16938
13059
28622
30072
21626
4534
22531
21253
9064
10566
9631
7454
19477
14210
23259
21012
16958
30354
24645
20324
24385
13630
3590
21852
24019
25296
4715
21813
5431
9067
6849
1824
22044
27711
20517
22811
24004
22176
26037
22383
768
3664
7380
15001
17201
16191
938
24523
24010
6988
4310
15008
20897
30004
22620
16090
250
10377
22028
3059
18726
21532
21613
25372
28270
7899
26066
30197
24732
23181
30381
18589
14681
23493
7785
5665
17655
13770
1814
6679
26005
3791
32463
7298
3428
27273
31028
31756
16176
15702
15404
18940
9896
13074
29813
17528
27995
23749
22448
30855
13210
12454
14616
31918
3393
20612
7953
2839
1111
19368
29374
31385
11951
30593
9849
20375
4128
11774
16641
600
2387
12736
8024
18598
22560
10221
1284
23050
22572
24780
1097
30249
13994
26477
20927
30928
13686
14148
19898
24485
16372
20053
20133
6476
18396
1186
10279
3076
13172
5382
7647
31339
14929
7326
28566
5237
13172
26725
21732
21479
27299
24633
925
7049
32647
31900
27031
7062
7721
8848
12274
28154
8606
17373
27556
21713
1948
15575
447
15327
7913
5500
24695
2029
245
14189
14130
16775
21363
26519
1503
16566
6374
9625
4019
2248
18010
19730
14158
1259
12152
1471
7665
25204
30021
3038
2417
26745
15170
8517
4304
13074
7823
9097
32124
23324
32197
260
28266
16360
18928
29895
21766
16962
20960
31805
13623
25448
5299
739
13836
12518
18877
30271
8737
12141
32183
14730
17448
32507
17277
18527
14902
19652
18854
14538
247
2936
4391
9492
29935
12327
22410
26739
2838
17940
18272
13280
16414
16270
29362
25732
16663
2561
24395
20946
24169
5014
28872
24756
15092
15888
11509
21202
14861
13683
130
25757
11670
2976
2274
16655
29018
17396
2241
8620
24777
11539
21442
3262
5723
4478
126
22567
6166
9610
32611
4395
17470
22241
31912
4850
27935
8181
25480
4573
16336
5116
26363
3507
24093
18328
20576
10285
32133
30296
3546
7157
17403
26333
12900
21347
28313
18327
17941
22432
21860
10847
27835
22173
21741
13379
1961
6948
24288
28468
32416
10396
24156
32590
11004
32652
26193
26892
26546
27534
953
23601
8024
9563
27611
9304
9825
20908
12084
7270
249
10936
14953
22926
13471
25368
17749
21643
23224
27316
4724
29467
385
29678
4912
12766
21698
16155
29716
1374
20372
21617
22900
6043
4493
8817
30393
19348
3768
31729
27784
11088
22318
24629
28061
22677
4256
7996
10750
2155
27856
30186
10710
7700
28260
28394
8771
7303
1531
24061
32412
106
23100
10928
23993
16416
14651
29182
19115
31066
22488
690
4271
18314
4192
24437
16116
25323
329
13020
32508
21616
10926
9331
27206
31989
2145
17044
23168
1490
9973
17911
6014
30723
11523
18559
18584
5784
25732
29510
29252
17753
30132
25504
13557
26915
5410
22517
10832
23399
4845
24034
24914
26158
795
16401
4348
10687
28662
16498
14741
24477
25538
24777
30504
10337
15048
6158
9357
7040
13199
28859
18380
29556
12066
25835
29034
31528
26816
21914
24844
15939
28577
24353
15958
6496
20175
26060
27165
6865
11092
8382
23757
21656
17361
3342
20995
15595
5804
2440
18669
31749
18407
24660
28637
10702
9364
31604
21940
12878
14422
11351
10591
29948
25778
6782
11098
2
4702
32582
3426
25366
30483
10348
9009
29250
4127
27725
17209
13488
29841
27628
21335
24479
14090
30520
3266
12988
15737
26764
9458
26542
23918
5488
7527
12306
18380
8345
27139
7573
14768
24765
21290
12748
32699
4820
11575
27453
24310
18011
6868
23092
14793
27618
27436
5898
26926
29686
9636
24203
7986
25389
7394
20583
27159
27472
17468
222
8302
15266
12050
3883
17970
837
29365
2510
4454
18622
3737
30445
30387
4333
32263
7384
6478
23130
15173
13135
25550
29568
24444
15403
11515
31491
585
26756
21131
4720
10403
9007
30624
14947
24684
3835
17376
17382
25282
10681
27125
4473
1365
18597
14251
9656
137
3693
14826
29795
19919
11171
32228
10854
28692
13878
19654
17374
15010
30617
24895
15024
19867
8962
16098
1626
18469
12643
8220
17982
31092
4028
15887
18117
26925
12606
16066
6940
27361
16283
7273
7280
8926
13895
28677
29399
31255
2075
14429
793
10434
13883
25200
31623
10702
15740
27343
8003
28132
2420
24175
13537
13495
28292
26099
17760
15933
20118
17944
2247
15321
550
26680
12545
19314
28713
17259
9243
5226
25415
13646
445
3935
8745
9541
3410
19529
29011
16430
3333
15586
19631
22655
22189
1887
28564
28964
21826
1482
21199
19975
16406
21503
803
7415
22427
16170
13389
32373
9807
1348
19075
17120
3824
2664
31778
18389
18824
24657
29028
3656
9765
14521
5977
17444
31480
27455
24248
22474
16550
4841
17874
8879
3460
26878
27271
7846
26170
19686
18320
8504
8795
15751
27450
3008
15303
12174
27446
9621
13670
7456
9118
768
9495
7689
26754
24709
10161
18187
5956
30119
8369
4949
9939
30041
2240
32204
15534
5569
30592
3716
4385
5100
17386
20453
16382
27577
6740
28285
30050
15034
664
11514
19438
15959
24569
3754
18586
9897
3573
2517
16960
9005
20508
6895
1125
21382
12153
24698
3925
23933
6160
27588
31893
17065
1841
23949
31698
25861
27485
19030
31904
5241
4726
31640
9811
22521
24291
27180
23663
3869
25664
17240
9988
4444
7435
13088
21252
20361
26043
2912
3229
10435
3721
19117
20226
16039
11034
2250
12252
13106
13458
14087
29332
27257
27791
28878
30247
21863
18747
22722
27359
20138
27346
15390
8064
15325
18778
27822
13115
28126
4863
22399
31463
8183
29620
26842
4266
2428
24485
20315
4103
1188
12399
15809
10814
7332
9843
20218
16982
3869
16355
30084
13868
14110
8441
12127
12829
26613
25204
19222
21620
6195
28351
19891
21301
16374
29994
23826
5110
9108
14947
9591
26479
13525
250
1934
25431
26350
31816
18608
23165
30131
27107
5232
22677
21328
31600
10215
2154
22086
24131
27755
1445
26894
5242
1967
21138
24640
4081
27891
29486
27204
4724
46
23702
2847
1935
12750
16770
18825
20518
2641
8624
24069
30020
25860
8267
31535
24931
22863
471
7276
25828
32145
26121
31675
22653
32701
26250
10241
2102
652
26354
8379
7951
710
1848
7743
21682
266
12589
29354
29607
2382
11380
29281
7843
18803
25553
14412
9028
16144
29466
21069
19982
27431
24587
7803
3795
20993
26653
22809
19801
17289
7176
28797
14540
29231
20771
27225
14072
31620
31021
23606
3265
9981
29232
6562
10369
5135
12499
18391
19037
7493
22776
17480
18409
23820
11615
1109
13574
4939
27570
9588
17350
21352
28375
23811
6962
28393
6311
2519
25747
31404
19533
12230
5813
7672
1359
32097
30646
28350
28413
16497
7958
5897
18100
956
1815
15845
3300
3520
9971
22236
20201
24702
18088
31576
13216
6441
20260
17748
13800
25449
17610
12628
9192
28512
13241
18165
2503
14181
813
31123
1553
29729
11589
27511
32712
19276
11425
3894
13261
8078
19090
28057
15768
27922
11860
15739
5889
18771
2809
11950
32651
6694
8926
26731
5114
15483
62
646
21344
7261
1603
31399
21958
902
24349
2208
23226
13780
29920
10532
10498
3114
16691
4423
1627
27193
4677
6024
14925
27001
1193
9139
27729
4245
13624
15773
12688
3862
8188
16297
1347
2016
19501
23605
26908
5674
32482
7301
19990
12717
30975
386
4336
3309
20973
12897
9836
28086
31440
23363
30807
7994
2117
6022
6770
25697
26701
2271
10953
24963
11582
8080
18245
2628
1027
24079
16409
20181
13024
18988
5447
29091
24806
22074
32568
32479
18808
5917
24857
5247
9065
23558
16414
10578
19992
31344
22124
3517
1544
14629
14257
3895
12068
21678
18292
11555
23593
16355
4809
19170
6608
11383
22835
5826
1411
29202
28020
12271
18888
32540
5083
6898
7425
6370
22329
29013
11281
3301
16334
15722
3301
15074
22716
1572
32291
26802
24716
19318
15483
10260
25825
20826
23772
9995
8165
14967
27385
16267
24845
29050
17837
20024
29521
18949
29665
24977
26879
14943
23238
15326
28665
28516
19682
12949
16916
5773
4067
27455
1590
14620
21237
27377
30411
13135
8926
31817
6661
16800
4706
17879
18938
16399
32148
7583
23033
32047
32013
7582
13665
930
13669
28277
4658
31562
9689
28433
27592
1576
24940
21978
27879
14791
7219
3732
30995
20779
11441
20788
13423
14866
8418
25324
875
7054
25983
15787
21505
21411
21622
6036
5735
29419
14156
10057
9704
15001
13184
28797
24716
19854
9285
10975
29749
21563
32659
19147
3859
9952
9264
31297
7204
25527
28461
28587
15570
4897
1555
32766
19111
12281
15632
25217
8624
7985
30159
7950
30176
31605
5005
15038
16635
18880
15493
16236
584
19082
8770
14080
32580
21688
25605
17214
4144
15131
17112
22495
6523
19004
5867
16371
22134
16167
24967
18581
19464
9605
25760
30824
11628
6589
32610
27338
15592
6980
18911
1960
18775
2111
17061
23538
12036
2079
30399
18393
13418
9890
9000
2247
24289
10123
5334
28695
22554
9175
18402
31521
4488
5583
17325
21654
27393
23300
21209
15067
18976
8690
6304
16937
2363
20794
29800
18043
29192
27866
5286
18292
27936
7134
5948
12757
19660
9489
309
30895
21708
18901
20971
14502
150
13360
22865
23210
29956
3556
8695
28957
5525
25547
12172
30318
2735
10509
15398
21832
19192
14710
5709
19808
2823
13797
18566
15477
31210
12173
10545
6036
30516
16640
28305
18253
20187
4366
5758
19109
14349
4715
7898
16730
8448
9388
7773
17060
16629
21101
1780
32644
8486
4580
15052
2247
24619
7937
4570
6859
22518
25141
24412
8081
19516
2642
32750
26473
6549
17898
7563
23564
8253
25563
8300
15810
24046
13563
12971
32756
337
20235
2657
32722
32123
4768
18030
30086
10528
24460
28702
18229
26144
126
22382
1027
11003
17713
3216
12194
10614
12847
15429
4478
6450
3740
1598
10463
23316
10256
455
18581
8465
30409
19384
23726
26203
21894
16094
4425
12558
1758
17776
31656
31489
11013
21092
5247
7495
2129
21539
2694
20455
23505
15126
16813
14884
13724
26952
21024
4773
20843
27765
8999
9019
32114
17077
10755
31590
5845
21775
29266
27233
4538
26517
20092
21050
29422
3332
11763
29602
4312
7377
4593
20573
734
16839
13970
32588
19443
1288
20281
17982
26697
12572
4918
16684
23726
29686
30102
2430
6127
28846
19373
157
10314
7458
6685
23131
1529
32369
22397
32223
17468
20368
11935
21867
9567
25221
28801
17175
4557
23733
17910
8302
7644
4179
24987
16266
8284
28340
24442
965
23546
23771
18496
21147
9998
2560
22793
21575
576
15264
22726
18666
16023
6550
4930
5487
17617
19392
22831
11672
19492
29248
5844
28982
6977
18592
8448
5356
6024
30269
18578
25510
28269
9539
4359
3940
11547
3493
21832
31219
26864
25880
28673
15401
19159
30663
4989
31031
9821
22997
20235
4043
6419
3483
22417
13045
1649
28204
13585
29206
3782
19565
9546
18276
31306
10317
17642
21085
9707
1598
23370
6208
791
1503
25233
20153
394
26065
31169
5137
10469
19148
19816
24377
8597
16240
28618
27756
8896
25254
26675
2463
21858
6285
16629
11227
6468
29307
22583
15611
11224
9611
10562
5009
24668
32647
21558
11966
25893
1299
2613
4859
3790
5731
20722
7382
25881
26438
9966
1976
21736
5792
19843
2123
9836
8889
31475
11467
3525
777
14225
10363
22017
18987
16617
9637
28000
27118
17752
18388
14260
11606
20899
9112
7308
10306
19811
854
22276
22017
3316
3981
9153
956
14360
11655
22059
6508
194
20234
20735
21822
22171
3504
29592
9077
15405
18765
21220
6040
17879
9603
6198
30926
2927
21491
8406
21546
22860
11509
13738
30221
25344
5791
31958
13827
24177
16523
17822
22120
5505
13250
31140
6941
27488
6401
14268
13967
29652
30228
6845
11869
8368
19305
17865
22967
11145
8283
18616
11891
15068
24217
28771
158
20748
12126
17995
31826
25370
29175
920
4070
11197
8254
16375
10329
31994
23910
24361
19155
25521
10485
4559
20336
16901
12393
8767
11723
30821
42
3738
12939
3679
8293
5575
14641
9288
14861
27975
10352
1150
11458
31318
27646
1470
19506
29592
4793
1800
7216
15092
24223
18979
27563
24056
17379
31223
16217
26195
26673
6740
23891
8526
20351
22245
28370
15559
25373
20343
31368
18877
29768
25583
32490
2253
5416
24798
31370
31755
27013
4107
9175
28343
22711
24213
558
26360
32439
29443
23513
5146
19784
9107
17047
12710
4564
7787
23650
12340
1580
11971
24777
10071
2316
7797
25024
2457
897
13458
9890
27006
16460
8216
25200
14535
961
7870
25253
14216
12991
14685
19123
19783
8900
15607
705
14942
18180
17286
21466
31217
26441
8889
16708
20928
31041
4370
3577
23543
18560
20045
29171
5797
8739
12121
22871
27149
28073
30840
30318
13991
20242
32016
24468
4163
11791
14044
9597
22590
2938
5478
23687
15046
6008
8370
3806
28356
12268
13838
4448
11320
15218
11908
32558
14725
20719
21451
17411
14991
7075
6057
32650
7361
623
17009
27784
1244
1429
28293
1854
349
30497
27404
1816
6727
6994
20378
25856
32420
11643
25274
29706
11413
19573
23490
19777
1084
28937
817
20002
9712
22272
12876
17482
2869
4547
13895
836
23081
24590
17279
21759
27313
15673
32624
30122
25100
19642
15233
29994
22256
4863
30536
3828
30961
5355
9946
30800
10979
32212
21765
1180
31409
14520
28614
28361
25161
27201
27918
12017
22663
18862
19224
14480
20330
24749
14968
25937
14246
21468
23751
30444
16852
15875
30188
6501
20045
16764
22614
10509
21877
17827
22084
31986
2774
20354
15328
17946
2048
12406
13143
6482
10879
14543
25918
4326
8227
32251
3320
12111
21003
25830
23371
6296
30256
5594
26707
29982
17529
1993
26894
21720
25769
27732
29122
20481
7241
24026
11092
18609
23545
17918
9928
17302
20204
28437
31687
11454
22211
526
17804
2893
29390
11952
7882
9053
5065
9734
3872
29950
16650
13386
27693
12698
6898
18968
8423
21210
19064
25114
17814
7119
22265
27864
31638
31260
7701
31632
615
13161
6975
19977
7542
20398
25862
6360
2034
26842
28818
4340
19105
6234
7362
1771
27900
12881
29491
17316
15303
15482
2958
233
30296
23138
22340
960
9274
9175
15643
11671
29104
11501
17263
15674
3
16981
3406
7868
17861
15688
21504
14311
10319
27020
6085
18369
8626
3484
24813
19106
24952
10203
9429
28568
5458
246
15095
25386
20845
8341
14161
21506
5604
29865
3869
32754
14475
20685
21016
2323
19782
260
27796
5866
26855
21271
9557
23496
23880
17027
27984
7435
13851
2542
9612
23055
1042
21278
14151
10649
11639
10506
25893
20068
30644
28832
838
26570
17220
10148
26421
25701
1935
13893
24422
10938
29619
10640
11871
4222
28651
3574
28379
15576
9640
5044
6571
8749
26692
28095
11069
17140
8336
12761
23649
19944
15580
31461
5341
21487
13641
31477
31889
13935
19634
8274
29228
17430
2658
22019
9948
26483
17107
29630
15298
11209
11153
26995
11994
3123
10162
12139
16965
20941
10691
14478
8979
23046
21682
18588
23760
24173
15669
8609
23526
22594
1043
17046
4135
1969
18755
4027
22774
2711
20513
25249
17801
3512
5782
8870
30736
5567
5793
4280
3613
30086
17834
11930
29588
21411
11652
17909
24763
5758
3748
1994
17830
2991
19885
15373
6741
32052
8055
7969
21884
17531
8620
25585
21058
26744
8961
984
1668
25501
15663
8970
5385
10669
4387
4675
17247
20173
27427
16122
9393
19561
31736
1253
10431
3377
354
22154
32389
7066
22962
4315
16590
11064
27360
2376
17581
30960
16502
12424
29611
16307
14159
46
23955
1839
8690
8419
2141
4132
19979
10648
586
17271
31996
9046
7277
4709
4710
19755
27520
2314
32277
11753
29364
30916
7324
20881
11947
15643
1767
3853
20218
25274
4473
24640
3227
3705
537
14
15781
3792
15080
32499
25889
32250
336
1042
13452
20302
30470
22168
26876
10120
10961
11579
9599
19184
22302
28173
1499
5157
27243
11998
8430
29138
5362
13374
207
28066
22630
14507
7304
5553
14245
25501
19230
11861
30338
26583
5647
11374
24167
11165
11723
12572
14396
8688
8158
27475
24074
8475
21465
4157
31396
5400
31484
19309
28990
19237
4820
29744
8547
13734
14255
23774
2951
24702
11279
15577
14996
25456
22316
27450
5927
5445
15882
2749
31952
19217
1599
6766
28272
21306
10928
14656
7077
17358
28410
19152
26171
741
18798
5469
12564
10118
1846
15630
32296
29594
10829
29555
17026
28134
29767
6984
7509
14284
8499
31438
14299
4567
27472
14467
29796
16859
524
18324
1167
16868
26490
19306
12213
32019
11683
12121
4573
13719
31169
3424
23267
172
22989
7635
31943
14326
4082
19653
30941
11071
7313
2385
6408
1839
28524
8849
10821
30627
18018
21671
8341
26779
27798
5104
19624
30488
29049
32630
29773
15612
31701
22230
21792
5727
24874
30954
4137
28871
24021
7969
27092
17157
2472
12508
6511
7552
1084
12250
17093
20643
24134
9340
14622
6792
21927
11933
21003
22552
2762
29402
7427
24298
17698
8240
5294
25454
6631
22616
19271
22043
18346
28246
32002
21357
18735
775
17477
13512
12535
1260
15800
22099
26852
28003
16639
23492
8764
22898
1247
29967
16638
17445
21707
15864
21419
5066
3752
16020
10893
9855
11419
29234
20084
10408
14630
18911
6278
15002
20337
22672
11739
21038
9238
4879
23535
8634
20180
7461
31633
28934
2872
11312
1436
23994
17236
27573
310
6870
21585
31062
2043
21527
1424
23363
24746
19312
18074
7188
5156
8615
30237
29214
17429
15694
23474
23931
24052
27004
18417
31329
23954
5792
27158
2419
20445
10568
30763
7282
23973
28217
21464
21796
11705
20707
24246
136
6935
9677
3139
7871
15219
17897
26645
10272
1507
21689
3953
16815
22009
18912
4580
13259
25575
28421
20997
4511
12579
30274
22636
13025
29891
23446
28380
15985
32562
28475
27544
897
12203
25583
24362
12710
21407
29607
24871
7065
14626
28341
4639
22358
7749
31456
6798
25913
23825
14201
22913
9801
22957
16112
24056
17252
12615
2960
12954
19220
22107
19838
16717
23902
29735
26916
20333
23034
5397
5341
15484
32022
11097
23031
8533
21715
22992
9830
29441
7546
11393
20245
23762
5449
15102
29082
10455
20171
1716
4273
13357
14603
22443
15913
10277
23250
14106
27024
32276
18278
31574
28459
136
12500
25466
22264
8089
7997
24873
30274
7436
7042
18580
20036
15725
787
7855
20801
26356
9117
7826
13882
31817
29389
23508
17938
11376
28142
30864
994
20570
3984
15631
2311
258
32567
3314
17579
11709
4293
6080
31576
29106
3609
27344
16139
4538
14070
19415
22201
5814
21860
3528
7848
14036
3021
24833
32609
9175
7974
22853
13057
14400
6001
9560
28111
21447
10426
23209
10159
6945
10607
10393
1225
25441
4776
18662
14819
28326
13670
16356
18489
6298
7571
24700
72
14667
32479
27055
15280
20013
24799
17668
26167
22722
2285
26841
29888
27520
26191
17884
29561
18634
29611
27264
20732
31320
10208
32449
1860
12741
20527
22159
16828
27483
25780
2477
12942
27266
9549
2614
18812
12432
32339
29875
17721
8050
23616
7975
1310
21092
20543
24050
17534
25063
20564
3809
7466
4215
3483
11716
25147
1509
14090
5470
19397
1358
20964
7362
31375
30417
21794
5408
17892
11240
23326
15626
20501
26222
23900
4710
21801
21525
13016
11509
16210
32712
30494
25364
10319
22965
23090
11270
4726
7471
13254
12031
6125
11907
28709
23731
4097
9715
11447
20192
15620
12578
30860
25100
673
15634
21665
19550
31071
18703
18177
7093
14623
22794
924
8573
28866
7058
6226
21422
17727
11906
21377
32501
3286
11371
31198
3861
8241
23532
9457
1036
2587
9357
3686
2473
22663
26971
20124
3680
27687
7431
24905
26455
14416
8591
29441
22617
22792
16310
24291
19826
1885
12571
29722
11250
31977
28575
14902
2948
12442
19947
28042
323
12553
12009
21758
30109
3284
17509
7565
23470
11360
18814
6894
27066
8811
613
16275
1365
2751
5252
15974
7522
22903
25481
8155
5023
12467
6717
2922
22150
27080
4725
14187
27694
26635
1901
20768
32305
19096
27357
29226
23282
28906
809
32444
13475
11760
2082
31506
14452
2632
11359
20008
29623
9484
26118
6812
29434
14025
19260
32398
28621
21066
3021
6227
4357
25201
5416
31545
23520
6536
22019
24769
7004
31906
20214
10899
26792
9570
14696
24122
2332
15207
26970
8341
17509
2678
21997
26799
3589
21407
13760
29026
13851
8073
20198
25785
29697
1883
18391
30496
22444
2119
3409
21965
23270
1818
16400
1135
4882
9480
7103
32086
31542
19726
14696
5171
9068
15286
9273
19823
27192
11441
16036
9237
9982
24486
11072
27068
7663
11186
24024
18710
31870
832
23085
13948
26592
5350
12525
30326
10830
16992
29731
26916
8492
3485
21047
400
2692
2153
21290
13912
8432
2645
15996
30832
4502
8182
17008
12013
27174
26374
15360
15973
27796
14352
13724
6347
22092
12871
20631
9051
10791
32629
7511
16915
5678
25604
21214
23140
26681
18388
27832
27927
13246
15660
5296
9262
5915
1743
15574
27782
6007
17669
11423
4619
8327
9723
15503
2467
14652
3415
18030
8784
28646
23576
9253
10444
21679
1731
21228
6476
11041
1685
1825
15753
18506
29925
7870
29853
6536
29440
14234
2182
27207
13306
27047
6435
22807
28153
23567
1571
23112
4525
4958
15229
30729
10282
31181
13741
18508
28145
17816
12577
13405
19090
20871
3920
28273
27572
11530
756
288
22073
11256
23318
16318
12996
6933
7127
2631
24041
4345
27978
15258
20048
2296
17110
20131
31684
32654
29780
7093
2461
7624
1506
29751
10869
8002
24014
9467
7919
17427
30897
23711
18777
32004
29266
22060
18703
14872
16248
7395
29061
17534
11246
3051
18848
11531
25043
13139
19296
30454
19821
20784
10034
7813
21802
12078
10734
17362
8407
30255
6048
4522
14885
2147
24492
20213
4936
23030
12601
27874
23687
1185
31534
25539
12513
18195
14704
27522
17613
30461
22131
18408
28497
30888
2618
16520
16099
25646
1434
21045
10889
1963
5564
8863
15277
28140
9846
20306
15251
30546
11294
20926
23681
10473
7350
17027
21855
32012
21213
19041
4427
5611
17489
9322
7410
19513
18156
20439
11202
11718
3730
1854
2085
9458
28777
825
16104
23946
14372
19876
26856
17881
9715
7229
22854
18063
7452
2573
187
18064
20233
30822
31773
11389
10888
1082
24711
16033
5490
2958
19172
23966
7773
3282
21297
19214
26365
23906
12886
9240
4907
9105
17041
8506
682
30473
11368
24670
31674
28306
28746
8439
194
21526
6801
31688
28667
26380
11356
22428
31634
8747
730
26384
10977
30901
13353
10223
17906
16424
28295
29512
12666
14578
28951
26040
8853
7498
25377
6910
9269
5708
19885
5979
28738
8426
12003
18188
9400
26242
31237
22675
32059
11601
28547
18968
10269
16429
21584
20859
21856
4398
20703
30311
14046
13548
30447
1393
2352
3719
604
1537
16640
5520
14571
32622
29343
11736
26738
14696
9608
19375
16239
31768
26898
177
22950
4428
19289
646
19059
22532
17095
15318
7355
12597
31270
7752
4927
18633
17712
24444
943
20860
32404
28543
18869
15427
10825
30535
7186
20570
19510
27257
5230
6011
7539
4152
5846
2375
15651
19136
1305
4391
4528
9652
25281
22846
5349
23590
21942
13751
2608
9164
13117
15892
22649
10315
21724
31937
2671
24334
16007
11005
20187
5893
9823
15282
7752
18951
10574
21164
13156
1306
19463
17064
6522
23014
4517
7742
30930
9043
19075
24782
4719
20904
6728
13137
31887
13849
19948
15702
15753
13923
11581
16330
31699
25972
20430
22615
7330
23024
29177
16520
1450
2312
268
872
17510
19445
23414
10370
21312
17812
11701
25563
18782
28185
3761
31232
24792
8923
11288
7581
14205
11830
25932
17942
176
22418
16105
11770
10655
1953
30766
6059
16507
14224
5923
12207
25051
24392
1643
13786
3587
25958
18559
11699
6781
22321
3359
29512
19848
20665
14073
10384
4829
19064
7442
17623
16596
27074
10726
20039
9762
32326
12672
14734
31371
26328
508
31799
28112
3201
19134
23145
24590
19812
21024
5676
20617
19335
21688
28712
30487
32259
25423
26209
5370
32079
28122
6980
14584
9687
1898
3856
1758
15393
16941
21710
28842
13434
21595
13317
21552
4500
4750
25866
16293
15432
14472
26259
19929
25082
32569
11887
23578
30794
9066
29438
13354
12459
27117
599
30106
2064
14466
24185
12731
28979
4627
11622
7276
8390
26082
27406
32293
19657
17869
20810
20503
351
20144
29081
3014
1824
15110
16709
12344
31376
13655
13821
16525
15577
14885
17884
24765
21762
31652
6409
1864
14860
10864
25555
20035
13984
14488
32052
18826
3504
1012
2120
6852
13029
25838
28326
22377
23355
5853
23724
18369
1862
5162
8701
10346
1083
12450
26078
32162
30303
5833
27423
8965
3425
23611
6848
6637
18877
13887
5657
21901
29133
15856
28295
15676
9922
3206
11196
20866
8253
13469
5718
3337
11502
17358
4118
30946
32117
27077
19113
11524
13669
22120
16993
15788
25892
8295
29187
19493
31105
13092
15843
12479
19868
7308
6647
4941
32732
25490
23854
22184
14667
17739
23912
30795
26225
13540
28775
6941
8764
20938
12229
16558
2896
5539
3428
22979
2968
17810
7936
15302
13768
4081
3050
16014
28215
24278
30280
10120
12006
13262
23501
8966
13132
14105
27828
15815
3462
23383
5813
30042
13130
22036
569
31173
19730
16285
23538
7119
4750
31935
25500
7272
24710
17409
9140
16368
2782
29574
1190
6957
26889
17331
4578
20113
12971
25268
28906
9879
6546
25941
22401
18052
29994
2010
23172
15495
6910
1086
31944
15987
26996
21013
22934
6810
17826
21417
13787
27327
30362
3488
9610
32512
845
4548
11956
3986
8212
21045
9554
32449
15034
7297
8249
11861
26325
23239
17975
21274
21437
4673
24796
4972
28568
2097
21662
28202
25530
2400
30020
20377
24394
30505
30099
15917
3142
14270
25801
5430
31386
17989
23646
29813
19537
31586
14646
26333
21091
16501
14308
100
19518
31269
21641
17219
12431
31435
13056
23359
1373
27856
5567
10928
30316
18917
7783
5298
16532
21147
26356
31626
26339
9097
2281
17949
13808
32015
7593
8189
9887
19273
22914
29057
18187
14182
9583
199
27571
19920
678
32437
30997
1078
26836
17093
6407
30535
1343
25630
26287
30770
20949
27360
24235
24732
2254
28697
21857
24770
298
9251
31010
13904
17495
7718
16932
10839
22227
9374
23515
11129
7339
18285
518
21377
26575
22544
10684
31732
4219
27801
26663
31186
3178
7400
12060
10532
30373
21324
12131
28937
22848
17804
11742
21422
19373
8732
4631
25099
13958
8736
22283
29851
806
20803
6779
6022
6142
10178
23247
31253
30623
2348
20531
53
16506
1772
22788
8530
5719
10752
26455
11658
4718
5483
7732
22934
26775
30177
6570
10602
21530
12179
31690
30239
24505
8776
22459
32209
27406
1176
13317
20117
11485
32366
29787
5162
12388
15829
3509
22117
19859
24350
702
23328
27713
7428
26538
7828
15217
25402
17704
27355
32286
22125
11389
28342
7908
2970
2537
27646
23529
9148
19477
27514
26575
1679
22598
20824
2450
23778
10588
23178
4465
18495
21440
6028
21219
22043
21385
30436
19079
19321
29615
4834
14513
8478
5021
3743
27089
28081
22586
12693
22092
7471
2621
16085
25293
32590
22705
4088
27704
292
13757
17190
19369
16365
13124
6260
27128
7480
16023
4858
32114
17246
21510
8240
29177
17478
2518
21792
27952
13200
1661
16269
23496
25129
14503
21079
18513
14566
3431
23172
31995
5410
7912
11212
18864
19182
8483
29624
4373
27206
21869
10160
12460
25439
5861
21877
1742
4523
1016
11722
7523
32043
13389
9213
17987
5104
19705
17549
16539
14730
15613
15868
11853
16773
27741
25313
17599
8829
22550
14308
28443
12693
5253
6043
8589
14244
15380
21276
6706
7326
3321
14882
20696
350
25207
26236
14411
25214
9716
25835
14863
4399
28551
32257
19472
3948
18690
4473
26199
29986
9519
28509
17417
11234
30009
21149
19190
31665
19383
18373
28921
26338
18035
21360
27344
18939
7330
17805
19448
21255
4681
30752
758
21078
11504
13723
12760
21370
12839
17480
14419
6441
9713
20938
23972
11606
5123
23232
10280
14385
10853
25990
32438
23768
16612
3719
26973
26226
28514
24685
9412
8160
24414
7638
32210
8717
23794
25233
26467
7653
15232
8635
3532
29476
25289
10736
1067
1622
18742
26410
7577
24294
9251
3609
8623
22627
28634
20345
10218
18885
20356
22678
16123
3550
31629
19246
17114
29928
18797
30427
17616
2642
25400
10323
15942
11156
9558
17538
25721
10016
30211
29113
27038
1374
24101
26517
8003
372
19678
16484
23820
30854
28161
6883
24731
15650
11823
15599
1346
9437
1952
12474
10724
289
9659
14963
1544
27118
10975
9924
18853
14490
3826
11452
16870
2753
20819
10727
20385
25811
2746
12688
20880
19436
22147
32021
3277
21469
23171
2157
24490
14629
27320
6262
30554
5157
4569
23146
24397
27466
22850
10085
3292
6721
5470
5148
19905
8774
8350
26551
10424
30048
21777
245
28574
11901
2228
30936
29916
10893
3627
1136
31541
23372
13214
10387
12628
20562
14801
28783
7155
26808
13003
6680
18218
12363
17904
19412
13968
17215
8199
32132
21461
18861
31911
18801
2886
9417
21245
27279
15105
25320
8678
10829
512
28961
32020
21948
19331
12382
27828
19384
8664
28753
16610
2884
27866
4365
5246
2714
3234
16468
21059
20093
7382
2794
29059
27936
15080
31554
24346
6250
29966
9915
23639
12206
9170
10946
28096
10216
11346
4080
3688
12551
10902
28371
31322
8998
2789
29335
18635
9191
11317
3775
19185
3788
11615
8005
17110
32420
19278
1734
18981
32578
4044
9189
10099
7578
3573
27755
10196
6709
22323
21293
8739
12256
28649
28702
5738
24451
21514
2967
3465
11508
8421
1492
14515
29112
5936
28089
29349
2135
8298
2048
16659
31184
25418
26722
1433
30851
27907
6698
17199
29971
4262
18366
9910
1579
7984
44
24882
17523
9123
14382
7147
24778
14926
10369
22320
11459
29907
29876
30818
21004
20076
32723
29840
17963
20622
16293
30625
14303
6741
14520
29907
930
6712
22493
18461
11521
18498
6757
6098
9517
26608
32527
32158
18991
17263
26899
25043
30092
4647
15067
24923
17436
11998
28579
31474
31166
10621
20174
2740
7996
2268
29129
15331
1465
18957
8802
14015
6090
8709
32130
32664
19347
30311
13889
21820
29013
27116
17092
672
9827
22530
11682
2598
25170
29891
16448
13150
31325
21848
4472
5115
1148
29855
30467
19147
18107
32174
12834
3736
4022
31525
30216
24763
1287
28530
29710
10431
26770
691
23583
20087
4902
14267
17115
30556
2548
6265
13164
11920
6069
16918
22633
797
27352
21486
16045
10813
31036
9529
20586
16795
27275
11943
27130
8447
17937
10244
28284
18977
9840
8672
16250
11764
27380
31787
15821
3955
11242
28875
28126
3822
5965
498
2858
9333
21746
24561
17913
24533
25345
26642
5752
32523
15229
28555
25022
11468
9909
25641
30881
8942
27097
26498
26034
31029
24718
28680
23004
6589
7356
31091
7308
21515
11056
15691
16504
22789
1432
7369
17256
24719
10478
4092
21764
3021
18346
3082
8941
21897
18988
9332
1741
24496
2559
415
21426
13009
11280
30258
17157
3588
12474
9636
24965
786
9771
4705
15732
3763
18422
26802
4931
9309
5539
11474
13697
13755
15413
22708
26073
16311
23764
8718
5140
10283
10493
26725
10453
7887
21412
21477
17536
23880
22350
12255
5452
14520
11030
13582
11780
16957
15951
32317
26092
16826
26777
4418
21483
22423
32579
16543
18188
6649
18530
20698
27471
15016
25785
17321
6880
30784
24663
23405
20084
17281
27427
21752
17079
20689
9315
20410
24716
1989
22767
22785
245
28771
22923
10399
4394
31207
22844
4958
591
3194
21345
29413
14616
27638
31388
14399
18446
5575
3930
18122
23373
4150
31215
4020
10435
13995
29442
9627
4982
26867
28357
27338
4475
15670
24539
24097
13263
10144
18450
6614
19352
28585
5611
4687
27844
27467
25988
13640
20405
26558
6254
12720
29780
20650
12359
1067
427
13154
21084
18211
20154
12027
30669
30903
26648
11663
13639
17693
16322
26041
22176
10677
4516
11087
29411
1598
16925
31689
24854
24584
15368
29245
30350
26046
24472
29391
7267
6854
30697
30134
31553
21021
6728
8024
26606
3378
21324
7088
24816
31307
19542
16746
15964
3245
14770
3065
20063
19859
10227
13079
27425
15918
3338
3116
30122
1045
8691
9062
31448
7414
7049
4177
29383
28266
25856
9311
14730
22233
12712
6851
9290
855
8565
5938
16710
9337
15217
32574
23380
8514
6067
23914
19973
19618
6397
23469
13832
6419
18788
20975
23885
989
7789
14511
7954
23309
7862
7841
26080
20124
25518
18820
6761
31124
22146
7974
31152
30050
19088
8121
1689
30725
22092
15761
10136
12769
9998
18916
5963
20096
20135
15184
23446
27217
24728
12561
1300
6023
20214
19383
23222
27457
19489
31750
21051
7606
5882
17769
310
17050
17304
7988
13550
31525
21704
5256
20696
30497
2839
637
32348
28002
18468
19610
23293
12334
6637
17135
30272
23808
7807
6994
17385
25349
22435
10750
9163
15710
29147
17693
1909
16422
24741
448
14830
13462
12487
16209
14487
6691
3321
27206
13179
27015
31077
30477
27203
16794
10890
4895
26818
7905
21434
29095
57
3081
28624
22994
27628
13019
22021
8755
20828
2537
24243
410
5692
13079
28827
2889
15689
17574
14561
20236
26555
15713
23207
4662
3191
10405
31640
15582
5532
3887
1806
32023
26238
543
12009
22628
14272
5342
7838
30916
13135
31259
8932
6109
13323
14516
29300
24881
349
14850
11704
19583
17657
22340
8025
26115
14581
26429
23486
12437
20359
31658
27159
9405
15786
23409
6146
26468
16776
23306
6243
4680
9064
5177
23061
20486
9862
24673
6482
4984
16492
30950
6929
18184
6120
17197
28577
20664
18450
2059
5543
25847
17184
8431
22554
20729
31903
15280
23778
8454
27570
2644
14126
28776
13712
2031
24475
10851
26519
28646
32258
26357
25648
13849
2521
23928
20973
25201
2756
19990
15160
23745
3738
23438
19148
19375
9271
1641
25554
4999
29914
17321
29987
6545
17426
14686
26574
29387
29847
4061
11739
14876
31599
30734
20548
4273
25298
23433
12782
11964
505
9023
9247
27836
15743
3258
23188
18466
26668
10789
14158
24768
23327
26729
11553
18399
13004
29551
3747
3187
24603
5910
18901
24800
22444
11017
15699
3826
6973
1137
28705
21892
10503
21506
31852
2481
25865
9480
6547
4168
5617
6862
21680
24306
26508
31037
749
189
24551
20989
31647
17413
30069
22264
12277
16690
2519
21571
25479
22879
15681
27843
21001
29110
23798
17713
14304
20986
25915
1712
5931
6382
1515
11244
28518
6407
14008
31537
11018
2039
25580
31720
19990
27335
26607
20569
29540
8385
2547
792
20769
9980
9452
11487
17686
6052
4886
31329
13952
20385
21300
8537
24430
30819
10418
16885
29842
32041
19106
3650
12239
29271
23409
6951
17201
30792
26507
24137
14398
31369
8670
16158
9234
25812
14475
10028
5172
9192
5770
16314
23568
20448
15537
1738
2365
30094
12611
22756
18814
10587
5549
2618
13037
27709
30300
1968
17451
10229
24706
5788
13982
25526
12552
7470
27342
10376
20892
27652
13323
24007
29893
26832
30534
5326
649
20036
18072
13239
31064
22288
4182
2500
31971
27877
32285
24278
21277
16039
578
2765
14171
9217
5168
7236
13674
8508
17408
11295
13720
22665
25027
7922
28802
30533
12441
17370
25854
7111
6887
13882
1921
30379
5109
11753
11572
15991
15660
7332
8963
26262
27852
30210
17681
27311
5499
31177
30808
24971
4963
1039
6031
2404
16684
4096
920
6786
11560
24248
22202
5352
21761
8788
29928
17375
31383
2173
24172
17462
24062
5265
18703
5553
22009
27631
11025
20576
21076
25527
14168
32133
1227
18268
4063
20182
17397
28045
20775
526
23049
32695
2158
20260
30127
3288
6505
5287
16988
12884
7405
16559
24599
23560
23859
27906
1783
2660
7729
9047
16714
7962
29873
9669
19559
13993
4036
22208
62
12542
13042
2223
14246
4046
29084
26230
15829
13412
19678
8839
942
17469
5978
14421
22734
32567
13299
12128
5391
2784
30704
17945
29835
17503
28161
10560
30656
2185
17490
11512
17449
8621
5008
12091
5022
8497
26454
7519
19955
10148
2835
29268
30421
3954
26464
9743
24814
3060
11376
19281
3479
22780
18963
12273
31273
27495
29397
10146
12801
24240
7459
23976
3581
23378
19091
29273
18497
20343
20066
9652
32621
30814
10236
5449
30507
27327
9733
10429
26686
28174
553
26781
11720
22853
393
29132
25442
5236
17569
30893
9110
32548
17009
30044
19899
29515
12002
30522
25888
30215
13258
25200
18556
6207
29144
7889
959
8543
907
1917
19019
13583
24666
15755
11281
14204
32087
30031
21716
28311
14095
30175
705
27995
7037
16588
8346
32194
26682
13246
25334
6252
6215
16460
20598
3313
17373
29869
16391
7785
18813
7765
27523
9523
25410
25088
15259
24683
10645
22861
21044
8080
14441
32354
19155
27571
4785
30823
8098
20721
13498
32428
5551
26777
17742
11702
25567
21015
12555
15310
22016
9908
22955
12911
1450
32219
13187
6161
15714
19359
28766
7247
5866
11356
16236
14665
2196
13274
22787
24654
30245
12454
3295
32475
17169
24812
7418
18070
2073
14529
29117
31449
19722
24926
7765
32685
23535
11581
3621
4270
12910
29854
615
21375
29177
8248
15124
8278
7026
29357
1708
1130
696
23680
2760
11058
20581
22233
25396
291
19603
22520
7281
16181
10357
18265
2625
4887
4335
27481
8829
4595
30531
23099
4719
8976
9112
12984
2571
17464
15191
25317
2628
27944
8464
28723
5860
30164
7622
25299
21207
29993
16248
3255
16317
483
23235
32262
2355
4384
32018
16165
18996
19410
3968
23443
10369
3434
4194
10465
31327
11057
28509
11926
7668
7883
25469
14791
21789
21370
8365
9781
2096
14951
14528
31490
23692
26046
21516
11412
948
19750
15273
17493
5634
15518
14222
23290
29918
9766
13722
6122
27250
1338
19998
26721
819
25639
14222
29465
27384
7017
7593
24596
31203
22023
27821
7014
5052
9886
25162
19435
8073
6711
15197
15495
27035
28641
9687
3567
11288
1862
26449
4865
21708
25087
26633
27243
13925
23017
6672
19939
21493
31454
25594
26769
24052
19413
4078
3383
17435
11982
28413
142
24771
17231
17498
4115
24861
17732
3633
8024
844
26927
7446
21426
3000
11783
8948
9714
30252
23705
30231
14167
32111
23306
334
22340
13709
7046
15502
22694
6481
5722
4308
12035
11753
17784
19039
14977
13966
18346
28373
25524
9486
7108
1407
9375
2170
4448
18626
16748
8520
5805
24925
10931
2969
17740
27659
10012
5991
25478
3112
24104
28054
1868
27205
11722
29995
27337
32213
15766
30647
22074
22372
25743
32410
17856
16600
4748
22819
15878
24231
25635
32138
4212
15599
17209
5856
31394
16529
20168
31607
15912
9284
12634
333
27844
18369
18215
1549
27099
20944
21339
18340
16919
4472
27083
13292
8390
8770
28232
14102
7538
603
15116
21367
31992
19888
10943
19247
30061
30698
26266
11244
10491
2318
12895
7772
16799
32006
25640
19682
13514
6164
3654
12029
18127
26158
17776
19215
27757
16962
6412
31722
12913
29478
18623
15809
20437
17433
1843
29154
28203
30883
30759
4627
29293
1178
10346
6783
13892
19653
28881
20047
2865
8493
1463
30825
9270
27885
18518
24299
15513
27391
17832
7621
5990
28768
19670
1566
26814
17664
7635
22189
4027
7838
17722
27676
3896
13368
5414
19220
4836
12659
20886
9801
4830
16316
20105
6834
19524
4845
13905
24073
19022
28006
15284
7608
29380
18999
30613
26653
18875
10831
30679
9544
11807
11431
9472
29854
15402
30179
4074
29668
16110
20238
32697
14104
24189
30745
2456
10258
588
19042
3721
5814
3443
12004
7174
11509
24373
21738
4498
20113
5345
78
30218
26271
15746
14825
6412
4879
8194
23289
19268
19258
6870
8137
23881
27273
11623
31023
23092
14584
19727
10026
6416
26471
17228
18240
24354
25579
13621
7365
9046
26045
25337
27251
19272
23792
16212
9989
17300
2237
32053
26607
13094
26191
13240
23950
28649
31962
3990
6132
1915
9295
22589
6985
24557
21528
11370
6115
28460
10756
5132
1235
8008
31619
30303
28510
2415
5912
15440
23452
11566
4583
10465
17916
21819
2325
680
551
9416
16910
27922
20780
29175
17870
28800
9586
26003
16369
32236
18799
11267
13849
683
7334
5076
15761
12545
5378
20202
12704
7940
12921
26547
3869
28815
9891
10193
14848
25737
31634
24363
12055
27808
26923
26547
1929
15341
20353
18563
28882
28703
31835
5383
16115
3243
8668
1809
17485
17894
18932
21993
18851
10553
22498
19324
27122
18240
29005
17663
16255
27998
6944
13369
15911
31235
4342
4679
14249
22000
9360
17310
18593
111
30311
9322
6535
21940
17287
21030
1681
15474
3828
9410
20212
9794
22814
13248
12036
29747
32514
17816
24629
8935
24473
677
4121
1514
26914
9182
4221
12072
30624
5502
6252
5189
8704
14133
4925
5107
16151
16701
2501
11597
25162
9652
26323
14975
11601
15821
11403
32084
24810
10445
17504
6984
4537
24902
13148
16610
30580
27976
25661
2406
29302
24724
1321
25874
2843
20816
28299
26615
13133
4156
2431
24126
20890
5323
8649
14546
18951
11846
23573
19152
7640
10747
8628
10287
2820
29967
5783
20515
21479
13933
31146
2308
12499
23183
10505
24935
24683
6813
20936
15072
13923
13556
11202
565
13804
2959
29226
15247
29397
3918
21899
16263
21325
3357
7479
10670
19686
12412
17297
25768
5794
13873
25361
19765
29570
1455
16891
18192
23300
5735
8102
9954
15202
15808
3605
32413
26413
29635
19988
27002
14962
190
20941
23773
24011
27480
4543
19897
10972
17891
31227
18239
27135
13839
17077
7988
3361
1525
3139
5120
9149
15468
11703
9004
2828
26788
20997
24706
27397
19876
19205
29947
30712
2486
4250
22056
14402
4684
6116
32495
28877
8406
465
11196
14515
32000
28991
26928
1931
13766
17152
9516
14162
14227
17943
12453
8126
32423
18871
21780
723
25746
6472
15893
23810
28030
6090
5746
4299
6878
3795
11622
3445
32474
29942
2499
15982
10424
15666
31221
18143
19822
9389
10732
1176
6502
22731
19048
7034
10109
23970
20450
7427
11564
670
6035
23275
25810
10474
25811
16714
17564
18664
6968
5165
7161
4525
4827
29892
22199
7985
22535
12339
13038
19646
23283
22102
28306
26595
25973
11121
3928
25234
2165
11874
14063
4806
26455
32635
11329
16910
2843
14143
13192
27914
8293
27616
31234
4439
32256
27926
19089
11532
869
23455
1883
2484
31163
27218
15295
2224
15853
2492
30772
29813
20786
16446
7583
28996
20441
28696
26663
14789
30228
24916
16061
11857
24300
29147
17482
21995
32115
16352
17436
26857
17260
20751
9854
4770
14863
5681
31977
4842
10587
24381
27124
4886
28017
9411
23611
18073
26455
6401
21777
11168
16802
17198
29085
26634
3979
29097
202
29567
4503
5100
22484
10954
24721
23657
1725
21181
17568
9366
30845
20797
17598
4942
15781
18845
24229
18023
13322
1878
29654
7956
21552
8638
749
32741
22400
9003
21041
31393
5080
27389
20622
22334
19147
6898
3918
24563
30288
11110
18365
4436
21939
4226
30635
21608
26037
17645
11274
25088
30352
4540
2324
17387
406
9450
2967
24933
13819
6129
28022
2567
24185
17920
15309
2365
32735
2004
17799
7488
18796
10750
16348
4306
20538
12354
27542
32182
1852
22033
29277
2712
12430
19303
30740
16603
25179
25921
16038
3237
7629
21729
6950
30981
19791
7750
2410
6471
4461
27972
15396
25019
5492
28847
1621
14110
28762
826
20480
9928
25073
30512
30601
28092
8153
27441
749
23527
2978
15825
16155
15049
23203
26206
21173
11544
12539
8554
18277
799
32422
31351
12930
10582
22218
3492
3972
29227
16705
19232
15594
22261
9376
10925
5466
16870
18250
17885
12552
27220
27115
32100
25695
96
27405
14658
27425
29839
18206
22718
1842
20657
31066
21947
16766
22175
23345
20793
29780
13908
30045
24444
1169
30069
8225
22326
29535
26652
27749
26876
3963
24135
14360
7605
22957
22654
1437
10508
931
16528
6669
26527
2146
7286
28270
9550
1960
2083
20930
14129
23739
20487
5152
28152
1275
19133
15862
3812
6216
4632
31172
30611
18587
13350
28133
1261
2790
1485
21893
30372
4417
25483
26243
30840
2511
11376
1308
28820
218
31991
8105
19519
28928
6212
22623
18941
28417
22073
17754
12614
19068
31358
10140
14
32349
5205
1794
24332
16808
12093
32704
4309
8581
32472
5884
23634
27618
3071
31722
14580
4919
53
12844
16077
19051
24816
29826
31109
10294
22280
15190
13533
22180
31471
18915
20542
1422
25993
1407
2536
15753
32470
24212
9230
16768
31973
30337
20987
21605
27309
31303
16254
14518
6187
13674
28265
19395
16699
1237
25256
24462
3244
24658
28696
700
15120
17554
27480
21838
5710
2461
11919
6237
20056
10022
5725
27371
21369
32467
4800
9676
7234
26976
7472
22738
9625
13246
13861
14470
15571
4466
5471
2657
7205
29721
23945
31191
23612
25830
673
15956
23291
18359
8528
32207
16621
4431
24331
178
10699
8447
21212
6143
16955
30740
26729
15587
22742
21517
13797
10212
30575
6571
11634
27475
28288
26837
21881
5317
22366
30342
12245
11080
5023
17543
12508
107
8283
20484
15031
30776
10643
7149
6713
8673
18308
27003
23039
5499
22707
29648
32703
11568
13889
16151
13582
25393
23237
13771
12167
2921
15837
9646
31958
31556
19376
17783
2099
25368
3565
1415
4202
24764
7359
20690
21210
9886
32245
2247
5363
13606
26908
28156
5506
5285
4617
3759
5989
7098
16212
6003
24096
15921
7620
2964
24234
20513
24016
708
9291
28080
8099
5172
7786
31586
17763
28620
15153
1223
4886
17920
28011
74
5421
29906
16235
23004
5201
19727
17968
6656
29150
10912
12832
11522
23179
8130
22065
4185
2765
26924
5788
12667
25783
7724
27398
8954
6998
6554
12014
25602
5572
244
23382
5083
9942
27336
2035
6746
13938
18179
14303
18970
1767
27682
7278
25339
13674
15899
25158
20040
29258
24552
22764
3894
20312
15512
22898
5008
12210
30487
30235
14548
30953
3900
3312
22445
15459
6645
27358
31645
6960
20483
16542
24279
12538
22337
31887
30082
32451
29724
18802
14513
14992
22828
9896
30851
29241
3406
1742
575
26009
26237
278
8536
2871
13092
18516
20927
23701
31844
2168
24757
32752
19257
18426
25621
26451
1949
15828
12630
19298
3217
8945
28025
30663
21786
24224
10035
2924
29254
9620
8917
16458
26764
16571
9649
18415
3699
1438
4509
4557
11528
1484
30192
19274
28895
7163
8079
14380
29696
16786
398
45
4257
28828
26746
14789
22548
32701
29969
27370
323
8534
13364
7318
3580
29695
22102
760
14222
30528
14058
20118
14530
5279
12776
3926
12319
17379
16367
1098
31845
30873
23650
2092
264
26356
27711
31365
5172
9604
27381
22197
32697
12017
9707
16298
20954
2865
8488
18434
14463
3050
5136
1844
964
14105
32599
11318
23011
27443
11244
16579
24930
26845
29839
20339
21647
5513
22187
6986
1656
14898
30022
25933
4144
22463
6093
31760
4872
14205
22935
17866
32422
5927
31891
22618
14258
10892
19901
27513
3316
7070
4477
17881
10889
27798
30406
18150
28066
5194
22018
24314
2292
16706
14084
19274
16807
21653
26502
11723
22811
11938
27237
25618
13476
6975
16931
15065
6622
8287
3183
4974
9447
23540
4725
5780
12158
8509
15418
13505
11285
28004
30809
22002
22143
1815
14330
10811
7649
15216
23920
7925
10186
3332
26484
2190
30648
30255
22835
3967
28248
17924
31511
5282
20786
28655
16332
20127
23957
22392
9286
22508
26360
23360
32132
22594
28386
19261
15185
5416
19320
22607
23522
9290
10599
5128
23234
22232
26415
5994
9183
16175
21973
15126
3477
13863
19830
1906
1187
16629
9598
15509
22756
21688
31439
5582
1027
23589
32258
25710
29956
14998
17650
18976
10132
21507
28749
10914
14906
12853
10890
2998
10940
4461
697
17004
15692
12618
14202
5631
20164
1591
22023
19519
9236
21750
10137
11043
13006
9881
30319
3860
14693
15088
3506
26369
2321
17850
16804
4186
17299
7849
1530
31728
637
28031
3318
20468
19227
24898
5177
802
9570
25742
5599
22714
16328
7609
7544
19564
21176
8521
12119
3404
1276
10482
1334
26077
18826
14317
1006
5222
23100
23451
20693
14220
28462
30691
15418
831
16959
6931
20026
7872
24333
15194
20771
31914
30715
22538
3868
3076
29124
31548
6690
21512
26626
19624
31627
4138
14909
5774
14603
32187
16701
25168
24157
2577
20466
10133
29895
7674
17050
20667
13258
16787
25728
14401
7473
19307
1342
18816
3457
3595
8008
8203
22619
1370
18019
12558
22561
31418
23566
21425
2334
31518
27554
14955
262
14095
21144
26574
27399
18177
14795
26298
3507
31666
9446
25774
21748
19795
23777
25019
16858
32007
2220
1340
43
29019
26057
14898
13796
903
30101
562
3171
2747
30491
3987
14658
29158
819
12771
10663
7685
12000
22757
31171
21792
31174
18831
32198
14141
12450
5174
2092
27624
21487
20271
7887
1664
15108
2332
30538
25766
20781
8871
19630
31887
1865
14563
19153
6506
31708
15954
6900
5666
6159
9533
21888
29122
27086
8115
16842
877
14356
20404
31744
28991
4359
8433
21555
10335
26860
17227
16764
7315
1841
7717
21639
19270
4747
9458
21794
9831
24309
16463
21115
9293
8230
4157
3167
6765
7918
22587
19493
12611
8831
13994
12115
12710
2589
10992
6639
26826
20844
9851
16573
19963
2002
682
23251
20515
2053
10344
3188
13934
8091
11310
26982
28074
22566
19456
8340
3733
3609
30164
638
11818
14555
5973
12824
21484
14278
28680
12596
26345
11428
7853
2336
8468
22868
18093
7746
308
19950
203
5586
16193
9472
23468
25975
10077
16918
20578
17999
14266
18065
29477
25527
28707
10330
16307
24897
16337
30582
28171
32316
19525
27858
5508
4154
14137
27111
13890
22920
31487
22506
13606
18816
24207
19737
1323
21632
4141
1005
17407
30651
4181
10914
31332
27341
19148
22466
28666
13948
20975
4465
14328
29160
26216
16920
18676
21982
19125
9423
10064
27701
21485
25219
1033
19637
11153
9070
552
25635
19520
4384
17954
22063
5511
6891
5174
6489
14164
19282
9160
29893
17294
32020
19887
10137
24079
11589
8336
14279
6291
27828
31978
9389
17078
19895
7277
15699
19206
354
5631
5925
11903
10228
32106
17356
16179
4101
21243
9437
19162
17905
19582
19695
3451
15102
28442
5614
8445
5579
6119
4250
31469
8413
10419
31240
19413
18186
9429
23940
25921
22759
21186
5798
15683
4936
15042
7634
12419
12848
1277
27039
18457
23979
17276
18045
11415
9021
14295
28057
813
9966
24182
2826
4425
28549
2901
28557
10259
23671
19979
9828
27726
5236
21796
16342
717
7331
11458
25315
7831
26667
5575
7358
22167
366
15220
12047
11168
13789
4667
647
29457
28233
28034
16896
31396
31497
30696
31898
7138
31874
30462
7720
3230
18125
12572
4479
19238
29164
7198
27894
15840
20938
29430
5803
29470
23107
22248
1423
21499
28569
811
20640
31787
11879
29794
15349
29641
6385
6706
21788
4807
1729
5086
25688
30624
9147
10723
6447
26758
28347
27893
19912
3634
16356
9898
10862
20664
6406
31701
17181
17780
860
6879
8967
16726
31758
22081
14288
4550
9432
31992
25825
14066
25629
10346
7852
25118
16491
19496
16265
32196
11178
27807
2876
9822
10026
11757
17375
29432
6242
15310
8504
4489
22260
16450
23318
14506
6263
18855
22610
27194
30299
20609
26823
9760
17445
20096
10756
8631
9074
22794
30522
16810
29479
21305
25677
17928
20124
31392
24680
23375
4702
222
10495
26797
32593
1455
6261
20697
24091
24920
32371
10981
6099
218
13377
3076
2368
9224
3953
806
25938
14841
26568
5437
2634
10671
28564
16498
14580
8363
3308
21883
1142
28445
19103
15359
6348
3442
17378
14372
15718
12560
5014
32055
18244
27098
29461
20724
20488
4359
7784
13031
13189
25479
32745
13482
32131
10687
9683
21152
28252
7063
351
6638
3199
29329
22396
28749
28166
12015
7238
17518
21682
15774
21476
28432
24555
12448
15379
29984
28748
4530
11396
32159
30812
30094
19729
15033
7182
3220
9237
32351
14894
32623
28916
22461
7934
588
16441
31717
16776
9706
32583
32480
22901
8440
4540
28392
21882
29283
841
4549
15859
32081
9761
9992
24104
3131
31737
16181
18101
9159
21523
17890
13824
21502
11339
16830
7448
6872
12093
20880
28128
10531
25188
32426
16375
18694
29566
29353
26245
32750
25768
7319
5986
20195
4983
10001
8131
1727
27379
21962
817
22673
26317
21927
3575
28129
11793
10424
6525
11330
3466
16734
1958
20287
10935
9416
26497
6977
4699
28806
32447
20784
23856
2243
28617
2537
20245
31971
6763
22752
30444
13347
29578
18793
27952
29660
6097
23487
13378
15640
7008
4675
21664
12401
7476
10801
20222
25279
24944
6934
21604
19060
17420
17035
5575
17919
18152
30429
13682
9238
29833
31582
29152
29119
30367
29190
29745
6968
17066
28486
31888
30178
31510
3630
5532
1594
23548
11708
14857
20770
30704
25811
32598
9474
2757
26153
23853
20153
30267
15070
30538
18135
29584
19638
22721
27997
30674
24451
15959
13284
24894
27246
32337
527
30997
1104
19479
13707
20504
16025
16084
24382
18990
29596
19273
32454
14867
23495
2839
24568
20716
10624
6273
9596
12753
4747
32267
21061
22837
32449
27582
21054
12949
28643
31999
8071
26552
29630
8256
21812
23
11020
25838
10377
13523
17130
6691
25676
23124
10148
23889
29207
21905
7056
14088
13086
8717
26246
7182
27643
13713
20125
27339
3880
8784
27206
22483
24061
9603
11098
23850
28436
9174
32297
10978
31487
11663
163
12914
20149
1037
22326
2699
177
25218
31906
8491
22264
8941
4130
19148
19113
31794
9723
12234
11744
12304
22374
23165
5442
8980
29075
30311
20826
21752
16678
16067
974
21958
7066
9978
6784
15899
9912
20097
13453
9758
14337
21273
26242
5496
23167
19642
18154
2568
11244
29324
6373
13355
904
26502
27963
20459
28627
17923
21076
26389
10261
16396
20007
4965
272
18233
4426
21157
25310
13425
20699
14764
27841
26480
16323
22857
5293
25862
20658
20629
30104
27080
804
18341
17088
24957
30148
18285
7710
573
21167
12655
28879
19267
4251
30526
20215
29688
7916
5088
3261
908
1371
17368
20811
4915
16592
8961
21215
28917
23666
4645
16875
16362
29989
8449
24143
3859
29954
28680
10216
24690
8378
1689
6367
1104
16264
18357
18241
5699
2761
13770
19193
2140
3589
21737
22825
13520
8851
9122
6753
8005
16412
32656
18179
7714
22694
28407
10498
8553
4807
11350
5087
23823
18648
18582
10436
4479
16738
11662
17932
4584
28222
8223
8684
19681
22563
22614
31816
2545
8626
15517
1931
15594
2809
15261
29285
19939
17302
27491
12333
13484
27876
29918
2330
7220
10167
23010
22438
22928
26083
8333
11920
4040
27392
7567
5789
20458
26271
22991
1666
26984
13437
30749
19505
32603
28285
26757
23120
4646
30452
29296
15672
9582
24211
27449
12466
22524
32462
14186
22582
25778
24105
11054
17389
3642
30871
24771
7124
4063
3598
8538
19849
30994
2924
17849
1291
24606
12054
23261
28173
16448
1491
28078
6837
4769
19158
18520
27089
8873
30244
32164
27513
25772
12021
1630
11890
28810
20888
28526
26763
21226
24482
838
8625
18413
31799
482
16628
7224
18955
9932
10406
15867
19985
4223
18033
8227
29951
10450
26829
6859
22716
17414
19987
23045
3698
11787
16277
29830
2699
28433
8686
21229
13086
23073
25417
6323
31204
12261
5686
8210
6524
11543
32741
12929
7579
24553
17742
282
3017
11935
2462
23061
2692
29067
11753
2874
23122
7388
26950
31180
10816
1892
2161
26149
7618
11079
29286
67
27182
31192
8363
24294
14929
23223
8791
12369
25887
9343
26349
9879
14235
24671
28029
6384
25720
24091
631
26403
27529
12859
2158
31698
5288
20610
24767
7353
24686
25378
10740
28470
23746
21113
28114
1552
336
16257
24830
23329
27702
13423
16742
5601
9865
17450
11752
8236
12988
31927
30927
9889
15985
10260
28746
31439
26957
4788
8748
396
15751
4100
29144
10726
22161
18555
7181
23526
13550
10941
26551
9222
10236
28023
7786
19159
28553
16365
19920
12622
29147
1459
24201
13247
17234
14242
27814
13749
25889
5338
26222
6457
17878
22218
1717
13047
2348
19852
18389
17450
4344
12792
3606
1941
30688
3561
8361
9857
5412
25524
2760
9281
30498
29715
26609
11618
4250
30742
17484
5643
29128
18030
18749
1048
21846
8041
24611
13178
28487
20896
15702
26844
14402
26011
19200
24328
7945
29929
17877
3623
7571
26248
25822
12814
11595
27815
14244
11429
9155
6283
17671
19002
6016
22938
14098
29374
8154
15402
15643
16761
9005
27669
12739
5733
27832
5830
15499
22581
30410
1440
30289
11459
23579
15921
10871
3269
2753
966
29133
25188
3372
22266
4607
1113
20848
5974
9934
18976
3235
23132
31493
520
27074
6305
27022
17657
10293
30847
30937
5926
22225
2028
32764
3386
16643
8204
16591
23269
28255
23725
13677
29381
24404
9040
15179
20401
30618
24354
25120
17044
415
9172
30680
17359
18099
19770
32637
14694
15003
20357
18224
6129
1157
4937
10794
9165
31572
15080
5120
22069
30395
20372
23553
1556
2620
24927
14903
2985
17518
19976
9671
4541
23100
21741
9048
22267
15910
23933
8298
6528
28229
6433
16854
25172
15438
21142
21164
2466
11168
7953
28769
31448
22400
7632
4015
23053
9140
14874
2258
12751
32738
7000
21670
13337
13805
318
7303
3759
16639
27195
32546
11080
4822
30702
29556
22670
27918
22555
3824
20900
30180
18902
31470
1636
18774
32265
10442
17991
31381
19984
29749
21594
1397
18462
14121
24527
25228
30144
6900
12571
3144
646
25008
31463
29642
28847
20949
6195
19815
16566
596
3646
31680
13624
11260
26390
27248
17561
21440
16470
17702
22165
32147
11534
17928
4368
13319
1318
11814
26305
20135
16196
9421
9483
28000
29543
3612
21282
22595
17762
6509
15399
26791
12637
6871
1801
10462
3926
7221
1043
2679
29162
7940
15328
24475
32662
22715
19691
6039
7091
20619
7836
27140
15487
26424
20907
23990
21569
29760
28565
32283
14798
1704
26693
26368
28506
25639
14880
5146
3812
10416
7702
925
4544
7671
24569
16675
8740
18684
9773
22596
1947
11949
21331
4956
23734
13074
13682
11580
29994
27318
22959
12786
16831
1169
1492
15468
3658
14984
30533
15021
17896
16973
31674
11647
23937
31078
19787
29128
22129
25172
25071
14614
15049
17577
1942
27115
19736
18344
18326
9161
27951
7098
23551
14489
2411
17325
15479
3410
26703
800
22950
15041
24451
13276
2808
15478
878
27584
18814
1261
14641
11301
25243
32050
194
16803
29162
2094
2687
30939
20012
13187
30819
21999
11163
9147
15534
8587
5179
9046
15411
19438
24656
5875
20728
25573
19525
6034
187
22733
8653
22636
5203
25813
16539
4327
12096
22936
8159
11517
16039
16690
5197
25420
3191
31017
26632
15375
7165
27537
3737
18234
6884
17002
21807
10520
10171
5612
25907
23758
23453
28978
32483
10257
4827
29663
20790
13074
12448
3949
27535
12025
587
9988
29431
14817
28766
15924
26360
22227
4263
28607
30712
19857
15251
12020
23466
105
4523
11222
14256
2158
15811
22539
10092
2786
745
1144
25978
29961
24172
5869
30891
19078
15236
28311
30944
32282
31172
2194
334
12461
30383
31097
5951
8643
5588
24055
13305
13142
31652
14790
10641
27364
10344
13669
12019
28688
3508
14771
27891
14156
26962
18294
20505
8179
10989
28860
11663
19948
17326
19689
29778
18083
8971
30633
4048
32032
25006
13444
9653
2458
12811
12048
7602
25215
6910
7768
27716
18862
14123
8317
6846
1270
3790
17793
21057
1621
5708
15357
28750
24945
26061
18106
2031
15650
13340
22227
3287
29656
19836
1836
18876
31664
28203
1623
10866
29036
14463
6678
15701
15284
32638
26656
25255
32102
29286
29150
21487
18810
27118
31006
13566
26810
490
6571
11230
1176
2269
16346
26545
11337
15912
10046
18179
20091
20417
19300
5648
19888
28723
5944
21849
12401
3727
7910
18239
6857
9735
19911
19600
23100
17780
25982
29774
30618
9744
22421
21720
1114
4469
5057
26554
28367
22628
18960
27313
6785
10170
26976
513
14236
20326
17867
9188
19615
30182
30337
6573
14906
7555
24416
1528
13500
22833
18644
19533
32031
16259
29020
4204
23538
13149
13858
14452
5839
32240
27654
62
3840
10917
28109
32356
1015
31423
24648
8631
2315
14308
11257
13327
7346
11754
27276
14609
19036
20876
12013
11850
18663
10861
19293
19343
7092
30194
2091
3943
29512
21078
14446
10770
5236
332
24978
3867
20101
2161
31696
7434
25634
9424
4231
26352
30829
8801
8119
5758
29885
5036
25571
18463
31166
24226
13943
25113
5284
10083
9123
6955
166
25896
8200
29646
11618
21427
32674
5303
14992
12010
14241
24965
20908
3050
28333
31909
11837
19354
13933
28576
6408
5614
27338
5870
7317
28424
13497
18346
12858
296
25760
19741
21225
94
16788
17744
12273
7928
9078
12432
8764
22292
10466
2210
24040
9757
15236
13338
8361
10205
28402
30059
2298
18957
32493
29388
6331
2714
16228
22170
2069
6004
23660
30299
3850
20887
1234
7009
17601
29805
12161
12594
31773
27013
17753
21194
262
20291
26319
16030
19582
10702
19692
10701
7340
24291
23918
12323
16043
2217
2887
25575
22311
14517
6248
7500
1191
9050
12904
17957
23523
16454
17281
18237
25283
2429
31189
31786
19415
5190
32290
9595
28915
32192
27448
19985
28617
32118
9846
25466
9536
32749
16893
23663
17232
14663
3036
12298
29640
18364
12620
21033
12097
7449
7678
3724
7108
32464
24139
32564
27094
19377
22011
27338
14334
20935
25113
13115
14469
21341
6545
29591
2553
28202
32339
13164
2621
16679
5249
15440
1002
26796
28081
7552
19228
5436
23299
16064
26349
13057
20323
30483
25289
2598
27991
32537
12368
22388
29019
15807
1015
10358
11138
29078
29894
1220
7820
16717
4725
5953
22681
21792
17564
1592
9029
5858
3803
7662
15832
31266
24482
31272
16966
17378
3579
4645
11319
1002
21088
20719
17116
8330
30621
21406
15939
24032
4007
8772
19895
17957
14419
12696
7751
22939
4895
32558
8874
12121
11045
3644
14302
27514
2044
22203
5360
15159
29258
13325
29250
12854
17125
15219
27267
16367
21687
2264
23324
14036
23503
4284
30659
16868
28406
27825
3815
16053
19685
241
22657
23794
3519
9663
23291
11412
20367
3491
13948
12142
18553
24936
11507
22072
24587
32083
24442
13316
22104
25008
5243
20926
7847
15552
7002
16452
29094
13498
4021
22811
20208
1265
24389
22547
32305
14600
30651
17083
6819
27275
29285
18853
13795
4575
32162
4900
7138
20210
32169
14038
1658
26679
27285
23060
9112
6842
10681
23986
14749
31570
10157
5614
9143
433
22386
32474
31514
17056
28190
3511
25186
28532
2374
13097
15733
29856
1407
21005
18458
30087
2091
20626
30805
18213
20522
18029
17646
17043
6412
14390
5734
32298
1030
20696
15962
14618
16845
24765
10745
29963
24986
17839
24347
26107
29768
16173
9160
24481
132
24107
8326
38
18840
13056
17161
15010
27161
15311
9567
27833
11087
29239
28336
10560
2011
24699
11105
31335
22315
29247
8087
27557
6766
2280
25202
5851
29123
1618
5244
32393
31504
23152
11283
32623
30064
10761
6067
15668
21397
27301
32158
7531
10644
7926
9024
4706
29642
7084
1106
26905
12862
27378
9371
30132
16026
10021
1422
18240
1030
32721
1290
6562
27931
28646
18070
6271
22010
18384
9649
18538
8366
5944
31422
7230
16107
26724
4448
424
2339
12450
3863
540
12504
31089
15161
9889
21229
17062
8186
26415
11149
3035
21695
23624
19609
22784
21106
22676
3749
23759
4898
15518
506
29464
7095
31505
32701
30144
25540
30543
31530
3217
6263
25281
6576
30894
24518
5357
7916
22603
20631
27907
4995
30870
3998
15227
6611
4865
15573
5245
3887
1878
9943
22447
150
15179
26858
27651
27155
7395
9669
29530
32242
23365
31415
3402
25467
7363
4162
21510
31892
15984
30598
4625
29398
7671
8185
11278
7013
30375
22895
2070
422
27401
7929
1610
8737
22469
4968
28911
3705
25445
11585
10368
19557
30387
12305
30323
27339
7761
3280
5955
14958
2057
11637
16824
24473
9867
21178
17570
27608
3965
19628
27400
20043
10962
16484
17729
22426
4829
11519
6510
26151
13653
21497
20680
22948
22634
28348
18960
26039
26245
12345
11032
24112
18083
27451
26278
19583
10991
22446
32321
14072
10245
12303
22889
15336
3722
32744
21857
864
28812
25520
26919
9529
120
12392
2228
21317
28843
3518
4396
3854
11599
30087
13804
7937
780
7832
2836
10859
15657
3143
15509
25030
12229
21457
1944
15235
7750
10158
27608
2124
3007
1166
19494
64
7209
6299
8214
25640
1065
11597
7089
27204
27848
25744
9904
17276
10591
19178
29090
13536
19436
31782
28409
3065
28080
18060
2151
2628
18519
2732
7740
19753
3239
15144
32584
32366
20398
28258
9816
6358
17055
22780
23669
8255
26047
21032
24975
2562
12562
27318
28759
19126
25616
10343
8737
9865
3073
22895
25626
29697
7898
9275
2302
26655
27097
32402
6565
21817
5385
8930
31953
18430
30987
15325
2761
661
14779
22641
27498
9830
17843
3534
9378
13275
32192
24860
16627
22863
15053
18800
19107
21412
28339
10487
30776
8931
13327
31990
20749
28794
15490
17869
27072
24558
22942
7018
31384
15900
12406
542
2344
19764
13216
28985
24142
11843
12568
6881
7615
27779
26021
10663
13153
2432
1028
3391
19478
23207
12802
11220
3076
9533
22928
24262
22132
10314
13544
11963
16812
4029
20300
9715
22087
3697
8581
852
3351
29718
4094
32522
32075
24190
18947
32078
28580
32422
26823
28614
27618
4342
17827
15006
12083
26215
5972
28296
25452
26447
12271
414
29383
2789
116
5708
32578
23938
16559
15981
4091
8554
5419
6760
637
16317
24826
18227
19705
23791
4386
23015
4495
25954
15201
16638
7095
31189
23547
18689
26769
22996
3105
10591
836
4654
20014
29909
24421
10095
29441
27001
21490
23194
13624
14580
23769
21858
13760
24500
10887
11076
23399
12037
23440
27429
20876
6446
26031
23028
627
29355
449
9205
19492
20311
11987
2081
18901
17238
14806
11250
14825
8745
12833
21203
434
1551
14409
9351
1972
24780
15531
13513
19118
10290
18769
27764
14138
3145
23739
10624
25147
10441
16197
683
3583
3580
8554
18173
5512
11834
12067
4187
15409
25582
7070
16623
336
3478
6992
31474
7917
20515
28203
16581
30938
25085
20387
2275
9495
10431
31648
15333
166
25843
12727
26209
15773
22931
5547
6812
13994
12772
22788
11586
20551
1459
16711
1358
2428
25749
70
3284
3143
9336
3452
29709
100
7008
2160
13938
22335
29573
3227
12285
26884
1106
9523
7443
26492
6145
5530
10724
16311
3940
15876
23107
10615
28402
7999
15892
3474
29592
15618
18561
29366
10728
31203
15630
21190
23955
560
12631
8826
19432
12031
23413
3452
14079
17002
1372
25445
10617
17761
11369
5872
27949
2179
21831
19565
14656
13115
24101
16354
2293
24573
22089
30704
30499
25306
27949
10938
11331
8976
24315
15480
24737
24724
31800
22284
12147
24547
4894
9323
16829
3597
5150
30981
32390
28090
17508
20544
4106
29885
29025
10539
18294
15700
23605
25624
2213
2414
15718
14038
21019
25097
16237
7170
11250
20861
24897
7233
4431
22680
24151
29025
13056
9902
16435
7597
2110
7553
31915
12379
2462
10190
24021
26043
19329
17674
32621
14601
8463
25179
30689
13230
7278
6646
20041
17345
29559
29243
22080
11797
10093
24105
14928
26818
16930
23197
10856
5979
28647
12819
2671
25201
12618
29678
10528
18738
16355
17105
13906
28076
16535
26273
32029
32264
29002
13984
24785
24115
1300
16839
20233
13616
4477
30986
11720
15845
9178
14581
12105
20975
9227
11020
25006
478
965
12936
5892
8905
15237
2217
30307
28645
13203
14731
13459
20955
22857
8260
31142
2898
7788
3650
9834
15997
5809
26136
2398
24498
4155
18466
13762
11677
27073
5348
20504
5511
21966
15464
7172
4574
9364
32385
21372
23161
31768
17565
8416
15312
24122
23472
30788
32561
24835
32641
29139
32734
31563
28540
31583
31386
22266
12440
19586
2016
16024
15887
29049
15751
10559
27214
23708
28501
22874
5277
16409
21457
23393
19690
20345
18770
30345
31111
5920
10576
4230
11967
10360
27006
7502
7933
417
253
14129
14269
26045
29257
32441
9209
12250
19090
1583
3331
19432
16731
2173
21113
15041
15941
7882
10365
29762
20742
16664
21721
5389
31118
32218
10975
11664
3466
30320
30873
4576
20712
20623
20181
9298
1505
4642
27370
10434
16933
29968
26609
20104
5734
6962
3321
15203
8508
24337
31131
13340
12266
3065
13789
29396
28307
20818
16979
17491
10166
14601
23187
28929
32078
4986
2880
17088
2841
5033
13739
10261
20720
22256
13381
9151
16709
23246
2460
20858
28683
27891
1422
26184
29128
27375
26126
8350
31302
24465
29710
7538
32042
24077
29993
3512
12850
18193
1140
13863
19605
28400
28593
16526
3441
17625
24809
14483
11544
20555
10953
14800
29147
21044
26630
20579
29108
3598
25501
18734
29531
10245
22008
12644
10916
10577
6271
28767
25753
15298
31973
26646
12475
19005
27074
32140
29512
16225
19115
23434
28512
32114
17469
27979
12910
10445
10566
30778
28126
13142
25156
19885
4787
2705
13406
32059
23792
24087
22081
14744
29577
30863
12095
6140
10817
15239
23285
9194
6245
30609
32256
7901
32021
2298
22103
13344
3411
19905
16685
365
18378
21528
5902
20837
29507
28834
18662
25311
25679
9116
5882
7165
2507
13055
24269
11190
23250
8276
7554
987
20442
2315
16856
25848
4544
2637
19025
10255
22798
31983
22366
12302
15283
12783
4601
689
2319
30247
22160
6897
22556
1537
29418
19808
18905
14931
22270
29516
16631
4525
4259
10437
22818
5685
18823
9433
23863
25546
26007
21544
7969
7089
11741
18493
27604
31822
2597
481
4613
31450
15704
28630
31072
114
10639
11317
29995
10749
30265
32751
31940
4885
31894
3379
27483
21391
17689
27671
24351
31798
12281
19424
24191
4555
19827
29428
5069
1451
16670
1043
14558
4951
22374
4814
19595
22982
8921
4951
6960
14156
8070
4215
16020
24308
601
18338
25661
23274
1549
12998
9745
32175
30922
5557
14740
19086
19894
16303
2413
16124
14237
17140
24357
19881
30584
18633
7589
1346
9166
18378
16832
4090
25850
28110
8310
11357
3552
19239
23623
19610
13006
31768
16455
14290
5329
20534
15650
26476
19803
26197
12894
7169
18173
31842
25054
30022
26522
31668
4072
11619
16156
6733
3385
16609
10931
28222
15137
4245
14879
1419
26790
29055
5129
32636
18611
19675
13765
6115
667
10444
9021
4608
10742
17557
21459
13168
24929
22310
25029
26438
6285
26471
24363
29049
12023
331
2686
26137
22084
28792
15559
16636
5358
30663
30156
24266
31525
5451
10169
12136
6389
13454
28844
15683
6066
28358
17897
12634
25543
17922
953
14516
9763
24337
846
28215
28395
32667
6235
32507
6224
17591
5278
12336
5529
2105
20042
4573
16937
9362
14811
8811
10941
10076
11401
3620
16182
14549
15063
4564
11579
13968
4509
9403
3685
27065
32578
26643
16045
24960
29116
7683
9357
31164
21266
5079
2594
16861
11042
21209
17270
17511
17480
12976
17629
5086
13763
15861
26847
8809
3483
20727
17374
21259
20186
16996
1246
2400
730
14087
8753
26845
29681
8941
4455
28964
16626
27688
16181
6711
13335
7667
1139
28013
7374
7273
22681
16641
13560
17693
14645
28713
6907
24859
30163
3298
27427
28163
2366
30598
21948
11163
9858
4598
16758
23916
13407
18342
24256
9238
3263
31502
21314
4618
24944
31848
8237
15050
32354
12693
13928
28878
10580
24127
16194
14895
22394
578
19082
12796
3050
10453
15296
30118
17585
16257
11508
1620
19842
25896
22581
10792
24701
29649
12384
7344
24289
7069
6721
11330
21376
14301
527
1493
19846
540
18084
8373
12210
30527
23810
24893
28926
20444
24078
13931
21612
19612
7240
1330
31387
10875
24936
17702
3288
11096
24705
12919
25183
6026
11085
27772
5176
24753
21380
12551
17764
31251
20542
20941
30035
21462
3800
2859
24034
13723
4495
9353
27300
17909
17224
20074
25652
29131
24389
10986
18298
21239
366
25502
31318
20690
23894
8507
21774
11956
28487
28688
18193
8351
14876
29334
1267
9359
25319
20754
18784
10769
8270
28413
18787
25424
8259
13215
16411
18155
27751
25979
1060
24870
3624
1292
1877
23947
31645
30217
19788
10340
29342
26489
5039
32399
2052
21828
21432
18515
30598
32177
3081
29478
28164
29442
2147
17278
1829
27682
26397
25518
8760
25171
41
22201
5506
21307
15343
17806
20278
8699
17025
30841
14966
26324
29137
12028
6871
1031
18663
9856
11119
3303
30011
20933
22018
28301
16936
11559
25453
22196
26090
28432
13420
24173
14069
30293
23438
32568
28901
23554
24084
362
5589
4084
19089
3108
25354
31614
15233
27279
4483
16571
32096
26437
11827
2515
10216
17990
19033
18872
15832
5466
25860
10562
26385
8042
31983
11764
15280
17494
27687
1354
27919
15814
1942
18549
13066
20374
4755
10011
31383
17426
12544
3199
1068
680
27611
1856
3336
24851
14387
21826
187
6893
7711
27484
14631
21702
21784
15514
31634
27488
15444
23250
10754
20651
6803
17489
4471
32540
30916
25346
24973
5322
32400
9838
4512
24795
17049
1002
24193
6962
616
25696
19575
3280
26741
4210
23453
3912
15856
16376
792
12064
12851
10576
29029
11112
12406
8661
15972
28012
20477
31626
9728
13148
4280
30002
22716
20386
11857
