14000
1396
18297
19390
4105
26316
26033
19182
30853
27688
22334
5170
2683
1634
24341
27223
14167
8772
29381
6513
29784
15155
3007
31550
21519
22953
10769
2904
20285
29358
30989
17836
21674
31851
861
15467
6927
30745
2448
732
8554
22821
8787
13264
16982
7069
30784
16605
1975
2303
9546
22978
28161
19710
1596
12525
24500
16722
10571
13146
16781
27544
5282
28112
5843
21445
21868
6907
11592
10217
26505
2520
6175
18845
5756
527
31873
13317
2323
2182
12136
26811
30772
24957
1364
32399
14390
5118
22812
27954
26211
25250
5930
22935
21121
5163
28438
17273
21951
8169
31437
12732
30069
3458
31707
31747
26563
24604
8475
4212
21350
21583
15012
12388
28702
17881
8178
19641
17943
26122
24316
26493
18066
237
20574
584
16819
9747
30304
27993
27501
10290
24472
29782
7176
21418
12106
27422
29159
26066
9827
9009
23494
24775
21988
18650
3006
18322
15249
14680
808
20057
4076
9182
30606
11953
10153
8038
30218
25270
7436
20657
99
17724
15801
10275
30923
25636
13578
32122
1280
9318
27623
21522
6310
2672
17997
30697
16217
4600
5481
23216
16671
24326
6294
11609
20251
25168
18107
10054
6678
24569
28312
12235
28780
20278
1160
25067
18461
13676
7409
29291
14624
24082
31374
3601
10226
26954
24269
19386
19050
15001
29565
3069
20616
29046
14689
6595
18245
3172
15459
14411
423
14939
24745
25137
10993
16794
18527
633
5981
580
14891
13956
328
26893
20188
12889
11682
18540
24244
17479
23488
31253
7407
205
20717
20729
17574
28131
29425
11948
27059
1390
2497
25968
29094
8582
30735
25068
31164
22003
28776
29137
25748
15157
14839
14842
30095
4882
19254
4995
5469
21657
2977
7084
12147
19888
25208
7517
3086
31897
16128
20777
30996
29127
8713
19187
23610
8411
2624
8454
3969
24121
6890
21587
29582
7595
905
31499
15568
22377
27868
16552
587
12926
29731
9023
21847
30626
10847
3798
832
4502
12163
21937
9307
29097
17993
8716
12620
17147
16306
21659
2420
7649
9476
12341
28213
30756
18077
31638
12185
15419
22500
27172
11856
15763
5986
32656
18428
2380
8861
6458
20669
11436
17788
17912
16154
30833
9206
18301
3662
32077
31113
25492
29430
1277
18314
9973
17849
30847
11514
11595
7103
10284
13852
28156
20633
7156
3320
11145
12394
29825
5650
3675
6261
16409
29163
23252
3799
22956
1573
27543
26952
27332
3700
26189
30568
6860
7811
2819
32251
10135
31106
15903
3237
15122
25875
8448
32634
32152
29894
17927
884
8585
22104
18083
31433
28438
16204
31096
17791
15217
32226
18223
32722
4111
29167
4907
30710
18858
17195
21901
21590
28239
31331
14053
1685
27723
12721
6561
11812
2557
31232
15264
16578
8648
25662
19877
456
3626
6764
26566
26730
18656
11205
5984
2357
10680
32388
17872
6402
23758
4208
30275
12846
4992
16318
24469
19387
7494
4853
29193
24240
23160
29497
14117
8850
17221
11797
3828
13412
8916
4166
32388
28575
11640
8797
30085
1697
30438
1759
2589
24214
16512
18294
23873
21039
19486
15426
19540
17732
4915
25341
19407
2439
11376
9271
24204
29942
1937
10817
11959
27856
5302
29019
18727
27914
31463
12888
25314
4773
32449
10562
22492
28624
1471
16833
25419
3555
16573
29692
1426
18102
21369
15365
15843
21348
22813
15079
22692
30577
4903
16033
30163
15423
30826
17688
26905
18268
20127
22163
27133
26910
4792
8676
3653
23959
16737
6739
9486
11580
26063
13897
17683
32377
24338
12963
4198
3089
17329
9926
14441
6879
15637
17511
3677
24221
6003
30019
17606
27179
1594
4939
26210
16511
22555
7749
346
8822
3869
21021
15975
7748
22703
18636
28752
14952
23119
30186
3875
8011
3810
20513
1990
15916
1686
822
13356
28172
30253
21062
3798
4285
4851
2795
27655
32225
6047
20190
31327
27314
25332
30981
418
24114
5350
23183
27351
1249
26693
13139
25133
9309
26068
10062
7169
23872
8578
23767
24096
30749
25507
4474
19921
31893
24802
8164
876
31276
20387
2231
30095
25727
9599
28449
5946
7408
14157
27033
30621
14368
23114
15000
26417
26274
13529
27996
20992
6231
29509
27537
4531
9582
18295
1044
15916
23929
22955
13654
9186
24624
15751
4694
1267
4099
9739
22108
25435
19860
9076
22394
1645
20091
2110
30219
10076
7574
13226
28234
7265
6556
18012
3157
7663
3801
6215
5704
28859
17749
24469
22224
2492
14740
7641
7125
22177
11444
439
22051
15801
12126
29819
25767
25677
26748
7553
4966
9878
19400
4795
17336
28795
27617
19922
8209
16261
13763
18207
2520
6551
10829
24721
31615
13157
8222
1060
6870
17656
21456
10908
23287
30852
15050
30227
30739
32621
32305
32440
15300
3085
28358
9988
26952
6635
22373
4503
29556
17214
555
31711
23077
26146
17416
23305
30489
21873
23842
24288
8211
7895
4918
9308
6429
15544
281
12383
6583
13433
21803
30364
6439
23831
13355
11771
30814
24165
4876
21912
31612
636
30707
26994
16203
28519
27957
12176
8441
23122
25974
194
12112
23257
3037
12782
21068
7995
24668
3648
8347
26838
21059
26593
14526
30923
20028
17679
57
15590
10105
3186
24335
18611
30813
17018
19253
19597
30376
30483
25368
27797
16485
10630
16008
16488
16894
4128
28743
228
3014
9023
5993
4811
1617
13561
7387
20843
11489
20086
5243
15660
7742
17704
18925
15879
20591
1809
29495
22071
10363
5920
10943
27984
21586
10938
5662
17246
19813
13053
21106
12440
10144
24233
2756
30755
30301
29564
5142
7345
3910
6579
26748
32707
21728
11816
24491
6776
7946
20272
27030
5412
138
12259
5446
6710
32230
1273
12745
32456
20149
31863
951
5433
224
20521
16792
18312
17571
29494
7981
3959
7989
16524
3698
17794
28141
2888
4971
5207
15522
29556
16397
27372
5130
20976
25426
20443
876
31401
12512
4311
31708
5891
12411
15267
30632
21565
12814
2400
23396
8392
28627
27879
7999
10222
21153
26066
27284
14953
15224
27031
3395
32020
24621
27776
17318
18087
23883
22515
22082
10791
17904
7426
15481
30143
21672
5623
29006
9045
15080
24561
31349
10956
26178
16661
26706
26764
22645
11737
11890
12411
17404
5979
18147
3738
16538
11206
24438
17724
17680
17294
11284
11038
8138
29471
16207
4552
15066
5086
16996
3962
28473
152
25814
2490
5842
25886
22066
499
26821
16933
3857
1370
11487
3726
19400
6385
28486
14326
18186
25465
11026
3616
28758
146
23868
9871
25658
24358
17039
27301
12826
25353
7559
15714
2843
19533
31923
15000
6354
29376
24079
26455
9400
13352
16492
27299
8974
593
20814
23714
18864
25354
13104
28596
19456
5839
27231
30623
22890
18323
11923
4887
27451
5973
17354
20606
28840
20054
1709
14914
13674
32215
7484
25212
13001
30193
29379
14716
20822
5061
21824
13199
1241
5966
620
9952
11352
31230
23385
25422
15529
16224
15133
1740
15126
18069
1856
29544
26242
20209
11634
9219
32384
4167
21665
16368
8183
25953
23632
9614
24672
14971
10137
6487
14833
28234
15398
20472
5308
936
13269
18053
18168
24938
7743
28875
15413
24876
7093
29949
9539
18467
8654
6090
9675
24324
28024
11633
13248
6891
25783
6698
13812
14346
32098
11350
3948
3351
10419
15333
27340
17202
25976
6988
27051
15023
23961
19784
31481
31585
30821
1043
28938
17809
28862
24273
6155
19166
16
27965
7084
15334
21732
15649
14870
32166
18310
10199
3131
21884
26534
11337
14850
5833
10613
19462
979
8314
28250
1333
10202
4107
8602
17612
6248
14262
17678
31829
21221
19272
19258
3445
15479
24580
19081
7138
17572
29889
4359
20222
26706
26445
7369
10725
11317
8022
13853
3329
11226
17526
32348
8215
13663
29792
5668
7846
6728
4517
23354
20188
22277
28432
19164
20567
19355
15742
19300
5409
9753
15072
1925
23368
12715
3247
29642
30531
21414
32246
28988
2400
8276
20942
21862
18905
12749
17336
3991
18029
14426
6197
30446
30361
22546
28327
11539
30354
24571
3929
15738
22728
15086
17286
11101
24444
9720
27823
13505
8054
32471
25170
26627
3292
5175
5688
28655
15566
22449
15284
14549
13894
27149
3713
15574
15321
19590
22065
27227
9736
10128
29856
2464
11701
15778
23044
10365
21404
27299
2615
7055
4604
3462
21522
2699
19494
2772
21579
29598
27461
489
25936
12154
13838
31131
22490
15577
23120
31511
2698
8355
16333
17216
251
20557
10557
17572
12700
15476
23629
6154
30650
23090
13294
17636
17273
18225
14027
32757
7873
16929
528
8482
3155
16436
29587
30979
17398
32286
24945
9039
9700
7768
27029
10863
30614
27041
24544
28822
3385
23267
14600
18160
23265
13919
26375
729
22021
22991
31726
17874
9756
18948
25089
23937
28779
7706
5699
32276
19557
10748
31077
3748
31781
11997
23718
7654
26349
3925
25420
25326
2565
20987
32531
18265
12747
674
28708
16960
6911
26048
10872
27342
13134
11546
16273
13223
23140
706
2844
22764
22722
12963
25237
13959
19955
1969
30155
5028
12461
23840
27189
5367
6596
30110
25346
905
14031
4314
21417
5197
10720
31450
10977
30653
13386
28052
16955
22480
8976
16180
23405
31835
12674
32634
25935
4695
27773
2701
8392
31984
13039
22928
14048
29161
18916
2440
19688
13745
3536
7138
14244
29992
22362
20935
10723
20594
3681
17372
415
24436
23676
27864
17094
16024
23728
15792
29788
20957
10634
9293
11363
7983
7945
22788
27249
9592
843
23992
16642
26213
11893
32061
1830
11232
12277
4376
12885
18682
8963
13576
9269
31837
23468
30645
14127
21480
7659
5281
29861
11695
7144
20044
10537
20813
7911
3561
23525
18501
30444
24789
11463
2588
18282
3680
12087
12368
20635
21347
19554
18162
27741
3905
28080
23634
22332
10715
14656
175
14931
18341
3455
22360
16320
543
3313
25289
5067
13073
414
21302
26512
28181
2154
1294
4747
12237
2192
29051
26560
10795
18018
27768
6168
9186
12156
29703
27610
20831
27279
31984
23462
1687
7179
15877
3331
29297
26378
29165
27245
6589
20788
30060
1033
24394
26046
12848
11544
22133
14591
27697
11036
13997
17002
28662
13590
29476
20980
25990
10807
15314
21703
23861
5322
23784
22972
6165
24791
22266
14489
2896
28855
21818
2849
14860
6833
21956
32006
3267
10363
10870
10423
8694
4386
21909
16286
23585
23149
14633
20524
29872
32299
98
21804
13984
9799
7980
27724
24911
23172
5393
24224
29486
21215
28896
2550
16171
12705
9364
18609
28215
3098
4620
30889
10026
16194
32709
9917
13121
12135
22042
1517
26100
13594
13623
2691
6430
16354
22304
4195
3075
5381
25239
4341
12002
20568
31035
30947
841
26831
10843
13750
26890
31945
6189
2719
31972
32230
8433
4592
26887
9165
32480
24884
16641
10542
32192
11545
9273
17802
5135
15137
16263
6144
31951
22053
20061
12960
19772
14586
2970
15578
31296
29091
18081
28751
9619
28520
19532
20187
23493
6953
3757
474
26678
13954
32265
18370
26456
31059
12746
7157
32534
30827
18219
30746
152
15387
3745
17588
1819
7354
23548
8591
6709
22496
29168
5551
2014
26908
22964
30659
31772
23362
236
32709
11434
18286
8761
351
29690
2363
10817
5816
16365
2271
32375
2479
1206
11681
27397
20615
20245
80
18518
26190
5137
16735
25226
20167
15716
19754
24322
31339
4016
7756
18134
10678
24905
17908
6878
4816
12250
16695
7450
23246
22410
14841
2694
14518
6019
3928
19932
11189
6456
21007
21221
24211
7150
17061
16293
234
28761
12482
32181
20516
11732
13897
9239
25255
27371
21195
22060
12195
30251
8852
18173
24165
27740
32377
25001
22437
7055
7977
29572
5366
3622
31431
30668
14547
2784
9897
29853
14748
21752
31707
14575
28755
5795
17629
22548
12009
24713
12311
11738
16660
23560
11271
15398
632
12554
15095
20396
25075
30271
10948
26617
16809
25542
22027
1896
22869
2615
28618
21212
27884
15750
7648
10711
2921
1361
32194
23336
10806
23713
4948
3436
1933
32668
1292
13908
13009
8999
19682
19875
29562
9763
25892
6238
8470
32593
17139
7517
6198
13994
3519
30122
2792
28792
27997
19336
15049
28569
31688
15524
15760
24509
14204
16354
32676
21706
14287
19238
31137
6944
10572
2977
2487
20943
22992
28946
4288
10950
32626
28347
31528
25207
1064
14779
30074
3898
1261
5924
5150
8963
6637
32245
7879
12848
25562
3609
11669
30042
12684
14750
953
29812
26547
8823
24828
26700
31722
28755
23412
27372
29375
22605
19142
4388
7363
29105
4895
11660
2397
9998
17292
22221
16774
22508
24018
26016
10451
25220
7253
13772
30619
27557
25683
9284
24047
3084
26519
10018
21347
1730
22214
3725
6550
16508
14278
26820
13532
5825
17982
30371
10744
26257
23363
8266
12406
10616
1981
2016
839
31739
5617
12041
1292
26263
3386
2085
25886
7884
11949
30772
20691
166
2110
10077
15558
20747
29837
20616
11784
16931
17443
15890
7688
24727
26316
32457
4639
3085
24477
26760
14553
20691
11084
12410
317
20506
24838
3012
93
23090
31376
15087
28632
7420
10661
27791
27015
24218
3833
10737
21403
32592
5947
25675
30303
1833
31005
32411
20466
17321
5306
28886
26772
11139
6432
27842
30261
29836
27943
12056
27432
10683
19717
2807
21109
25384
25619
230
21614
19153
11475
26214
31688
17135
1346
30162
12563
11889
31673
2801
7224
8052
16497
21897
9049
32074
17192
365
22990
4686
14171
18667
23843
8207
1518
26468
9356
11246
22870
8318
15313
21388
467
22712
15391
9136
292
29930
3369
20726
2709
2793
17502
20909
24771
7200
4623
13036
26960
640
7526
31288
20528
26437
25874
29171
25131
3457
23469
5748
24556
19271
20112
16044
12949
12893
17362
32205
26342
16572
27339
23223
27362
29438
21612
67
20467
7065
10419
1161
9688
21913
15687
21522
6247
20418
28217
11296
2630
21492
26766
17830
26539
4924
22894
23422
31833
30553
24180
13040
24626
1620
6598
14672
28106
4066
10592
14763
11850
21380
12952
19072
26093
12129
23122
7369
25885
389
6234
30189
858
3284
12165
11876
29490
24573
25793
26856
785
7635
28084
17639
2278
10466
31822
5960
32652
30457
8277
27756
14450
14246
9334
935
27554
7604
24175
24360
2586
18271
17148
26192
31767
11170
20332
26506
5100
14833
22900
14264
11406
27172
28773
4648
13798
8523
11376
22528
18958
24024
15169
23250
28574
797
29885
32713
14064
512
17532
24782
25660
14806
31913
32147
23601
1556
16478
13208
4051
26267
664
15429
13302
4659
18134
19024
17550
17319
2398
8707
31178
18804
3896
31927
10396
22955
17137
30615
9197
20723
177
21923
22450
11716
16762
2349
18072
30767
21909
21779
27684
22128
25767
21784
17000
21524
8278
27794
669
6008
15176
13000
18596
243
21082
18256
10221
25090
25176
2958
7669
14984
20736
21908
3642
19885
1404
20307
27738
2978
6180
25922
27662
28952
24552
13992
29699
6158
26271
7024
8738
21916
12294
32205
23374
8562
2230
27129
6827
17133
3797
1216
22632
19886
6171
20656
28377
10842
26315
17103
16249
9594
3011
28846
17587
7738
19235
29605
24395
9724
6272
3496
27099
24724
611
22454
5280
16380
31886
12110
30527
28818
5155
30774
31075
16624
3357
8768
27170
20625
25134
24242
22609
30775
31843
2136
18412
32394
13034
18313
27974
16610
18638
25291
25228
16212
30464
23608
29130
140
19302
15316
16629
30701
1421
1881
5685
21179
25505
21003
21067
29545
7050
13174
5426
22480
18706
14517
8889
3235
25743
27557
6216
31000
19136
23413
2994
5600
29525
7625
32007
30013
498
1999
5819
2741
6966
382
30674
10489
12257
25997
32264
1670
26009
29126
3018
910
282
13231
26019
13935
29250
31180
1860
10705
7776
19321
16837
4982
18735
11362
1753
4407
15478
5911
25387
23571
11642
17943
21486
19449
18649
30006
9462
15232
25884
8036
22361
27442
22816
623
4727
1628
870
27405
19704
82
21960
8496
3523
17099
27004
20292
23175
19667
5116
14383
4653
2886
13148
17538
3062
27225
8587
3770
18604
8664
32673
873
27853
22405
15369
7453
20212
14019
5129
15774
26713
29410
2644
30766
5489
7842
10089
19195
19032
28063
31775
32129
14882
22060
27945
12972
10944
16888
16849
6172
19358
31379
11229
21020
16999
6775
28998
18163
17308
24463
10906
28950
17428
14083
26515
5947
7617
468
29955
20742
9123
5034
9049
11825
1883
7545
28734
3784
15743
3707
30077
4464
32445
14607
14101
29080
8503
23584
10044
31902
12131
16809
13196
24067
31034
177
16604
22105
13503
25745
12039
6111
14595
17403
28004
2890
14496
22331
28036
14760
31639
8598
12909
4149
31847
25095
8880
20280
22846
30494
12660
7677
7982
12877
24225
6103
24299
11030
25873
32414
21276
1564
26443
26292
25484
28787
31008
381
15153
32613
3253
9687
32209
24333
32521
19586
7926
30068
27463
31538
9977
15107
8435
11875
9330
26762
64
534
15425
10396
3824
12347
5730
5067
29853
5801
16783
6112
16243
13081
6581
26873
7920
19620
28611
7577
16035
31873
18612
18372
6824
24783
4608
6171
23092
9123
25612
25678
1267
6884
17427
21892
21972
8051
19940
20480
1477
9182
32096
16356
28360
7822
12822
19783
28495
29209
13345
13568
6987
7390
8548
10581
25509
16989
32729
15519
9874
14924
2962
23965
14334
13066
18833
23818
21238
25310
30665
19884
21421
18365
12348
32577
31303
2990
14628
26180
4789
3368
500
4210
11630
7542
9840
19282
17360
24576
16767
21408
20989
17209
2778
16569
22913
523
4749
7648
5962
7762
20908
16803
4914
17871
14495
11627
29205
5109
16104
17948
10256
9256
2114
17413
17697
28973
10288
32496
12475
19626
12751
26453
23463
10358
32335
21702
10355
15678
25211
5420
16857
32174
16313
18597
5780
15541
23341
17895
1354
7594
2298
18480
22887
13633
15948
20413
9238
3780
19509
31262
31733
18983
10035
23095
5399
32465
7641
5599
1108
19139
7656
3940
13826
8190
21678
23238
22118
28876
2380
31957
2050
17753
29087
15423
19198
13460
31334
21448
20364
11580
25148
27948
5293
16691
9231
24796
17587
14356
15618
19636
23145
19785
8367
14034
32093
6135
14218
24307
25447
2268
15374
27774
7801
15496
3736
789
12968
23119
23190
5176
19082
17519
6370
21875
19148
9613
1182
24559
32333
4374
3052
18137
14907
23930
5504
6559
5558
16481
19526
27150
20116
13061
18117
17200
13259
940
12700
14901
10193
9055
234
28195
32242
4831
24881
31326
31487
8327
1439
11638
17965
152
12831
25886
32395
14595
30051
320
11157
13089
13396
28852
11200
9630
19513
17137
17070
6070
6843
19625
16478
15843
12857
2058
11675
10351
24062
4431
12982
12304
7233
7389
29279
5529
7005
23495
11556
2140
4176
1868
19622
4000
26326
20542
11782
16892
22423
18833
19353
1330
578
30722
31247
26429
7754
13184
11516
24968
28107
21276
12718
912
23306
18037
11983
26393
10467
1195
5433
4885
5444
21505
30527
4593
6587
2456
32721
29561
14434
25345
11079
6088
28785
1913
13553
9470
31569
24586
15351
8137
13676
12087
18243
8686
27282
10622
22605
8353
27270
5211
13333
26513
27985
689
26057
8526
2390
32263
6378
18303
13075
22362
678
30626
5607
17401
21876
14939
21621
18846
7191
3216
609
16279
10720
15084
17657
31557
5060
9901
18476
14992
11444
12999
910
26765
5396
21329
28035
20322
12070
26293
13813
6355
27443
51
14528
21096
23156
12056
26913
12126
16302
30532
30696
22840
21069
27019
5070
31605
803
806
17106
13994
17336
6262
31379
31912
10189
12687
22212
14413
11636
30960
22833
6472
31041
17637
26432
15012
8467
19880
12194
2244
12460
10755
21503
1200
7561
28118
22851
26055
17629
4589
7763
9630
24892
22991
16678
11965
18119
29477
27154
5693
32577
20581
24747
8470
23531
21480
4140
4056
3551
6174
11205
28586
669
14303
137
14177
14585
32121
23904
5556
21651
14071
10560
12486
25844
21344
16734
5356
24597
26883
5583
24514
29379
27157
8989
8426
9502
10845
23482
15013
14508
13021
13502
22268
24898
2251
22134
16274
21110
15654
31481
25794
7903
25746
24086
1184
20092
20187
7425
10332
18942
21362
8486
19876
4368
15750
11888
24125
24092
20507
25654
21723
18791
26804
2086
8538
11315
18367
7009
11112
13089
26401
28374
29722
29522
6469
10596
31837
12096
32391
29985
2094
10891
24429
26439
32006
12855
9992
958
10007
25223
30985
23538
20521
32181
6111
17448
8378
20554
11332
29421
17806
23796
1903
7653
6132
31669
6410
31196
14213
3903
24892
8645
7685
19272
4181
6333
683
11342
3871
23875
12285
25459
28540
26389
29593
17765
6063
11994
13257
9565
2983
9144
14662
27212
12896
2039
5763
27408
28413
26103
9959
140
8710
19612
6383
22554
22371
23569
25681
2861
15542
20910
30679
1104
30873
23707
21428
13323
24468
23148
16439
9764
23141
22476
3943
29387
10205
14007
22563
4551
20482
27682
7213
6541
13736
22703
19009
1683
3525
9234
30681
7941
25004
10347
5829
28267
31714
23237
1036
10568
10713
8255
17925
19444
28946
4201
27298
24511
3635
14051
4306
30134
14477
19245
31271
29189
22371
756
7249
10394
26594
28764
1079
28874
26262
26893
27662
29059
27694
11770
18344
9231
19195
14329
3054
23817
3388
31038
8367
9142
2317
4649
2875
4926
19818
1255
23839
4763
2793
4873
24498
11855
31297
31418
7039
31560
25512
31591
9269
18166
22410
6450
9034
3401
9857
11399
21835
14501
12493
6346
18693
25249
1912
32267
16465
6833
18643
24130
1417
11911
8212
17810
1775
21689
2057
12536
14873
28865
12378
6556
5763
8734
9997
15126
25749
8799
31004
6643
22757
29615
2560
30308
13781
14879
3664
20313
28805
5829
13932
18774
23236
27682
31896
16734
13945
29905
1147
31103
28882
8165
19705
19800
29926
647
22669
17045
9052
25442
2091
21076
11098
15967
20350
23995
20055
27111
9726
19039
13959
17368
30594
15249
14822
4456
13265
12721
6916
31077
12181
26471
31346
21884
29124
17188
24587
26255
15966
14484
4826
13803
14945
30069
25422
14472
4619
3319
1421
9918
10350
27171
24978
20566
13094
18464
18011
25990
9821
13547
22237
8434
14379
12446
32138
32403
4190
14051
17335
30028
27214
11311
4699
16946
4084
29137
29998
9303
15713
18302
16632
32191
6461
4221
7957
31403
15067
32502
19640
21368
1170
23310
30166
24312
26953
1704
12872
3481
30972
27160
11026
27140
23390
30547
15675
10213
14813
2330
14681
24444
21429
1931
23883
29731
20052
20771
19112
1581
4658
13614
32679
16300
28664
14152
21301
31246
31677
29381
31274
25555
31485
23253
5814
18655
27595
194
25013
5914
22740
10273
32154
9866
18247
2200
25840
22051
27287
8559
26522
7911
12158
24247
21894
4776
27623
4441
98
9341
10520
30993
31730
31129
15810
9506
8566
20669
22603
29269
17538
14335
4480
23722
10239
17487
30959
8994
32444
24619
997
30168
26817
15125
8226
24291
10441
24405
32560
6508
25336
11512
22757
17348
32088
6111
27076
9700
20735
18539
5938
30987
2498
15002
6799
2735
21757
17595
1426
3753
16761
30988
10476
25985
32650
11819
5864
14115
29153
5907
4515
9586
22117
25962
27531
23888
16647
262
24161
27638
8941
1748
8513
29278
1693
26913
30270
31671
26378
13295
23229
27910
10158
2743
17554
12884
25314
31824
12391
5218
25919
5785
19362
12594
27176
16602
31592
20294
3069
28890
22682
31056
29860
32280
28878
194
9837
32195
9015
13596
26160
15557
14744
13850
23093
23605
3165
25927
23788
1673
6096
30506
27968
8928
26329
18540
19040
31673
21931
2060
21627
32171
4185
18922
17629
14402
21692
18411
6362
14043
16311
4798
20673
24096
22560
20377
13805
10639
6415
9328
21115
20863
29768
25856
2144
6483
16060
25531
7944
27831
30289
14981
26029
10479
1751
7678
23064
18100
13449
23181
18933
19677
12031
18535
13321
7303
17497
15733
6162
29831
17788
22369
4080
11145
3132
7549
5297
11490
18733
19197
14223
18735
26864
27919
14926
24937
6862
18444
2447
8432
9167
7099
21402
29431
9916
2251
2427
1726
12438
13870
21760
13031
10797
6387
24424
18563
20868
10175
20549
20388
20314
11121
15161
1911
9271
21108
16520
26898
13255
11304
19902
4590
16144
12311
1253
2711
28887
12637
31301
11724
9991
30255
20531
1159
2853
23679
5386
17920
18861
26560
15453
27628
19006
13690
13839
3370
26834
9669
23022
26093
20508
24841
28828
24099
2223
32014
32423
21876
27854
13970
25807
26935
31206
18693
28865
25885
10483
5509
12326
28118
15075
4578
26822
28989
30969
5800
9965
25388
23936
29676
1839
21828
18977
25694
1398
8799
5137
4761
23126
23777
4545
26460
3090
6969
10209
21178
30254
29320
8339
8079
28894
4609
31444
16520
5311
8166
28179
15923
4345
22457
29862
5762
2296
10496
24439
11739
27273
16025
6316
81
28072
7523
22711
26699
18873
30559
15701
30233
23005
5441
8825
28379
14823
16486
5111
29919
53
3495
31432
22046
11117
6546
24034
30055
20065
3689
10139
27664
19389
19651
27781
14994
3666
15520
10905
27647
24641
7021
1777
17337
10885
26517
17655
878
23746
30267
19162
26992
9516
4660
14302
30518
14999
23754
8093
14385
26977
17564
16506
20614
1909
24411
12221
715
30015
10516
20343
16739
20744
32262
12558
4411
7219
10755
10258
21573
32744
21328
12805
14168
18010
16105
30946
31782
15221
14335
10934
16806
9139
24326
4495
31106
10230
12227
31988
31568
17352
9623
743
1106
32531
31482
9676
250
5840
3752
28327
25192
22577
26391
24497
20604
8039
25054
5332
15293
9889
4135
1090
3656
778
25551
15171
19361
11883
21714
10164
25748
6421
18207
23303
29662
18927
10369
26077
2193
14906
986
24040
25792
9922
20741
26296
17526
20293
9166
13308
28316
6772
15717
7148
20127
18048
28355
10255
4817
30152
12389
25302
31907
10087
23328
3120
12696
27422
26915
27545
27414
12958
27710
7173
8763
4385
27105
22403
29823
7958
8503
18210
23244
7211
11822
23398
15028
5474
16574
32475
25294
17114
21354
2396
22493
18086
24733
12692
23445
28362
8507
17809
2504
18623
32014
12517
6748
5515
32724
19035
298
4961
24743
22945
27061
3961
31870
9817
11879
21278
26079
14020
32267
9035
28041
1381
22069
6239
21316
31865
5240
4199
11385
415
27865
22229
1393
22448
31428
5795
14137
7650
12437
7476
1805
13397
7019
24121
23504
6855
30079
24165
16494
5010
30044
19292
28518
21141
32268
28138
23803
2573
6054
1224
22863
30877
17959
21126
1122
31037
28716
15176
12427
25822
13938
10989
19472
16953
638
22334
28625
13367
18362
29572
8958
30088
1321
8622
18982
1225
24427
18558
26374
8995
7923
26628
9692
11487
22246
15245
19551
30846
29260
31072
19832
20389
26070
8212
23451
10359
12664
32020
5824
18948
14899
27400
7342
15652
627
18089
14368
31279
14385
4872
28679
16667
16005
8332
18544
18191
29772
7044
22842
30524
16795
20290
19147
116
989
21998
13186
27749
12041
27294
10407
9568
15511
6577
21559
30716
31701
6702
12944
1026
8478
12770
28725
12625
24117
19192
17055
525
14253
14639
22893
10455
7428
17922
14161
5312
4002
359
20799
10159
4510
16592
9954
29865
20906
30145
9892
8080
5087
6946
16810
14674
18017
9383
4203
1792
750
13282
26628
1521
6863
4738
4468
6768
11740
18527
18708
237
20989
7871
779
27127
10774
10380
22161
4985
31689
2364
5603
9519
27330
9128
28671
29556
11992
13762
28804
25664
30959
11947
28983
13075
17944
23962
13725
25906
32202
25371
19175
27832
2324
16890
604
22361
14401
15122
16749
27632
31172
24443
19930
31619
3120
10918
2043
3965
21252
24328
24745
19064
30343
21046
19723
22473
20862
19031
13208
13464
27732
21036
20520
27285
18475
10328
29213
18446
32757
25105
12783
22266
3136
517
20840
27462
30616
24160
5902
22872
7113
1276
15246
19622
19410
6544
1674
20423
5137
3870
13093
19051
3168
21253
32427
12614
5797
8277
23966
3228
16885
29963
10459
12730
4600
3985
11393
27473
13727
13453
18007
20530
3202
26262
11710
31705
21254
25858
19818
32259
6160
28935
2792
6082
22042
16668
9326
4374
10242
1999
24637
24077
17151
2426
15812
27918
19524
3193
3311
9897
13664
21497
20306
17657
8818
11790
2670
20024
27530
4552
3622
5730
27155
9555
15082
6323
30748
17691
32201
15961
31713
30317
23164
25750
21569
30470
16719
25950
9961
27927
11524
29814
20930
16673
29893
28404
3853
15606
25078
24370
4573
26638
31967
9057
15385
27193
32470
14716
29520
22726
30870
15385
15459
29470
20754
30373
5274
20244
14656
21916
24254
20819
16454
28063
4833
24923
4106
19972
21168
32668
28056
11811
10588
24822
20151
12692
5098
7938
19695
236
23348
14263
6992
29917
13810
22244
3978
14925
7727
11118
28670
22550
9282
2636
10541
16576
16014
20052
26233
11837
10037
2192
31715
14503
12366
588
22333
12123
19438
26977
15439
7158
19913
2834
12315
19313
11838
16288
26890
4287
13042
11738
18371
11148
23228
4177
25300
2185
8399
14957
15212
7872
26124
4899
19793
21022
10453
14741
26662
22157
30144
14386
28480
31079
13104
12816
24417
566
11420
26754
8565
12176
11046
26322
3521
14361
16418
20114
17399
14059
13858
26866
13759
10680
15045
29950
26292
3787
27339
26932
31688
19063
2935
25268
17204
24925
28418
24003
7130
14598
5965
11172
22287
6424
12278
28794
1182
21517
6148
9917
1123
24220
11968
5851
28429
17786
29595
22331
30173
6453
26208
15150
29790
25171
20399
18442
11202
7519
17279
17284
19270
24124
30771
10498
29646
10547
6484
21113
26494
22200
21976
4058
28742
32487
23617
6097
14021
26916
2735
11077
24156
32143
1678
15901
32468
16537
12989
17206
7426
3374
26452
9339
32280
13374
2544
23596
2325
25613
767
22005
25806
8811
21760
23971
21808
3177
12956
4016
17750
16536
4584
21600
23535
12937
21774
9705
18654
15009
6287
12556
26559
30677
1341
19933
22898
16729
5330
18323
22470
11943
7180
9609
25476
32235
26182
31525
17932
32229
26389
21457
25847
21901
13224
11404
29680
11736
9403
24483
17815
1541
22771
29594
18380
13965
25579
24741
20429
889
6806
18988
7154
22902
30410
7679
19385
10406
29447
15728
15611
11436
3186
22086
8911
8032
19441
31385
6592
32592
11686
7864
23076
22106
26755
28542
32136
7143
19051
26489
32349
4496
20869
2189
16133
2747
31289
30153
19854
16005
15090
13413
20672
25042
17934
18309
11111
8855
5336
4138
15898
18850
30267
11990
14843
21949
26245
17536
17227
26273
12243
22015
9317
30224
24842
14226
3216
390
8317
30039
21077
24648
17192
32291
19037
5936
4716
4011
30992
10626
12465
1319
21858
11908
24350
9392
16684
15741
22052
8588
24702
16653
11428
3281
21066
21748
17960
27014
15385
29488
5901
5550
27647
18417
24047
23513
8910
12275
14801
30002
26230
27702
10350
129
1724
4604
3742
847
1471
10727
28084
10563
29657
5229
4319
1839
1295
4767
16685
1919
5125
12106
3963
19553
15278
4013
11894
2992
7396
7421
6311
6135
2069
20160
3425
24471
1564
27587
8191
4240
21508
7926
8478
13676
10321
2440
31392
3279
4487
28762
3123
15167
6743
25792
16596
23377
12033
14269
23682
11848
15782
29091
11253
18588
1957
20489
27197
31173
12889
30289
15061
12310
6764
18645
7905
30443
29256
25299
31463
5254
4356
15136
11291
11009
31732
18662
7038
18140
15228
50
5681
4494
15367
27591
9017
23629
12598
17362
9744
25335
20340
5489
18816
5729
14801
19234
29774
2802
31857
23585
2310
28089
20747
9345
24288
21640
747
26085
30083
31367
18715
27036
20159
32665
28683
22018
10918
15517
27260
25712
3412
6319
13392
6704
26402
28085
22476
11500
8687
25597
2815
22263
24740
28969
24583
30951
31099
17824
24122
3811
5764
19957
7058
26332
25574
13327
25367
4908
7784
16949
25129
1152
3728
31369
25754
4210
24044
11248
20880
18486
32658
29928
11400
13351
32762
15864
23161
9306
12977
4566
5849
27944
16527
19815
17944
20575
344
2708
26787
5677
3458
12806
15642
18457
19557
15440
2062
20924
3281
2447
28690
20239
31342
21159
27043
10262
12971
19160
25634
12010
24047
18780
18485
16632
26419
21507
28908
18999
23111
13436
8661
26281
29615
1931
30136
16666
29893
18361
10521
19518
11216
3948
1065
424
25675
16321
2917
495
13063
25754
4144
31447
8573
6533
31117
8408
12585
23214
22728
30662
19056
14852
19381
623
18557
24466
21665
17863
8566
29654
8447
14707
27925
20776
9973
12133
22939
31084
6294
7224
32535
26698
26981
28417
21139
30593
21924
27838
31163
26167
2350
29330
19765
12251
18083
28770
6084
14888
14334
22663
28802
32452
23262
5653
20499
3625
5354
22030
6295
21862
5582
8374
13126
13687
12823
30385
1558
32694
20482
29781
6293
23707
5661
14083
13307
1802
14545
22734
3376
13490
7077
25874
21154
30727
29695
19217
11247
9187
4145
8007
14942
11763
22255
21067
11734
24559
22631
30317
22551
29358
8589
22320
15556
29732
19231
16248
8836
15555
13912
24641
22095
7634
20771
9226
24839
20786
8780
394
7115
2203
28543
13072
9317
28531
16109
16173
15305
7179
8812
3414
30990
13585
6256
21048
3982
10826
6418
29417
17535
22080
3965
22845
27527
32482
2403
30237
29399
27631
1744
28652
15980
3481
26243
8671
28835
3395
32520
3691
31153
27803
28410
27616
24020
7284
12020
29764
11979
1386
3894
10281
8812
31728
708
2879
18954
9270
22786
4744
4746
4462
30158
30868
18624
2887
18789
22658
13776
1712
30777
28775
1729
10127
22835
17654
14336
28139
13455
24914
27828
24509
26043
30368
29510
5019
3898
29137
17328
6002
29077
4259
17569
9415
17942
21994
8121
22866
15637
22848
23545
7038
365
16488
2711
28141
816
32604
13945
13566
5165
9148
8205
20985
5070
30861
2789
22312
20979
25839
31456
19673
291
25698
11446
21679
27367
4321
28354
12148
18695
12217
20663
7763
5051
26985
21618
24301
11148
9496
29646
15006
10648
14618
6021
22137
17850
30578
531
3157
15395
791
24329
15856
19065
10525
17028
19945
18008
6428
2481
26009
7587
15488
25824
30016
20178
21291
10110
31866
17100
3551
24783
7308
11145
8966
3506
3321
24206
15151
18771
24092
5920
7155
17172
10262
28211
21088
16830
18308
3960
458
11251
27383
1937
11751
201
3510
16316
22401
27855
2638
10718
26663
4389
18962
29706
14381
24708
14679
14790
27241
23577
20785
8070
25637
15553
15933
10506
12555
1941
19776
10392
4350
19544
28456
17770
10190
26290
14023
12500
13065
1112
25007
6258
1803
11975
25988
12235
31582
28034
16271
14254
28987
9484
30171
14879
27856
9502
28757
3098
30672
23884
396
29221
9869
12169
6094
11333
27440
9417
11975
18478
19599
8074
575
7583
27570
19551
18767
5518
8415
18023
8325
30940
1052
11285
23381
10851
21083
11210
29735
31546
11406
7546
25021
28422
3255
10168
21186
12857
4133
13504
30276
20043
19104
2601
24360
2771
31621
3425
16472
14519
20417
12949
209
1972
16848
18418
32382
31868
23505
30010
15976
5636
26293
29615
15647
5904
9497
22595
11565
26073
4811
25656
29074
15445
9333
31641
30617
25235
31347
19456
16237
24928
18402
3717
4540
10310
7215
24531
10844
7843
9186
14804
10922
13097
10464
8660
14364
4153
875
30885
10020
5815
25273
13737
25556
21777
3704
10492
4566
18195
5620
32295
25865
29836
2260
23563
22999
18084
2101
27809
13013
20125
23955
8816
20558
17699
7967
3113
12446
11289
15362
2447
26114
30355
10836
5478
787
29295
13729
18377
7435
7673
22225
27664
28619
2075
579
8338
15650
21591
9755
1183
121
6504
24771
9250
16175
10152
14883
18916
2052
32224
10425
7687
19314
8803
17716
2721
30579
27741
6170
29144
19782
32080
29975
2410
16959
19874
19897
23081
8663
28017
19743
15220
6101
10106
27167
4525
7626
31267
9793
20911
22685
14490
8503
23488
19404
24713
11695
12047
24505
16121
31779
29554
29421
2803
28575
15275
8516
31234
31072
28740
24462
27020
27931
14734
3036
21071
28348
1427
15774
30127
9579
31328
24781
8667
31613
15798
6543
11708
5989
8691
15449
20659
17251
9962
22810
27365
20091
9914
28922
5094
3190
6193
16118
14674
19265
13638
28383
12467
25231
10328
10206
18845
22810
30807
15016
14780
11536
25918
29807
3006
27426
19893
24144
19519
25877
3008
2823
12954
8490
20541
31130
7860
7240
3992
818
11025
28972
5348
27145
5042
31473
2786
19808
16598
12945
22868
18846
17782
8005
24708
19863
16021
28803
29065
10355
24791
14611
20333
24562
204
10279
29717
4837
7761
3325
3737
5936
16583
28804
28411
3994
3741
29741
28271
31583
10222
4498
5925
5010
17509
4135
25749
11681
21328
24104
32523
5487
10817
2965
7764
26174
20448
27386
18408
22016
1166
16417
4496
5943
20676
3956
10796
28247
11323
13909
2177
17741
15898
22612
20551
26243
14273
17372
16444
11076
3193
2667
21830
23264
29928
20420
16624
32263
23440
16722
18446
29829
27382
26529
9000
16255
27047
19991
25844
9402
32597
3935
27697
17203
19226
14981
24867
10506
20739
11702
14245
13110
27972
20496
11499
32371
10845
6704
3297
18081
9405
22093
18617
4416
11459
30744
12952
25170
23600
1291
25744
17985
11038
27215
29082
32381
27363
18382
3647
26054
21001
3579
16021
22232
29855
25580
2786
25074
18586
24035
8540
1227
4055
6215
12253
2364
20983
14132
22790
22712
14890
3533
14964
4995
9014
1650
22231
6451
17506
8925
15197
3518
14097
28645
15841
22123
13425
21158
14525
12156
32349
30525
16528
23738
5431
3057
324
5736
22792
15297
20390
16197
3323
25323
9765
18230
8186
21503
6670
2603
25483
770
13004
14160
127
19157
9399
960
22191
8820
27528
24090
7945
10715
28706
9717
4477
16105
29910
30602
9905
21079
29309
25192
11787
18090
11158
8815
20246
4745
28322
20607
842
30244
24934
7582
19527
28830
15682
31473
14228
7575
29822
15621
30800
8755
29307
6070
22127
31719
11308
9377
11971
12892
19055
29415
25195
27653
12400
9214
502
26814
24027
27515
12648
21035
612
17434
9680
25959
12059
14864
13119
24567
13728
12496
17199
24535
21981
18420
2646
29503
20444
25763
4
4816
594
26586
27870
15905
844
25967
21645
14334
2015
5932
11325
13378
28916
9116
21418
3811
26379
1776
23115
1628
8506
2952
22970
10574
13590
8848
2787
27172
17056
3468
27936
27570
6088
21481
27971
6428
20791
23077
18098
609
6342
2247
9583
16759
11912
3853
8675
20204
10839
14580
22227
9634
30145
20304
824
3270
1244
12446
26245
12470
24588
13681
4243
20740
20354
24957
20978
14681
27918
7968
32558
6936
32624
1552
10805
18633
22068
22416
11362
15646
2331
10719
21514
5272
3064
31364
12339
12851
26398
11726
29048
4541
19067
9116
18577
16029
21439
20062
6552
1644
10730
14729
9641
29142
24729
13071
12964
3574
20723
13524
12319
29064
5079
149
7918
11037
21433
13598
31174
17831
7417
6606
27878
18297
12545
17761
22052
10563
21462
20422
4321
24078
24319
12895
14612
1885
7106
4400
22002
10301
14835
25768
26209
8159
11224
4390
31720
3294
5569
31713
943
10537
260
22830
4222
5285
21893
12661
31329
31710
20318
14785
6536
28073
29763
25905
19261
10971
23639
22732
18187
5613
2034
32626
24386
32657
30363
4800
18453
10469
18768
17622
29265
9426
11150
32688
26034
2180
2821
26554
5969
13383
31043
7231
15832
31507
20791
12447
2324
27858
25042
13939
31721
32224
476
18937
27866
26767
30845
21543
30770
4879
22936
16786
4004
16219
21378
21221
31375
7350
1417
8956
10424
1424
22664
28710
2063
4183
28552
12196
20609
4197
10713
11411
9498
8573
18301
30737
2733
3607
9028
10156
20070
8038
30413
25538
18107
7540
16406
20759
10636
31859
12255
6830
31826
16732
7221
9029
18426
20223
411
17370
14691
11389
30757
9324
18667
32664
14106
11360
9092
31895
30680
10673
9063
7696
11786
29473
22330
23510
23295
458
21623
18988
6345
7303
4333
12489
5378
8341
20492
31048
29223
4128
15519
6
27
16294
3591
31074
3709
32233
12063
27010
27206
6406
18641
29314
26577
21221
10114
31782
17527
4720
27087
23385
27918
8601
12814
16961
26766
7179
6737
13769
18567
6099
15203
22522
11647
8571
10785
9854
29888
24887
5001
21517
31867
19377
19763
25393
5541
16797
10985
4013
25274
16841
13967
28214
3539
15291
1209
12567
28571
843
17580
30373
10149
20510
12936
5060
6165
23382
6774
7643
32001
3698
32577
6187
30937
20028
22541
12538
29090
2825
28315
26315
5608
31198
3273
27707
12439
20761
11614
22713
14831
15676
19065
206
14825
3887
13433
9880
25437
27135
4173
30037
31600
19277
23499
16305
23379
26291
25013
14136
950
27725
30621
8950
17250
27306
3376
31814
14820
22099
22049
2301
13155
8700
2895
21949
11150
4724
12738
471
21775
24517
14620
1905
26353
17112
948
23254
9388
16858
30662
11286
14103
24682
21739
13936
31129
24768
26948
8747
7916
16546
22065
28760
18196
6679
1368
19749
24499
21413
17337
3024
12374
16859
19894
7210
25287
4008
15048
17539
26365
31585
9290
26276
7608
12387
32489
23954
30947
7551
11123
14778
27157
31869
31203
3350
8963
24188
12568
8442
4853
14865
15794
23693
8074
24038
21291
14793
19481
18397
17202
4883
9652
30988
13600
10239
17963
26738
11357
4892
3891
12784
12222
4884
3448
32260
21365
7141
4639
6128
16453
30192
17735
31245
5605
21802
32451
10503
4661
2469
26800
6167
18047
12789
12112
13306
2434
2097
8810
26702
22450
9696
3960
359
29394
25678
28409
11598
13014
2619
15061
185
4779
3103
20902
16808
10885
18289
19032
11118
5507
28524
25254
27937
10031
32069
3537
16754
16024
15907
30960
11669
13759
5809
27105
6305
14389
8308
19764
22409
30387
12733
21450
4406
20552
12805
32583
5218
14587
12342
10156
2022
32280
1272
21921
29294
20138
8136
30080
4850
12509
3748
29998
17559
3577
17228
10677
13547
19017
3118
1043
3962
10955
1681
10388
18396
10099
18244
28976
31402
6827
6952
17177
9223
2764
994
27675
28805
26146
23579
31110
13359
21866
13323
8922
10898
26930
15560
21386
23502
18245
12504
26657
31498
3595
21925
3926
25609
20651
25200
23220
24842
26404
2111
28068
876
26210
24594
18766
31026
9889
7759
7932
12342
31288
32237
14699
24191
20388
23130
21322
12111
18595
28149
4570
5503
13075
10804
24788
17484
2580
10674
29354
13996
9677
1874
27613
25004
21917
23416
2066
1862
4068
26725
1146
4336
3218
9706
26793
6879
20008
6230
21244
22936
29177
10489
16432
29825
31379
14387
17156
10725
19449
31585
13611
19909
24743
24406
25522
10395
23306
29925
24840
22089
10876
10711
7812
14029
18626
9607
6573
27062
28450
22175
18913
23724
28702
20923
9634
14613
31505
20261
7060
17169
12947
14860
26468
21422
8378
19477
26364
14299
3825
828
17607
23565
3288
24123
16786
30565
12962
27841
1685
3285
13802
18655
14569
22864
30226
6701
29717
24832
4464
17645
18762
20144
29144
26224
9973
11271
405
1427
186
4835
27856
8391
4892
21969
8398
15715
20598
25621
12321
11613
22828
32292
20814
10994
12996
12257
22679
4202
26811
24616
21830
10740
24213
29883
2503
6963
16819
19747
10237
5709
81
1762
3017
29071
24372
5621
10443
719
2192
25638
23756
23805
13271
3773
859
22987
20318
11442
21274
4138
10660
31737
19099
11447
29530
3593
8556
26913
21968
4452
20791
14035
23806
26889
20828
29849
28453
23333
32587
19076
31115
19383
25107
19268
6219
9617
27206
6281
15273
25821
27547
20069
18704
27959
29198
22371
12520
32320
30605
11026
18391
18263
12680
13922
9644
22465
13833
25225
32311
6980
13137
27027
10515
24224
9098
2806
9360
12364
18451
13936
15155
1258
24447
10456
13560
23605
6697
30258
29808
26565
12640
11597
7363
16910
25639
8905
26103
31791
1288
32040
25114
29369
13309
31411
4084
25963
22981
29813
24378
6508
30715
8782
16901
4556
6361
9926
14078
27502
9766
7861
27871
6676
28714
30198
5614
6842
13361
7807
19513
24102
9471
27627
7788
32401
570
16220
9698
24215
20921
22538
25653
29705
16834
15125
31245
5461
19582
26434
15298
18720
10569
9126
11009
31608
24835
11403
32104
14195
374
3673
27358
7569
26312
20186
27707
21693
22037
12039
29239
9426
23323
12727
647
28323
8931
9955
10940
32364
28576
2130
27827
5027
6405
26717
28192
26840
8280
26572
15796
4610
11643
3978
28317
20711
25056
19641
1380
31072
15643
28269
7713
8810
17672
26751
16304
32533
17604
27369
13750
27190
1854
13735
9389
11018
21338
10523
15375
19927
26028
239
5927
30060
10686
5598
20635
14459
3028
16392
29665
29744
1254
22654
21889
7163
6992
3975
3736
30109
5961
32669
1056
25884
23530
6938
1886
23701
2083
15039
30551
25969
30882
1519
25303
4524
1230
32058
21569
5936
3477
17858
13889
17701
13562
12366
12331
22075
22004
26816
21132
9602
20931
8745
1365
3311
32143
9596
10252
1347
29139
30009
12354
12274
31517
15373
27562
13323
15791
27256
26114
21393
625
9865
14162
19625
648
13233
14532
30617
15214
6267
16608
1992
18159
19735
2405
22264
13669
23949
29744
24
32248
29508
13864
1031
22309
28682
1105
22278
27440
6873
5270
32692
111
1889
15045
21989
30447
30463
17501
207
18345
1689
16190
14213
306
9557
27716
7436
2464
3134
29021
19554
31894
28533
17794
5881
22567
5786
19944
9876
14874
5662
4331
29344
12661
4854
26865
10208
23031
30843
14121
30764
1830
16492
1237
31944
21773
11571
3195
11566
19673
19593
9086
11157
32395
13561
14382
27652
7470
22515
25270
17642
3044
5539
7469
889
19813
26588
14956
5414
10245
5401
26507
31424
29285
29191
26269
14205
10197
13184
15017
6681
24693
4303
7617
6065
10918
17453
22372
10756
17137
27677
1753
31803
12215
24533
13451
16171
3916
31660
8787
25010
25044
25342
25913
5500
8680
4691
3196
6475
5951
30630
13607
15051
30826
24884
9919
26710
16615
4326
30467
19021
16171
24175
20024
28276
11596
17829
11738
1391
14415
22709
14911
7847
3334
23262
15961
28929
18097
14508
8903
6893
8494
17402
15368
26194
3200
16528
9506
19837
31726
3593
18664
28775
12777
32374
20503
27164
18014
9273
9113
9788
32697
32046
17543
1013
15886
12263
16786
10005
29487
23701
28237
11163
25848
21780
1336
11970
14074
10706
15231
1621
28262
20769
20020
385
22017
31557
13010
28727
7976
4423
10369
32221
31797
5665
32247
4126
328
16675
27071
24874
15362
29518
2703
31269
5133
28397
26994
6643
1840
8380
4994
28294
30596
10156
30758
26864
32328
21288
1985
30056
23627
24019
17124
26770
6518
5511
18214
24764
11770
13897
29839
12859
7306
6247
6193
12376
31278
25550
4011
7207
25747
1684
16124
30489
30303
29952
4827
29305
21117
14956
2952
22951
126
16380
8535
13277
18902
914
26504
6804
31942
30678
31087
15601
15044
28327
16636
18590
12452
11719
20408
12400
31608
21511
22750
25555
7018
2786
30239
1231
23595
23831
22124
3239
11486
20591
16316
26013
23067
27045
30718
18263
4528
24032
31764
17807
649
19965
4095
11311
20966
27839
3688
14775
21244
23978
26954
25785
13209
6925
14857
11748
410
29471
6058
21149
26177
8947
16102
12427
13606
2333
5619
4923
20150
28765
11185
5379
23171
19891
21608
9506
18155
3709
16645
26041
27420
16397
25772
24521
22670
30486
12721
29287
27892
4845
5018
14762
21272
22030
1072
18816
16355
4218
8853
7738
18049
5738
30006
27388
22277
10936
27987
1170
19421
4604
5328
6361
30777
15691
32218
4072
32400
14360
23789
25084
10875
22370
302
10568
19400
15187
17157
9745
7072
18015
25801
5698
8362
28209
24580
28572
26195
21284
26189
11656
12703
15003
20360
17870
16769
32363
29290
21464
31406
28507
29731
10144
28386
24209
22175
1435
21962
31258
1462
22783
8364
5334
10248
7377
22230
1672
600
2387
15724
27625
6351
10848
20457
7305
23387
20494
18278
3489
6128
8039
20933
7777
16627
20573
17192
13425
32552
3033
4612
4265
16451
11634
768
3599
25034
26056
25564
9
22423
21303
16715
7903
15010
16205
8452
6973
23232
7434
21460
20300
23170
24717
8310
1868
21284
15164
30004
22879
21160
31382
8043
1056
22036
3724
12063
31463
23592
18236
10081
15745
20814
32537
30596
19177
21560
2516
24878
9669
929
19796
16700
6973
12634
15599
15609
25053
21591
31999
2863
9267
25580
6111
6493
19942
4025
10510
4459
30171
2406
29016
4621
13883
17843
31154
7537
25844
13216
31900
19041
21704
29452
8317
27845
13483
28198
2024
30419
2586
32304
9889
549
26295
18998
8780
27835
27036
4270
461
22696
1275
29647
2680
14927
18015
27066
6709
728
2505
26730
26138
20689
15396
18174
21763
25913
967
31177
24513
25140
12014
31534
1817
21233
8144
21569
10991
26376
1386
6018
25390
7989
26171
10420
21833
25587
24013
12089
28044
13140
10282
30449
13632
16190
1924
29218
12808
3162
27657
19887
27188
21232
21592
26003
6781
22939
20980
24816
6671
25246
11907
6563
21801
6745
28293
19976
16730
10675
3767
11030
21099
26585
227
5850
8391
16904
28235
27556
2268
4487
18689
14820
6059
10474
21326
29371
12208
20391
6757
4699
21009
29264
25497
21027
14041
27655
7763
4309
9865
29915
11001
25091
15307
28308
24872
13055
19578
1235
18901
6621
12144
19282
5510
11785
16064
29201
27882
11993
27396
13880
14474
58
26725
6002
11514
25498
3444
10309
19810
11812
13243
15322
25329
12832
8029
8155
30331
23545
1436
25169
7329
5821
6262
25336
21326
6778
12377
10906
11647
6476
8877
31423
9880
22251
14489
14604
31791
12715
19529
3767
1113
27122
9723
4867
27246
19896
27471
30683
18286
4076
16764
30824
31616
10077
31611
29157
16743
31911
22131
8410
21113
21878
31671
21524
274
21618
12757
4986
13023
11785
16514
32682
8340
30041
24969
17627
13478
23471
7597
2282
10555
18710
23344
3454
32722
26924
2877
10653
31686
11575
28299
29213
17553
27215
28596
24233
15789
14998
14802
18840
31670
2739
3763
27742
10167
8645
22578
27974
16924
6409
29315
14023
5936
24725
6370
19328
487
27686
15923
2120
14548
26473
12051
15168
21624
10942
1929
14655
14060
14108
19429
10793
20584
14022
25414
10701
21605
3034
18880
29844
23396
816
30654
30032
18532
1940
7835
25427
5468
10569
4637
21038
21059
12522
1636
17540
31573
23580
13264
609
17275
4886
9722
12373
27145
321
4928
6180
29188
13786
326
15329
27598
17598
7311
6537
26262
14837
10182
2834
11290
19575
10507
6724
26168
15720
8761
20592
27000
10562
19837
31161
13473
18631
315
11603
31854
16971
14431
27214
26725
16262
17835
19811
1640
9835
10198
15072
9891
2467
9572
31574
21108
4387
5764
2303
10881
23088
13237
27223
13885
32015
20728
4597
8060
171
23025
17264
10139
16116
29054
23083
28854
26874
21819
19671
23559
22160
23527
3240
8631
9755
8713
23062
10518
9836
14889
6214
11043
4303
13349
11489
4216
22326
27641
17321
3694
5533
8195
10691
19034
12236
12180
28732
28808
12941
16087
13368
18428
25583
16293
13029
14991
28130
30792
21638
9645
23104
9201
2084
26817
3235
6828
19429
21142
3111
121
5419
5710
24469
10493
1866
24280
16655
8057
13530
8657
10361
25662
6472
26857
30786
20792
7509
17482
9365
26610
31219
29512
15180
8388
28505
12598
13214
32430
31384
26238
24115
31873
4907
21611
20892
8003
1537
11791
8861
29153
3802
24314
31373
29400
19187
8668
16657
18751
28888
5322
17790
31974
7379
18365
9154
20616
15395
20423
3821
3077
664
6690
19475
5631
6781
22031
16755
18337
31819
29580
29642
24134
20448
25357
17631
15413
16421
24046
5756
4214
6910
16853
29340
15379
10592
19707
3412
32627
2383
11489
28364
22283
7755
19733
3537
22623
17012
26881
30511
677
28395
10857
23464
13587
9791
8551
23294
31470
27585
3190
23954
16829
18305
4826
9886
9782
24454
2940
17901
9697
516
22231
11169
24236
28171
17223
6527
10159
25980
13443
6312
24740
6416
31617
9146
18566
14836
12113
8132
3287
18201
14722
15205
30434
1374
5688
2686
22861
19127
6666
4178
1641
6168
19312
4493
20118
27628
16730
333
29939
13109
32378
9636
10727
11679
26969
21935
9149
28867
14715
23250
16188
14138
15440
17181
14636
28634
25603
5320
15467
13266
6973
22816
19573
22604
19055
26167
13720
10016
15550
27484
13578
17922
23107
4097
17431
161
21977
19680
11256
16281
26352
16805
5840
295
16714
18382
18967
9447
26101
24627
2313
18913
24448
11345
7029
2903
32390
10001
13033
30568
10679
8148
8395
29021
26235
31095
28593
12564
22661
28389
4834
10745
31582
28033
6577
27564
2640
20445
16797
24964
5959
6124
13963
27036
18145
4855
29715
8148
22356
20643
24957
23239
7288
9648
25008
14990
29765
14319
6294
30754
29115
4166
31850
4090
14852
7744
4014
14686
18918
2543
30397
16786
30658
26454
7699
11174
24220
18624
14185
2081
25669
20975
28663
26299
30706
18288
3221
28293
18921
2440
28086
28909
5462
29485
17612
10641
24502
10375
14915
14899
23973
19797
27607
2365
27553
5404
26091
5971
19418
896
24239
14397
24379
26250
31624
8073
31828
14574
7988
12634
17318
12037
2625
5902
14636
24124
12370
3680
20308
26790
28386
5178
14089
11199
19494
14862
29608
6496
20711
28209
19991
11547
30412
28674
3858
1184
1909
21300
5887
20903
30729
17242
6893
28473
11892
27740
31848
7830
22042
10992
20550
15257
8894
27559
16538
20483
29407
31099
154
13453
9623
20832
20775
25144
16529
27725
27989
32499
4997
30016
10108
26854
21451
7280
24429
3176
907
3835
4336
4335
251
24261
31929
23618
15320
15149
31309
10611
4797
27689
22020
29588
1477
3667
4012
15693
8877
32359
26011
14413
21034
19837
26707
8158
11629
7200
15617
25240
25171
22102
12298
3205
3449
20006
25102
7366
25273
189
2330
8569
30334
22640
14914
26356
19396
25174
29805
756
2460
11550
17295
31668
24846
16469
23307
2576
24186
12706
12377
151
24427
20163
10120
11554
32114
5031
29457
20976
2065
30807
4493
10578
11365
16694
23941
22916
31373
11608
3014
8357
7905
6001
28326
3848
32684
22277
8082
22757
20920
2299
3642
18716
9656
20712
2975
13639
1942
554
17648
8212
16184
27294
10918
13330
26649
9949
30529
18760
29702
18493
5217
25949
10802
17360
21677
20611
10308
13606
9483
28979
25441
15570
30943
22315
16153
21870
8122
13958
8117
31069
7503
10406
10999
953
14030
10024
17315
25355
27853
1466
775
8497
24647
5192
8932
24415
26107
24238
30940
17266
7291
32346
30949
2617
5987
23835
4419
27961
26228
17670
6243
14603
5034
16640
31423
3702
17558
1528
12554
21189
16764
14358
4467
18536
2027
10659
15813
19525
1794
18218
30846
2892
28726
30120
8578
24277
7830
14093
23464
25643
30359
21085
32154
17838
9874
22858
22810
16695
23879
11480
20921
12468
18824
28296
28357
14407
16864
25341
4152
23375
27994
8965
15972
7249
209
31872
17418
9641
463
30011
30291
32297
13299
24754
6440
30306
8855
4010
11924
5331
17549
24166
24250
12776
19109
7555
6883
7189
6267
30706
30659
4784
11656
17381
25194
24294
26691
5471
26458
2812
4885
3617
19179
4783
7435
25949
13235
6469
7941
21022
14147
7988
16032
1193
29035
5885
16379
15622
15353
9396
6667
1143
12948
8258
4777
902
31858
3812
3287
22937
27132
31926
29742
11861
28571
23589
32338
6881
3913
18199
8852
28265
17667
23674
28045
641
1720
591
8720
22341
9453
31062
30294
6718
14556
32021
8111
30561
30856
8287
30240
2822
5269
564
22751
20985
22727
9958
24294
30224
30784
8217
27631
1422
28399
31706
7712
5126
6561
18183
30880
580
31153
22138
10859
19987
11261
1372
22324
9766
9538
28393
22995
28777
21458
9976
47
29871
31081
25938
13219
9003
26721
10327
1351
11776
19007
1383
3632
4053
19848
22897
27206
20176
7014
19630
22193
19908
19258
15499
32402
959
18292
29724
25407
29533
3749
30908
15473
3370
6178
16377
6133
27594
30071
2229
11355
6097
6597
2003
507
18585
12351
31190
19667
7787
8623
4630
32088
31407
8304
28729
7289
20272
30986
7695
22081
26970
27574
14981
24446
4877
11887
10673
7641
24802
15483
14953
15954
20159
15381
4038
18371
24673
10001
23111
5006
16242
3684
17161
27405
2215
22614
28286
19798
17460
6302
13209
23777
27810
1258
11836
11244
18606
15496
8860
1610
17842
8890
9383
19155
8316
24569
25330
30427
6519
28522
31003
3447
23962
8666
1703
27704
11813
2437
10205
31944
24663
27919
20775
26415
19201
12793
15225
1967
11301
19893
21646
23014
5594
18265
13888
9413
15051
24258
30850
8984
5287
24178
10043
2047
6536
18626
15288
6730
21783
18562
17368
10756
9776
23236
2715
9070
12550
6166
27830
7299
20476
8956
25860
32446
32374
20798
20744
14896
21080
30759
21342
16593
8682
27545
19510
15301
31752
10967
9476
19375
3960
22576
30734
4844
5032
3291
17378
19320
6755
14681
28110
13691
829
10430
28718
13625
25263
78
30909
23262
1898
8697
24154
842
1037
2980
31454
24840
14605
798
7245
19965
11391
5792
11317
18894
13339
14347
30843
7217
6817
1997
27437
5048
3551
11478
24987
27057
6540
30016
12724
1943
9412
28727
19361
4691
11967
27205
5457
14110
26890
7414
32516
17925
16618
15065
21460
17314
13220
13552
31345
4847
8124
7987
27585
17753
12028
29767
16222
22824
6769
32143
12612
8117
26155
18121
29711
10605
22664
23978
799
7067
30647
13273
9926
1854
30723
18632
25320
10047
23415
21307
22281
6142
6122
3511
32128
10391
18981
22394
1511
24307
24126
485
4506
23437
1235
6928
7286
26502
9651
2897
5071
10938
8852
498
27105
14208
22085
23227
20055
17416
10028
26647
24018
1443
16964
30442
30253
8535
21347
4846
12246
7112
28706
23209
15986
24049
10727
13495
1080
9242
8568
12194
558
14799
32538
29486
17993
5164
29773
8667
28140
27245
28587
30678
22756
28317
2305
7026
1996
27639
25060
22426
8814
31716
32492
22298
12589
28537
16922
2870
23245
1501
14900
6732
17260
24026
23130
22656
138
24656
3178
11610
1521
31051
11913
25267
12412
13284
20962
23604
27542
2760
13516
30186
9609
6338
19017
29692
16047
27375
10275
1571
9110
26725
11795
6253
28266
20721
10393
7785
23050
25349
29796
1997
21049
21495
22992
18701
16570
32460
30326
19260
3255
13096
16951
23765
10693
22540
4082
21327
10185
16491
773
13143
22681
18981
31774
20159
12293
1827
17156
5575
32427
13665
30024
7962
5628
29015
21681
27100
31765
1220
17061
8166
6021
16902
14604
21971
13727
11934
281
21893
24191
14480
26499
4452
26362
1343
31396
8951
4787
8951
30234
3150
4778
21874
28710
32730
18047
18219
32693
13307
3729
14975
24274
9193
7278
18875
28471
6285
16824
18009
3593
13739
16335
29552
5052
4631
7096
17024
18899
26489
4635
10289
12922
27510
22243
26875
16810
18991
16876
193
10877
5095
4073
28339
17233
27432
12975
14649
7623
31897
2616
18485
8554
31692
726
19087
8528
30177
12016
26378
12573
18228
14169
12135
25609
20334
30221
31071
9509
16952
20990
7722
1033
16843
26878
1625
19971
12516
28154
21218
157
3989
22042
13545
4234
16957
6090
10043
26161
10870
24397
5350
22021
4245
19715
8854
75
21718
6731
30039
11278
28899
18845
15714
3626
2622
25718
10002
10594
4782
14371
3000
4776
5102
30812
5692
9398
3419
2640
2277
28313
21338
7625
1636
20056
23443
19397
31969
23168
17687
803
27356
22756
27412
31919
25085
17422
856
1363
3173
12256
10248
9225
8517
10712
18514
3438
25790
31252
7007
30013
901
997
30173
6101
1217
22703
3030
9398
8457
19665
24143
31645
4124
30326
28583
15282
4354
8171
20872
32677
5609
30495
26333
8818
16471
13327
4096
156
25042
6178
307
13274
13657
31031
5331
24885
12543
25729
8752
31659
1693
18976
11676
6528
32495
16226
1767
10553
16538
4411
15043
6660
11229
21276
27096
5238
31507
12854
13677
15979
919
1119
9454
25945
12859
13373
20581
28414
25770
11055
4033
10927
23782
11018
780
13517
27722
8456
10947
17434
12542
24144
9700
23750
7620
13752
15433
23955
10008
31115
27928
4744
11957
31899
10361
27003
27306
13779
28711
7450
27757
11448
28415
27731
21883
13014
2762
18314
9543
28883
31844
8883
487
6499
1840
2756
29713
15932
18066
10208
7825
11234
6560
19485
27921
27528
25204
7998
9073
24714
32078
21726
23969
22622
11236
22177
20924
27264
13292
27684
19359
5487
3709
8898
375
23483
5571
31094
26111
707
20454
30010
32722
18875
22790
16755
10411
2701
3040
12020
24269
22578
9721
14212
12792
16836
20428
13132
10913
6182
29201
1617
26135
5444
8021
19300
15463
32405
27855
26132
16943
29910
12134
22292
30120
16538
11610
9187
3895
1112
26943
6052
24418
32509
18143
20417
11962
31079
19570
21242
21786
30565
16661
2575
30402
14779
3192
17958
6631
3792
13435
13344
7556
16702
15357
29313
17594
25185
12048
23684
27857
25345
16760
30284
12062
18840
19243
11635
8342
3980
22538
5366
2916
4585
30307
24014
2889
24515
28984
12965
11966
8983
13631
6867
24452
11974
28680
4530
32209
3791
12822
24419
13063
4648
29529
7870
25302
28129
21267
20653
2600
24742
32673
10720
4596
3190
29339
24207
8735
3648
20272
22562
30074
4664
1658
17844
15068
8914
16175
17439
2534
28040
7449
30448
1307
9560
1935
28502
5132
20159
28157
1831
2205
3780
632
9564
27494
9957
19975
24824
2075
1498
17274
9332
26510
18735
22476
19357
30118
25974
17515
13088
22936
26371
2466
9955
24076
23700
29884
11316
21001
5285
32011
18133
16565
13588
11250
14684
21847
14603
2453
17820
1629
16992
12913
6096
28320
5309
8400
26461
16246
5235
10550
18819
10268
4911
13707
25678
6238
8613
2222
25530
27748
5306
25445
25622
791
1820
1856
23220
4996
25565
25093
8922
18199
24291
3318
10677
15192
24509
20000
17425
488
21990
17312
1275
21900
29878
14983
16275
7400
6298
26015
6325
17601
29041
21954
16275
27931
21862
12285
21505
3530
7608
30396
72
6400
17033
18952
11177
8661
2146
31807
6157
355
21112
8691
26763
17581
17033
15563
2717
5248
3637
30007
21280
13087
22812
5253
26688
30893
3385
8435
15529
7212
27710
27839
32207
19134
31690
6930
25515
20961
27521
20061
3603
19676
5186
24942
9532
29159
343
11830
32379
1095
28063
24566
927
1422
22892
3321
9006
14904
23947
13574
292
12072
5109
20468
9574
28169
4781
6851
31132
2599
3408
2099
16418
18996
2249
11137
17450
32136
20110
4790
23223
24760
4221
15236
2015
7096
7977
3529
7162
9006
23344
3847
20996
1351
3711
3166
28553
32436
28227
14175
27047
20152
18572
11360
9059
22855
11613
27087
8265
434
20924
24637
29818
24318
31859
6448
297
5146
6412
31191
25125
31179
22335
6495
26814
10644
19295
6587
26343
20000
9355
11840
23838
25572
24947
9344
14520
20633
24371
378
23491
28163
27873
17362
6342
1798
23285
659
15888
30300
22479
6684
6815
15519
25632
13276
14012
3494
15422
17119
29880
29906
23631
3711
11563
3048
20346
11712
16375
11999
23917
2110
19790
148
23941
3811
25060
9674
30426
20064
18609
7608
29932
29248
29627
9895
19089
16355
244
32681
9263
18845
5260
23986
30856
7025
21451
17221
5202
24686
17976
17023
22002
22636
19424
3613
25343
9820
14339
11188
28115
30777
6631
8746
24769
16433
234
26294
16601
4803
32063
25820
12059
1469
3347
22668
13624
26128
9471
21853
10017
19891
12775
28304
22388
4263
1050
21635
16504
25888
13619
12083
32373
32159
19660
26779
23223
12343
11372
9693
26974
2983
28524
23440
18941
31686
21770
16413
3040
22212
8718
3333
10123
24691
18839
28118
12535
6136
2420
13451
4055
9908
28387
24875
32120
13670
22137
3447
870
23172
24460
28956
1001
28457
5154
23809
32541
5831
9349
4322
28172
10999
30063
16308
8236
4996
520
20968
31654
3835
6594
14784
21565
12680
8033
1020
21946
19262
19459
14345
8740
12360
24052
18737
7652
25311
22206
15883
27790
28414
25728
28991
25720
28662
23163
8327
23201
13038
676
14928
6752
25898
15517
10557
24465
31918
68
5249
11311
8971
32299
13478
22105
28281
1320
15204
21843
13687
21751
11162
9155
26469
2745
25041
1838
17834
8366
1698
5941
29906
17847
28467
3748
4215
14648
9923
24915
17458
282
27020
17278
28546
9334
18147
11837
6165
3326
27864
21703
27222
10486
12913
5438
24985
1288
21262
30368
28031
19335
14534
15044
24809
1300
27321
28911
1913
26447
13846
29215
29885
6579
23168
23871
1115
26420
29880
32530
15748
14973
19013
20126
26534
24201
27860
6895
19696
9775
26669
29582
19606
30348
15143
1318
10017
15762
5565
22109
17935
13610
17195
15951
11726
16562
6117
25863
13617
2148
15171
4127
6460
2278
18711
9991
25293
8023
12979
18957
12051
5569
1417
23894
32338
13878
12678
19839
21786
14835
23273
6184
32025
6573
12479
15382
16908
5960
12341
19756
20574
16601
6064
15527
18150
11036
2615
32363
28108
6602
21405
11685
26116
21867
25796
19137
24467
13182
1404
16144
11660
9060
25135
31764
15509
12249
31117
13759
21781
10533
8004
8600
9519
18606
23956
23054
13105
11662
21239
26959
2327
2054
30976
25897
21418
18599
28102
1210
10828
11516
28313
25131
27641
18664
25430
2654
8062
13684
9331
18257
11665
4581
5264
25378
3303
170
16108
23921
10679
20184
21748
24449
3773
28133
13926
22494
12179
28114
30168
26577
16731
18104
29637
19778
23664
2282
23048
5853
27553
12116
11401
13878
11214
24971
32126
31208
27611
5531
16320
16084
5653
10848
8868
12160
933
17899
15926
15281
5639
26361
25579
1838
991
31275
27743
10470
30827
24428
6648
28254
16861
27930
30739
26474
29568
29171
11102
27406
6696
14313
29892
3251
456
4297
746
14482
9805
32108
10059
11735
29141
32371
6129
14583
29843
21551
24843
31181
30425
10815
19306
12767
28537
11246
3036
29761
8490
21406
21405
17611
11497
5347
31514
27775
7798
19873
7311
4273
12315
6524
24820
18013
21223
79
15203
13173
24211
12824
6670
10612
24389
16461
21708
30914
18557
27681
23256
11083
4152
2897
3422
890
26997
25356
25833
1733
4217
10807
1455
28817
9215
16926
6568
9767
15684
31919
10046
28338
25264
13624
4533
18042
3176
21332
15075
23490
1142
26783
32415
10647
24844
16905
27428
11358
7666
31387
12209
2061
22967
12350
8776
5259
28490
9685
27143
9111
17388
3723
1011
9012
32230
18468
13844
28956
29961
21263
22195
22047
25120
12904
3758
4068
3778
8803
14828
3458
5625
15068
24549
5065
11419
31006
2000
1731
17077
1364
25217
19555
7100
12041
1005
2092
30301
18112
25083
17879
18678
16129
4752
31624
10056
11016
6966
24697
26674
21525
28247
21738
12778
13265
4598
18322
2462
11782
18044
5991
14153
14189
14088
21367
29526
29410
13887
27496
8659
26738
26427
11737
14798
27175
26385
30625
20046
19139
6816
6345
27579
6651
7349
23314
30579
19909
3361
23746
27655
21006
7902
21753
25644
3002
15192
14780
21041
18440
26999
11106
24085
10413
16034
4190
10121
27709
407
583
8512
6496
20800
24641
14007
14967
25396
10093
3383
5924
12388
28775
3813
20841
18743
8195
6102
25456
21912
2861
4619
19224
20525
29999
6043
21062
20435
21255
31552
7703
24462
6846
16948
4279
13913
10627
31810
13268
31526
6421
21595
8854
21834
21990
678
30398
27532
104
17918
26978
8231
21905
30948
27374
30319
21209
25975
12930
18025
32324
22924
11690
18866
6608
14188
9455
27811
1762
17118
27799
25149
23222
21566
10510
25691
30028
17130
5755
19266
24796
2662
22882
17935
22163
29815
28216
18739
7492
32324
5256
22444
7244
28279
27282
16890
9616
11737
28092
22914
7621
7069
26258
17068
31515
7211
17641
5347
16673
4714
5776
21996
22945
3228
31036
7888
20565
16001
32252
404
11553
11170
21810
29337
4767
9900
11649
2975
23892
29262
22699
5703
16415
30019
23416
4711
26055
15602
17425
12860
1189
25441
11234
5509
29309
4412
16197
11078
21387
27254
31417
16271
4429
23529
24519
29209
4250
30212
7509
17902
5838
30411
5871
17242
29782
10085
28965
17083
18541
17162
16442
7522
13866
11147
22281
10871
13149
16296
5266
17186
5714
20338
26878
4163
13990
24454
21361
7365
10990
2048
17874
8814
28609
18438
20421
5240
16534
8654
19432
8212
12973
80
15447
21550
21095
26583
24852
32279
13194
26132
12261
26435
29576
25995
10122
6864
11855
6529
2997
11113
13811
29461
11175
3638
14821
5742
5978
23683
3409
5414
9277
4782
26440
23470
20110
17281
2488
18897
31787
14031
31693
8234
1328
12802
9773
16840
32023
5263
3325
1533
16416
28308
28367
18706
14283
4698
2414
3678
25527
27803
30354
13168
4165
4540
29542
19923
27431
6793
31451
23546
30844
4448
5316
16110
25966
4469
12317
15726
12614
224
11065
11168
812
17702
6195
18379
2504
24725
31229
5473
24274
15856
32170
1571
7684
27612
12580
3675
8501
28889
9286
19318
22640
24802
4036
9651
7004
25594
32241
5647
10174
22203
17000
21583
2812
9323
22407
718
14281
32087
3728
12832
1119
5477
23694
7405
14885
9396
6874
5100
17505
23511
20820
25367
12351
14286
27972
15877
10855
16281
25982
6384
7616
30213
28221
3883
26274
7952
7689
11243
31789
13829
17335
25804
29987
12512
11436
8207
9275
21452
29224
20311
18876
4258
21944
1379
22375
23029
18648
25272
23338
6679
29225
31491
30398
23856
5383
28592
16268
7799
6828
8393
13248
18700
6584
25215
25498
24304
14808
3238
22814
28456
3222
25948
2881
1255
5861
17131
27788
17914
16409
6928
10742
22379
22679
10248
7267
25316
22121
18339
4196
22424
24902
23701
20642
16082
26450
17315
13210
7854
27978
26982
18966
23844
25926
16267
28026
8892
8322
14650
19414
13278
16451
15777
24599
10945
23759
302
18987
20382
3153
27250
20656
9699
25195
2155
15858
25128
481
21499
22741
29663
24913
10804
30962
18022
6137
18871
102
8730
23817
22647
9967
11678
24326
26138
1244
15500
10842
30522
6888
1525
8374
29709
31771
5035
3060
20442
9215
13290
24990
4397
17522
13088
29977
28677
30687
25694
6305
4587
5024
605
10798
22542
23153
5739
12299
4270
19436
11743
29086
11151
21480
15796
23706
10316
20984
15015
16035
11887
30927
22312
3387
28635
232
12575
13859
19346
19000
24900
12934
22480
27348
15076
30682
15852
26383
29173
16796
12113
8167
5468
32387
3216
23932
12815
2761
18715
15373
18055
29035
4005
14834
3700
5233
20908
24804
8295
20612
20470
4711
4175
31587
17532
7668
10012
17409
24863
7629
31723
3723
15269
6851
11085
798
15029
27741
1848
12150
21738
26602
29384
5886
5554
1733
3647
5973
11632
31331
4361
769
22751
21920
6782
29757
3241
27485
4725
18982
3418
3603
10828
21688
10904
9183
31309
31546
7798
18889
30074
13126
26499
2609
10229
949
20695
14158
24411
24273
24873
29780
12652
536
13891
2917
8144
27292
8909
6718
7081
23754
3848
3342
17115
8000
32446
1830
14121
30833
26341
2482
13872
30562
6365
6951
21478
5817
28244
2670
21051
9085
1235
27087
24849
31048
18000
22857
12629
14595
17237
16124
20555
19711
12618
10853
24283
6214
8736
28881
29758
12350
24231
12134
32321
26948
14329
18676
31254
13086
25497
6247
5162
2217
1638
22294
16410
13620
8812
3727
31541
27791
22470
30850
24727
20268
28199
3499
21689
24625
16623
21592
25083
1110
20900
32762
9040
18659
18206
11894
3367
12970
792
22002
13435
21538
26436
3979
13271
4642
24958
19982
14173
30674
18676
27602
31170
27014
29237
27264
22698
30368
12485
19666
24999
5110
5306
8611
4678
29040
27440
28327
9006
30257
2609
1481
20508
7287
13210
16015
20794
32245
24335
7318
177
1369
16954
29244
6940
13986
27408
21934
4038
1048
29092
15258
26265
10658
27641
2768
6512
8142
5311
1399
14706
2115
22663
16756
22314
22847
6365
18034
13020
29902
21037
10129
3137
14416
22600
28033
11461
17641
21632
22245
2743
7786
8837
27629
1098
433
2101
15054
28177
26614
21740
23061
7243
30891
11406
28435
20386
11684
30832
22795
28146
5747
10174
18447
23198
22709
14178
28142
27471
8597
17283
11284
29244
18810
20103
23910
11641
881
7695
25316
8550
13185
25407
18709
12345
31673
13881
25460
29874
20590
18007
11691
10779
9491
8923
31625
31704
30578
15869
23174
31395
31273
20343
16789
24972
12364
10145
6626
13424
6914
29665
27779
16798
6732
28910
31885
32611
13576
7529
26825
11606
25692
23085
22525
14531
17910
15928
27776
25977
4555
1480
17584
8695
15330
993
10721
5507
10031
30429
15205
7346
24088
18431
11865
9098
27963
148
18859
12563
20967
18871
24985
25442
8882
4027
12164
20644
26431
14354
16955
27661
6266
16313
23947
21568
24545
5842
10496
7714
30844
27309
15448
9365
7245
9006
15595
2967
3190
19469
8287
21046
20302
5025
21473
6058
14678
4319
25141
14655
11351
12554
22844
10027
7505
19013
31672
16457
21845
23773
29359
23324
13408
2019
14062
2837
30143
17840
15890
23299
8594
6083
3256
6641
7760
22697
23668
14124
27004
24311
28184
18860
25479
24517
15779
30969
11150
13431
30990
18442
7998
1551
16079
8881
28416
15520
32579
32507
30677
30347
8144
26007
28549
21835
28672
14121
16392
7595
1508
30347
12667
12703
11448
17071
1487
28543
10000
30384
18573
6503
22352
13191
8808
22864
8166
12659
19529
25952
21608
20611
3518
2382
28195
13430
15765
8880
715
30110
20176
18596
16227
6305
14935
416
19984
20666
31967
14967
17024
1502
10057
21738
30808
5378
24252
16114
3887
13867
6080
11121
8470
10305
27680
5253
15236
4000
31903
28434
14166
16384
22809
31068
31887
13512
7371
28692
27146
28791
18300
31052
7601
3587
24482
13105
5588
30266
815
16030
12820
14860
23100
2116
21219
20272
23474
26649
10921
11019
7724
12734
21361
7876
29543
19505
12384
1008
22132
5082
26811
8109
2580
27742
15289
17599
17727
26581
26899
4151
8068
4895
7019
8385
7696
11210
21592
16472
28894
17323
7401
1795
11770
3472
13932
31560
9030
31035
2630
8242
31330
26621
8143
13182
10785
31727
24802
12710
7572
23262
16779
9487
3326
14378
21704
5437
18363
7021
24095
42
7998
25335
18413
14227
18934
25366
3978
3020
534
26077
12760
15785
14378
32417
8697
21817
10643
12605
3998
22368
14415
28237
2956
2408
23177
16644
27770
413
20459
27415
29726
26877
1906
55
31342
22566
31946
21202
8148
28542
22738
13431
23001
11743
9958
26703
7272
3900
1868
6965
19943
2290
1745
16960
1000
7446
6315
18361
16379
11784
24054
20926
2378
14825
6004
22259
29286
21448
27488
28861
24875
20228
26733
26951
2863
32347
9957
7606
28242
9343
23059
31443
20290
28430
14362
27106
30284
19325
6563
27368
3085
7857
23200
12352
25205
16944
12882
12741
30154
26920
16656
13611
9648
31484
7345
5561
13800
1681
31694
16518
26917
9730
3826
13808
32292
10518
2522
7746
755
29887
6309
11983
12385
20090
5449
19305
6274
29025
16235
21888
15580
8571
11629
2953
32489
10806
32130
2100
11890
14410
31705
8203
507
21264
20219
13697
8754
15194
5003
27043
15103
29799
4090
27505
23032
10780
10045
28109
32168
25578
16988
9155
23930
14330
8910
21746
17448
26848
13088
26051
30013
1153
4338
2953
6433
25458
29463
32197
18362
8663
8260
9644
12456
19880
20749
10137
19054
243
16559
25189
31129
16128
13757
12578
21261
7062
383
3323
12063
19485
30575
26332
30870
7232
24317
4812
15893
11096
29220
23447
1612
10547
5717
26011
15242
13010
31732
3976
14409
32530
13945
26725
16236
17243
32479
5071
25293
20849
29311
12121
23960
9968
28041
12988
9513
9287
22744
29921
18594
25015
2854
29453
52
13112
527
10370
18908
30567
21855
5068
14385
24578
13741
25575
11561
18972
25985
12169
27357
19250
23706
20059
31435
18623
21862
1779
18073
25913
11016
14691
4952
32331
31646
2452
13031
17923
17255
20353
31807
3263
15924
25985
16238
10663
9051
28235
31299
32715
12975
20634
29591
15967
11748
4567
28140
1091
31958
28311
14345
15970
1154
23095
17787
4993
1907
21109
20820
2460
30086
23263
15879
538
19250
25237
18305
23186
17248
14416
20943
6944
17795
22277
12935
22000
22312
25418
9390
956
6887
22484
11472
1149
6061
21341
30355
803
1323
18364
23286
10684
16078
6901
15092
4817
17844
5091
14447
26204
22520
24189
749
7813
32732
2644
9697
9645
18767
9073
29764
19249
8220
1952
23087
16038
26378
8696
32102
18059
20431
1851
3052
3776
9294
11016
24453
3319
10486
6079
20134
27272
16744
11168
8357
30689
2307
30357
10767
22529
7889
22194
2333
12664
26990
16641
184
6902
2758
1594
3914
24792
29468
18992
27994
7623
8872
1025
12024
5884
13183
17988
20519
9531
5630
4576
10480
28975
8302
7203
27381
553
13936
4418
7026
6436
14328
1158
18782
15200
24479
1375
13841
8157
25507
26427
24857
29135
5951
5253
2578
11123
20030
22790
15033
6439
25304
31554
17231
18005
21368
11865
20458
4529
10187
8239
20567
19202
17371
2748
16614
21641
12825
2045
4663
30955
23101
10832
31992
19673
16578
9598
28671
28759
8697
19672
30046
19280
10916
1972
11549
27973
22681
31359
12095
12315
4625
4831
25531
17033
23764
28846
16314
9547
15080
5822
5912
22404
24870
30878
4896
25583
27124
8623
14507
9328
695
12527
18831
17764
30112
13606
8815
26989
28511
26430
24524
5606
20810
20792
1419
27555
20620
27759
15070
114
743
3782
14414
24861
1014
28291
7075
17958
24769
20830
6332
17308
12591
22685
23653
21214
32383
1749
18221
23237
29706
18831
10726
10118
272
174
4583
24361
27927
27372
12939
13164
16796
14534
2284
22046
31691
8114
21212
29306
27729
8862
28595
4258
6683
9362
30892
15106
19666
17617
19704
29422
9136
24349
32747
10569
15053
29114
20258
29216
11012
2203
32214
6796
29872
29002
11983
18380
28398
21023
13361
12231
6682
20095
5716
32517
17147
31169
32217
25056
29679
2652
30310
26711
7542
30549
10725
5338
20518
11423
19511
12062
13460
6366
6726
3365
19984
1885
31145
8023
3800
11694
10738
145
27920
30131
28093
10444
25885
881
21684
14809
29393
7515
4025
5850
352
19526
31461
27599
30277
1450
843
21651
20011
20395
30559
19238
22762
20035
32088
74
16688
18764
19368
29767
24199
18821
26967
12307
7149
23634
21751
19733
3807
26526
21938
804
14370
1335
18380
17985
1986
26471
21454
29407
2100
31478
1709
4066
28971
11546
13568
7798
12005
22779
5013
25124
5232
10024
2252
4327
31200
2785
27130
2011
16981
840
26405
29498
16918
27503
31038
20847
4929
20743
9084
24775
7622
21038
31602
13027
22248
10742
1056
16639
20741
26279
27803
17688
785
4035
20606
354
32095
2399
5476
1229
5295
19998
31516
15197
2864
32142
31758
17666
23205
6500
25146
2392
1879
19666
2652
7936
3186
18452
8152
2370
22596
31305
31189
5259
13678
27724
1707
7969
4241
13244
27669
28603
22859
27371
4181
18934
11653
16373
6657
19066
4331
7209
13574
11710
10427
9575
27048
10971
6198
21837
23855
11136
17626
25782
27803
15844
23896
23344
4129
24444
30252
11388
18624
18785
30562
32372
19307
7620
5753
12857
28251
7018
14902
14479
26636
30230
12561
7859
26302
24793
16793
32185
13208
3463
13107
23373
29587
14018
29892
26626
3052
13447
8567
32522
23421
13925
12607
657
23564
361
32131
19854
18230
22692
54
17695
7125
20626
31012
6893
10153
17085
14164
3002
5409
16104
9592
18082
21235
23096
10176
16858
20500
5215
13763
20265
2116
21019
26938
6561
10066
5957
31818
18895
15942
29378
26851
29232
11295
1021
29178
15324
3827
16789
21453
24862
26775
28073
957
1006
29503
8133
18236
2058
30506
7097
30231
9249
1260
5451
5389
9731
8950
21195
27400
7654
367
478
7116
19207
13067
12583
25162
18169
7786
6859
28948
20365
23227
26020
8760
20577
7241
27406
14749
2188
25306
25855
19433
13013
16231
1763
17834
25762
7617
28360
26117
30873
21144
11779
2678
23587
31974
11987
3053
10775
4358
6316
24232
19673
13255
24748
12035
19597
32188
18115
19336
3749
9717
22003
20831
21338
4475
11180
2444
10376
22794
2543
23031
16630
21502
30203
30148
27091
5048
3070
27262
25740
13931
17834
4592
21915
9157
31414
9805
19709
11613
18301
6217
23648
31913
15249
10998
13636
16255
25343
24129
4382
10983
30808
29286
32015
4070
10917
15114
19762
10284
19380
13534
12298
22207
246
27451
3101
29727
3882
24540
9360
23527
17581
15805
16972
32640
25015
9642
15821
9404
26377
7553
10001
19778
11106
2820
18670
25349
13031
6204
12523
26672
4530
18267
9309
19501
17503
7976
19548
17292
22067
28198
10466
27688
12408
12062
2654
20108
9550
25641
18871
30147
6440
22318
16945
9427
7703
24336
30366
29411
16602
12611
29999
8798
18690
30317
18444
7580
24203
11717
5094
15570
12155
11461
5005
11778
4514
28204
16051
31813
24520
15354
22948
6264
25289
20040
8630
20989
6673
30378
18039
4484
13584
27596
4886
20198
11615
26547
30004
14659
22833
4240
28408
26590
20206
14669
16751
18307
11194
27913
26434
27060
1334
9785
14068
9380
21221
25090
32448
9510
24669
12755
27683
31932
11387
3482
942
19658
15044
12835
28589
24260
28534
22292
16695
9093
6014
31695
15593
26571
13819
11609
31601
22321
8904
30132
30661
29760
31670
14529
28132
27147
11888
28739
3969
4338
9942
16450
13039
1136
31674
10873
16435
17294
11371
3029
8111
3526
16847
19252
9274
25653
3658
11831
10433
15012
28400
2722
11050
30424
29287
26652
3033
27222
29730
28150
27845
2814
15096
2064
20906
4996
13595
13509
15658
19083
23736
16566
1184
10608
19719
25181
22078
12092
15746
23011
1278
28592
3828
1383
20893
20815
9797
6733
17207
24178
15595
28927
21892
32027
25609
23449
16
3903
15051
3134
16042
15184
30476
17638
31077
6508
13737
19316
22748
23249
5588
31464
31501
4235
1598
24208
3983
16286
1740
24920
9483
12361
23569
4349
32311
18492
10788
11540
28085
26860
18672
32107
12347
23729
24505
6849
22215
12610
5114
2311
24790
12540
25251
3603
22337
4183
5490
20272
28153
4965
25028
2365
4702
7352
26485
1413
5542
4438
821
25588
31395
17056
19462
31277
10554
26762
7699
27117
13717
2812
14067
4211
30366
3349
27337
17495
24753
13173
19904
7082
23503
8295
4751
25950
7277
7517
5924
18386
20508
7105
11190
6835
25944
16357
5482
30206
15096
5212
17754
4861
27104
2093
15709
16887
5783
2764
29139
19392
17951
19927
7673
11101
15125
17791
5686
30482
16513
26246
6379
5749
4219
20205
4554
29788
29328
22443
11427
21860
17841
22738
1303
10345
23522
3834
23927
16517
19183
25642
3337
13622
19661
22117
15261
32025
21557
23223
8552
14030
7788
2075
20911
16108
1476
10543
7937
1478
24240
18261
32717
2915
8560
23016
32372
29846
19892
28901
20476
27123
29083
27153
30405
7141
11008
31956
22870
32326
10673
13392
32025
32037
1397
12961
31028
2954
8433
1394
4741
18660
1172
17263
20993
32047
31560
9614
22840
20348
23343
18594
16037
23010
7772
23101
9317
31104
3830
27209
7536
20861
29791
1133
7604
26380
23860
15590
15926
11704
11816
5914
30324
18180
6087
28285
6453
31879
992
23533
1073
16659
25860
3581
23160
11614
30040
27179
15303
7091
1061
14393
14082
14014
1997
13309
20396
31962
14405
19439
29553
11879
24242
3194
16702
9713
6143
14013
7240
3354
32444
28338
558
2897
23474
27045
6828
12461
5586
24869
8853
26643
28427
18722
28022
11591
11483
26518
18141
1102
17643
8786
23941
11735
15225
3132
7191
17480
1286
7840
4858
29836
13104
2351
12047
17714
9359
25904
32260
27122
11561
31743
9287
1198
19822
10308
3708
2237
1053
1295
5072
12502
13607
5482
160
17568
28805
28971
1991
26850
27055
21116
8101
20408
21061
20332
32106
24236
26154
11630
18732
2016
19410
30228
8058
2046
17990
25420
9642
3554
143
23140
9006
31440
14077
8127
27942
10350
19523
23165
24765
13884
10437
13769
28047
31426
22422
6061
25460
18018
10550
21720
26100
28467
18860
6394
1726
27872
32022
3751
1946
16239
24079
8700
18433
28489
2613
1639
320
23206
22573
6801
15583
10643
16295
31753
23505
11369
12965
3420
17108
15265
23158
24443
15419
11857
13265
9625
12849
22927
5030
204
19463
5805
13878
11727
6768
7731
5696
5730
32017
7977
15498
18212
5460
8255
27464
11897
25173
15036
8891
25418
2074
26911
24523
21326
32192
16058
14993
29933
8237
14470
20069
6577
6364
4774
17848
6923
11519
25402
28786
28218
12359
16331
2420
21576
22955
12946
11663
2834
29866
1494
13189
24709
29858
19047
28270
16423
13163
5401
1378
5931
22698
27800
22440
32295
30973
29607
22133
366
24453
10926
16520
11419
22757
23186
24597
22493
31668
1914
28048
22342
7626
25002
16272
27170
17970
4786
31980
28891
205
2760
21391
21761
20888
12930
2914
2324
7392
29061
21374
28782
1112
7477
22419
27511
565
32339
30253
4242
28720
2301
1486
17169
28462
16041
26448
28308
17298
20921
28363
8074
9453
3930
20815
15506
15603
398
3026
12154
7349
4946
2602
29521
6161
8174
23761
25601
30222
9264
1569
17484
13264
30745
29539
24353
7871
3759
12101
19739
24137
31850
31933
27435
9246
6756
6019
11183
3233
16383
22524
8769
4281
12273
6248
12965
26149
24144
30761
31428
25869
18101
19950
30540
19875
8964
25450
26215
12102
7813
27385
2015
14120
3938
21555
6547
11418
14998
28927
31993
28076
1702
7488
21670
21356
27862
12743
23727
4756
7351
16891
1663
29044
21761
19561
32261
29258
5940
27037
2488
25774
2703
2642
24577
1224
23504
31126
19413
24734
28264
10617
26085
27396
22113
6388
18245
11122
1428
21985
13797
8944
19530
26546
5027
7060
30821
31887
4985
30919
2560
6965
11493
25792
10914
4001
18150
15047
19918
11772
9093
21206
2865
16311
3229
12011
22062
2743
981
4244
30440
3888
26460
8408
16759
25130
8926
8734
17799
1568
9711
26171
17356
19418
16948
12768
25942
4346
16466
27689
13509
20783
21167
7749
31249
3516
30209
31222
3661
17353
6433
2773
17421
24741
9902
8801
761
19136
21974
3578
11555
24553
29089
15475
15744
26401
20662
20923
9252
30962
4494
772
15097
14581
16124
29450
25195
16980
30020
21576
15306
814
16553
4801
17735
8330
13773
28276
4574
24541
24962
4615
8019
18253
23175
8157
4699
20910
28030
21916
9847
32098
18806
27167
17707
6674
28089
18261
5165
28226
24000
25749
32754
22365
509
10635
28632
21161
14613
29653
22360
26752
12892
10377
22488
11185
12495
513
29910
1678
19599
27362
20
6003
10393
8620
26819
1034
21746
22286
11791
13246
9495
11507
9848
8092
11817
24417
28506
24946
26807
20752
23236
11282
14767
5845
4231
6285
27382
30642
30590
9906
22057
16481
7770
30670
12896
23675
10886
8879
21466
24136
29486
30902
10344
1124
11187
2222
14771
24432
12095
13777
7257
24437
2846
8504
26595
21309
9154
21911
23717
4621
27114
11367
10999
20550
24405
10428
23661
31529
7464
19965
4804
1262
24970
21434
22983
17856
22586
12786
9792
318
27055
15028
21635
14069
6871
25944
31634
25688
31126
15353
7984
6332
9934
25444
19268
26371
19969
2069
27645
5376
9559
22447
3621
25291
9139
19315
21783
1523
27151
21109
426
27658
25843
22791
27916
4125
16538
18593
17895
26707
19988
2475
23314
30681
11763
31440
27854
30189
22817
11937
11895
30504
31220
9166
27840
2975
27732
5849
18998
19108
8413
17517
23871
9568
16169
2327
26281
20681
22895
12879
26352
13617
8103
16662
3401
5842
