2000
4012
28153
12740
25695
27171
12776
19005
3350
17669
17994
32293
7383
29075
3578
4530
16717
9932
15358
24966
24528
29261
27238
22308
31889
20871
24148
5611
7553
1043
7690
27333
27707
5024
31574
20414
643
2148
3646
11428
25921
12099
2401
13376
29242
15653
13699
8936
10218
775
1791
3120
4675
5249
2668
29148
19322
20505
5071
28588
7014
9226
17144
17140
7781
26666
18743
22283
12587
16551
11366
5321
2173
9359
13740
28455
1706
31345
13074
23530
8653
7152
18053
7144
31789
32396
9923
29666
25538
1000
12399
9021
5545
28275
28045
24642
5949
32238
26871
32657
6925
26427
21880
27795
32762
3884
7637
3826
20547
31723
7333
31860
18213
32120
26641
6400
26613
22256
11525
2268
4303
24916
9111
6722
1309
15220
9101
5837
23440
14657
14635
27118
25741
5616
28593
3830
17149
27146
6227
6244
12931
10567
9292
10148
12766
12955
15527
14409
6017
2126
1553
23380
13852
32070
15817
7667
7318
28485
5455
17069
6658
3889
989
32725
15257
13620
5010
31092
16893
10287
26041
28245
23049
1821
5205
17895
23170
24701
12169
30534
30177
29458
16139
7354
1935
20316
5964
3608
5904
5764
11258
31102
11704
16778
7447
7590
16510
10536
16805
430
21467
27464
27208
27811
8195
2323
3416
28564
2337
11766
16970
6314
14764
3826
25903
1528
18784
24829
11577
11851
11428
21098
12592
6113
19081
16342
13124
26612
12466
13833
15828
29019
1310
414
21396
7054
1266
21031
3736
23066
14905
23496
2611
10361
5302
587
6077
15001
12270
13718
18850
22949
16295
8526
4753
28493
6699
21728
28738
6496
16281
20237
18425
224
12016
12513
12012
27156
3533
23383
27360
7449
6394
14820
6748
22778
25598
31493
3869
19589
5180
9304
27555
28142
3010
24599
25065
32434
3711
27525
16702
21058
25832
25773
19413
22221
11644
27006
9738
14508
15134
19915
5197
4276
27872
4374
3441
3269
20097
18769
2355
3871
3016
13940
27616
21045
9317
31620
166
10619
24766
32054
16662
26555
32571
7259
25043
9849
26050
18323
188
28960
14086
6215
1960
9208
14610
24913
17399
17911
5544
41
8197
28127
32045
1613
28259
18881
31626
147
12826
31206
30673
31680
9893
11344
1902
10560
28931
10351
28129
19422
29351
17935
19441
4395
21736
17500
16909
12226
26344
11653
29560
29219
12547
11796
31179
8844
22665
8240
2183
26688
21376
7421
11056
20782
27304
12316
1558
23202
17880
32606
23918
21522
4289
14996
26297
12893
32024
23717
12466
30073
7877
29113
26940
27256
10381
26257
6181
19103
17524
20403
20601
9650
26538
17061
19419
10399
6475
15911
10718
13207
8296
26980
21364
573
8240
26587
7340
20738
6961
20834
21034
14236
3512
25229
18978
30273
29595
5066
24986
26307
14779
326
28377
13994
17100
5498
24134
8763
21340
27754
23776
828
22641
32235
18847
29051
18967
28973
29112
740
21780
3116
15580
5346
31382
19680
6876
17674
18151
31929
18949
30836
30214
22428
1396
12190
12922
29420
27654
14803
13026
11667
10026
21509
30157
21317
18040
7954
15742
13699
21616
2743
14618
2693
8775
6473
3398
9044
24535
17729
25762
6786
24002
29477
10446
11278
30173
1126
5024
2617
519
15073
25508
10686
1697
11476
17923
26627
1939
24234
27332
9326
26598
909
1746
596
23521
25504
8500
6599
5107
29849
23533
31098
29147
19752
10980
22661
19275
27087
4855
5030
6962
13206
7906
31522
24378
2030
25167
765
17579
3860
6489
18829
1019
31778
20411
30845
6668
6758
13299
10798
27075
29132
19243
14048
5318
8131
15904
32419
28354
764
26071
15761
27226
23895
1060
16383
15723
15696
13205
31656
2543
24559
4056
32564
20136
4665
27879
19664
21421
20596
15970
13304
15094
13899
31934
32227
31079
24490
23674
20103
26041
9149
6344
13762
3016
6391
12585
14466
26136
29474
8268
28959
25625
7574
7171
25881
18983
21505
7550
28761
19739
16647
20146
26938
5086
28137
26177
11071
32374
23065
1784
9997
19119
31778
10020
2850
29288
243
10834
16169
32124
6112
18036
17031
24165
8872
7975
14433
11369
15497
16998
22672
26894
22686
31986
11185
7928
24898
29910
27049
9036
10926
24961
21925
6818
3453
15672
30684
9194
3842
6411
2021
4843
6770
21548
15616
6759
4223
4253
16072
343
434
28307
15754
23303
8804
13768
5268
27227
22391
7243
31016
19936
28751
31383
894
11167
4499
23991
27260
22977
30999
6721
31679
3166
16627
28065
849
314
15278
30649
10902
28382
7115
22327
14793
4876
2371
14086
3189
20755
26564
13075
16237
2564
9650
12086
5774
21384
13766
1820
32551
20343
24259
4209
8370
17585
7736
29553
18989
5395
23875
4108
20216
26904
24244
15867
30065
15520
14245
32039
464
23472
14475
7732
17385
2845
13522
26773
28666
6057
15071
29998
984
30421
9226
19679
4910
30870
10986
30397
27157
12085
30697
30967
5972
12659
10135
21190
5548
26039
20745
13740
6226
9213
29998
1598
13469
32209
4338
8998
7018
7242
4981
2895
11733
32477
7282
24688
9238
3097
15308
2416
31531
21852
15504
27658
21321
25410
24782
17409
20347
3957
15577
18178
686
26383
18673
28759
21320
13496
18723
24069
21139
7781
11694
3123
24334
9416
8712
4860
21569
4239
2456
6927
31300
4729
16108
19239
26541
14373
1946
28884
1826
7372
4309
32536
1975
18723
18390
30071
7868
1930
8614
855
25811
6816
2812
20658
21511
30164
7426
31679
13552
4857
26178
32555
23152
27868
18201
14248
25119
16907
24344
20451
20980
1329
22778
23390
9633
23153
20149
5757
16441
24630
30684
16195
11982
26680
16833
11273
17683
19224
21652
2525
6196
14369
30045
32200
5513
20470
21825
4174
15883
24839
14685
14464
4228
21800
7062
15908
1537
32237
8085
29771
13898
30599
23702
30271
7102
26258
25425
26666
14191
9086
32402
3679
3312
4658
27224
10204
4711
30013
25012
544
4583
7578
65
21757
15491
25945
561
16044
15525
23894
6905
26365
19657
14391
3499
16197
14068
18838
5808
27215
13862
16448
9
17700
20113
10773
17914
20467
19696
1746
25858
13033
11058
20081
29145
22730
29135
28810
20984
31766
26051
24696
29997
11026
25621
8574
17950
4221
21925
8303
2835
21130
31135
25669
27385
21914
29141
19239
1412
1341
23491
26289
20834
28021
8433
18251
8307
15265
10718
21277
18047
7344
20973
26034
3410
32370
11661
9604
16645
22514
13019
31522
1268
10521
25775
13118
27039
4081
26839
3224
14429
17296
32325
26972
10842
3638
20914
25254
22417
29130
25634
7990
28168
5130
23457
7795
26371
7227
14767
6660
8631
17267
28869
10712
21185
15967
31372
5057
21390
16257
25192
24520
18693
20387
23127
26283
22696
16518
10814
24437
6183
10206
26531
28109
32355
24464
25812
24315
19663
24169
25600
32127
29934
29892
22106
7332
11558
7744
19259
21486
31976
19961
4842
7578
26238
4234
24772
7200
11772
11749
20914
7054
16086
5168
27571
2150
9747
29049
24389
2472
28716
2492
11951
8199
5256
25234
30193
31069
30327
1848
26483
12752
14983
17985
13144
1927
19365
9991
26721
19723
27413
23381
24347
26038
17667
27672
454
11242
28298
32329
23135
540
22659
32373
29460
5143
13204
30417
24388
23048
27238
15904
15712
511
2072
19665
29758
29210
3071
9947
2676
5317
27205
25688
29916
1326
28814
1654
25731
1542
10021
6445
14381
7299
15621
13904
31084
19750
25909
4313
9831
31141
12135
18426
18675
8097
22321
23062
30905
23385
32282
11819
16868
28426
11999
16174
19323
7059
2643
8981
11727
17460
3446
11943
10596
29260
30909
27766
9879
22538
32624
19180
347
12253
5981
8585
31386
12858
9673
9903
26638
17646
17780
2270
25520
9832
27395
4750
7809
9550
20780
31536
8657
27730
30419
3513
7426
30661
18523
20705
1418
7014
19167
19521
11326
2962
2987
10135
11249
4133
12937
3234
2326
4755
14525
4373
13838
10199
5630
31138
2191
27386
2782
30621
28280
20944
3854
26245
23051
18042
7750
1693
29845
30125
12799
16741
24625
32737
6155
32755
31765
750
15778
22259
32582
10579
1581
14646
29155
27803
16374
19491
3709
25981
1153
15259
19890
28124
26231
12286
26249
1181
30570
9828
26267
21376
953
22432
30909
28930
911
28024
23671
6876
2062
27506
13083
6349
4092
7109
2044
17111
3642
23891
1243
7057
17893
24409
21012
2337
3999
21448
18066
2294
6569
31835
3881
1670
8907
12613
14317
14412
19106
28384
14527
22742
22366
21091
24876
22399
21952
14919
7079
16699
1504
4893
28768
13457
16967
7206
1545
13472
25360
26280
19046
19452
15214
10123
19424
15440
18338
23213
32490
21664
31847
30565
2048
28513
9287
235
16880
18958
16895
6440
30721
30734
17065
6469
28128
7487
15484
9504
21275
11087
13410
687
14521
26811
17960
7359
13355
9748
13643
26921
23691
29586
15598
9233
17832
23625
24190
16958
21147
18050
29568
4801
31820
24683
29676
19737
28044
14014
17951
9222
940
7423
11239
7383
23398
8473
9597
1486
26701
20033
30539
27162
32616
22059
26716
5079
7574
29032
9403
28607
5973
11752
20537
12287
22707
19134
20202
4899
24777
30568
30055
13911
4579
2887
9257
2269
19145
14988
16453
28689
32706
22047
25821
22673
31891
24543
1299
20836
16234
27562
32586
2522
15510
7284
26097
26052
1751
10331
21415
18388
15384
17246
14215
15628
966
18685
25210
28676
13472
17925
7951
18846
13148
5118
13069
5330
3398
7269
27667
4465
25756
14701
22183
3570
1490
17023
18721
9212
8158
16059
7043
25408
457
15601
23925
2380
31284
21487
2543
32110
824
10851
14279
29932
25210
2869
10745
28709
7797
251
13550
16412
24251
4689
3480
23693
445
8135
2666
20931
21179
20995
6016
14523
18728
12245
7557
28325
30163
5996
22502
21201
11060
32054
15260
5490
12289
27770
10666
13010
24439
12674
5417
508
950
13649
25095
159
19374
24254
24820
31631
11563
30267
604
5430
17
7441
7878
19406
25946
15484
12024
11636
3745
22153
26553
26814
51
27558
31493
3767
19157
1600
15186
23066
26939
25754
28537
15978
32744
27235
7043
3409
20913
23934
25937
5690
5091
15897
14201
4914
19306
28814
27485
18468
22151
22838
19543
18644
23278
24032
7010
24992
23254
29699
15784
21415
18616
17461
29062
25827
21260
11910
7106
21285
26671
11843
30236
23162
18756
980
1150
3075
5148
5860
637
25164
20495
32453
560
13444
13007
23072
23831
31684
1455
14280
29699
1169
18748
7060
11094
7238
27508
22387
19558
17790
11310
29165
26175
12200
20875
18399
18375
29378
25251
13935
21704
24578
16724
23347
29499
29318
31243
26096
11972
7566
30916
1293
27172
24597
1503
15479
31702
24252
31825
4533
14323
17943
13654
14578
14283
19203
11381
20116
26394
17930
29572
32440
26197
6639
10839
10219
25799
22890
20695
18318
14075
5989
29390
22303
1233
21494
25282
29995
21704
10633
25873
23232
7763
25735
10349
27908
31107
21343
9729
19745
31642
7125
5992
11562
28004
22409
10543
5223
29540
29761
16837
13872
8383
4667
8414
18208
23158
13135
15924
9341
29436
22863
2151
21747
20094
27258
16421
24551
29628
22711
7332
28027
1520
19691
21597
10664
1075
6787
21203
31069
6106
485
20476
15379
24431
20434
28234
11904
6254
29248
23791
11088
16816
3534
18226
13975
20441
20236
22794
19019
6607
23888
30488
31308
6579
1256
14278
22223
25685
32416
25032
16964
31425
32121
32762
10332
14497
18888
17489
10075
16298
22059
14291
13279
24159
6271
22326
10167
6416
24832
30341
20882
5615
18197
5186
19196
9005
13705
10357
22884
2381
7801
2617
19181
14109
7942
6063
10746
18507
31033
7542
6315
5986
28440
20773
4721
27301
27805
6399
22474
1155
13017
10347
25953
23766
9227
3431
24984
7195
17132
4943
26003
19928
12408
31196
7355
17885
4761
20513
31382
2490
28835
15972
6852
22826
14832
26102
902
27805
32764
21679
21085
6997
973
28263
29866
12224
9186
17253
24067
22650
4629
25965
24022
15965
19667
14469
20029
26523
28323
1832
6157
873
11291
3054
10501
13481
2011
22946
28261
18098
27863
17459
3719
14780
27167
9429
13946
28847
21294
7280
4265
18530
26691
16225
15249
23349
28870
20829
12199
11536
27360
1408
15991
11792
29382
23023
3743
28916
21660
28401
6603
9508
20195
3669
25263
20621
10028
20045
5032
11199
20959
4033
32296
5191
21942
26214
13746
24829
25043
27981
32693
15472
26879
23755
30230
32601
27363
11706
253
14295
12001
10056
24444
28953
21050
17058
29832
25677
17442
6592
23006
2971
21825
16184
17755
28113
11949
14009
20147
