17000
28023
31253
18305
27562
3555
23820
13294
20116
10197
15204
15082
30756
21078
30233
14766
15988
3675
20840
8191
5408
831
31734
15533
6413
121
2365
6345
2646
27262
19408
21232
7989
24558
19662
32657
9809
24510
22851
32653
24730
24463
11712
15424
20893
26353
25940
14227
27140
24539
5742
9034
23731
21300
20285
27246
15641
23823
25945
21691
2503
17345
13726
2840
19394
24336
13535
2233
1456
2403
6450
17106
9547
12802
24771
13140
30251
20511
12134
13862
32448
13013
5230
21447
26630
28967
30457
20818
12027
6436
22425
16252
11008
27346
31586
14318
8955
1591
31381
24173
3451
22755
29635
15847
4022
810
23215
16576
27171
21736
20046
31675
831
32498
15384
18997
3874
20612
29304
11116
18395
24756
25815
26465
2354
30315
18358
25963
30543
27370
21313
23406
15735
21969
19667
4010
27015
2597
8687
192
12599
29748
13597
10005
28175
30309
7608
10775
9356
17226
14115
28867
6301
20395
4863
22853
20808
135
24960
4511
17025
24222
25143
18739
879
18099
516
8581
412
18123
21427
28853
17029
31533
27463
8038
22646
25601
20032
11804
19076
17340
17393
8202
22905
21251
26315
8155
32089
17398
8915
10408
8188
24449
15447
15797
21189
6284
13852
19026
21431
16932
20009
13663
7782
18235
23520
7400
4469
26346
3133
26787
12204
8967
6083
315
5668
29169
23266
29065
31232
24280
11805
19023
16666
4588
13263
15213
25291
28119
20259
19330
23570
18042
13475
9289
18811
16220
3771
29260
4767
370
30655
13518
13148
9786
19096
648
3693
32159
8338
19934
20791
11551
21979
1819
23869
19253
13011
704
13291
29414
24397
22716
15612
7320
18916
6106
9162
17757
30125
4895
10289
10308
7228
29040
5326
13597
21877
3266
30126
3206
5704
28270
11139
32499
19300
15721
10044
11393
18038
8615
21442
17174
32718
20469
28459
19788
30304
18366
3393
29410
3528
3181
1461
31711
8546
21014
30824
4716
18149
21805
1237
25197
1791
31726
27053
20979
18816
912
6337
6092
9976
23678
31665
10577
5316
7010
7382
19421
6997
11589
11422
3864
5696
32656
28789
13302
9243
9149
26537
8806
31797
4807
19490
14804
16263
12660
17462
13541
16909
26114
5012
5704
24151
2941
25206
8802
16391
2406
3715
16866
6172
12344
9578
22636
514
27064
14847
15325
1130
19073
12634
26568
28204
28884
10080
28297
5476
4610
28318
13767
7715
4538
5534
20223
7190
2045
20764
15005
7974
24395
13176
15702
12971
6676
15481
11689
1171
8374
24316
18254
6413
6745
31554
13264
23149
18029
26649
32083
22799
19341
26259
7259
10384
23496
13296
3489
10540
23280
25054
18912
28267
12218
32350
12479
31753
32041
16157
18544
31181
27610
11609
15679
32188
2388
635
8021
31354
20785
24053
26787
19184
32187
2615
31535
1330
7816
2518
6684
3584
3137
22779
17141
1154
17008
18568
11454
28080
29994
31417
14547
9821
1060
24019
27576
10142
31049
14236
5245
2879
10638
3441
26134
5382
20832
10683
4780
10707
25228
7477
17147
24338
21856
13523
8295
27942
5847
12744
15923
21661
24034
27812
21556
3609
27507
28580
9381
29354
10203
24196
1708
19644
19243
10654
27197
30365
8632
25736
31969
12605
8911
23537
465
6146
21892
18514
18848
18739
19243
3685
5394
13354
12505
24352
30455
32382
13921
24526
28619
18743
774
29787
5683
13698
28931
15749
24129
8007
29047
6845
17516
8989
7106
3314
8008
24092
5698
9659
17415
1763
6968
5080
25582
6046
11435
27950
10610
3326
32097
19337
31357
24410
20725
29913
2615
28309
22548
6173
30713
5430
17777
17348
31354
25833
17726
32716
30637
9276
10526
30357
16738
21489
11734
31405
2647
26004
21847
12161
18978
10963
30018
26512
19778
3035
9555
14879
30130
29793
5009
31430
21192
21418
21245
7749
25493
17244
19945
16778
16405
7655
24207
22797
31599
26
6761
4553
32334
16538
10068
9082
13071
25328
5381
14100
31732
17081
3299
9662
29645
482
14792
5446
2638
11162
3883
25082
19772
4684
15503
3853
18577
4801
27699
25725
2265
619
1044
9296
7861
5225
25829
28714
12150
22899
24380
19270
21530
30981
1048
18765
4073
20252
18351
11051
1554
17355
18722
24398
7233
16982
8467
4112
21794
13069
27424
8333
15907
13012
25234
6226
9005
15996
6885
8532
10009
13799
2801
19965
6006
25937
29745
29148
455
28483
26639
9922
14837
28055
10894
20522
17775
28596
27092
4175
19440
10425
19774
17799
6478
21474
5525
3604
1158
10287
10876
24865
18470
10453
12786
2044
14685
8304
30300
291
3185
846
27396
31819
2217
388
30382
14471
26853
30155
8836
31699
21822
25575
10415
5245
21766
23749
19150
4262
22945
2555
3302
8172
31996
26742
16437
20189
31601
10674
21021
21459
22492
9498
19467
21402
20011
19647
11881
471
26372
12463
22392
15667
5985
2297
30058
11085
9191
25182
669
24771
17050
28312
21512
4709
30344
2302
17052
12674
2932
20069
28714
2282
6179
17814
5378
32388
19377
17773
14726
15357
20928
6897
8846
25627
24216
7744
11425
18081
19299
25222
24970
17065
27919
3366
1207
4478
21955
19453
29613
25545
24094
13668
6907
12346
18643
22051
17563
23149
19291
29894
8449
4447
17603
8627
12537
30448
4983
26823
13616
17391
18586
30576
20520
22614
29508
24267
16045
111
10296
29240
1341
9103
22150
16862
4202
25245
11760
7326
6656
2952
2197
17928
14541
17996
19911
17121
1430
25071
30219
11423
21581
1334
31591
11388
26167
21144
32045
7574
31891
27637
26075
11544
7839
21452
3099
11253
29499
19632
25731
20017
5345
1420
2658
19062
30919
28910
2279
30417
17292
10870
260
30078
18810
10609
3595
1320
16066
28739
16334
11264
24774
17202
19955
6293
7242
9535
30939
1071
2642
13071
21431
28110
10335
1090
28054
21804
18012
31834
7449
12153
13866
2041
26255
22876
18619
19232
24887
4580
29946
15418
1237
27638
15091
18080
13114
16729
20076
4861
28513
19679
11719
10685
5437
21285
18959
20256
5051
27907
10852
21994
7762
28734
12309
13248
7858
23495
8373
23947
8847
17960
21653
5128
19049
26460
24740
18423
10698
5806
15176
13133
32280
1518
7280
22596
28933
18067
5838
5119
13209
30659
5862
28384
7057
18845
17528
1289
2078
27755
2576
986
3491
20204
1528
5617
24608
27129
6382
27230
20140
9633
11426
4021
18998
16482
32719
5303
10224
171
10596
13881
22398
12027
13081
7524
26018
13340
8482
17203
30107
32263
6441
25606
10234
30501
19158
4672
12434
12159
18651
19365
1188
9490
19870
5740
22678
21189
18762
30173
11630
8126
4370
26086
6294
21075
31595
16193
26482
5695
25271
2720
10395
17963
4063
14981
30748
5088
25649
9804
15358
30251
533
25903
3096
27534
19030
8402
7679
974
9141
25279
22691
2758
1482
3575
7932
30359
417
13370
31493
11994
2054
11090
27916
18688
27813
27785
1671
7131
3601
23850
13533
31478
26389
20410
4450
2673
24589
9244
27497
10301
20995
13309
27812
29903
15765
8559
2053
8674
18936
18419
4328
2708
15383
31152
20136
26888
23719
31904
1875
9480
23416
5506
6758
32486
26
13605
2561
19558
21744
17674
1980
8651
6624
9769
9245
26905
1962
11489
29925
14553
2827
30359
1169
15424
10438
27167
11983
26378
5725
30130
19389
27408
2092
29829
15864
2848
7355
12426
11418
717
23045
4462
20634
1677
1524
25913
28616
5196
18680
3072
10870
1641
16256
15114
18637
5913
12572
10709
2674
31103
26873
14685
5151
5615
25278
30118
25402
25621
28402
19907
21597
30741
5985
7749
23283
28027
549
3427
17362
28309
11459
6108
5719
780
10960
6073
15332
21764
10734
22824
32585
11762
6178
5985
2988
4712
21343
26714
24102
8041
28568
30207
5029
29555
1095
17978
22519
19788
5564
17191
30385
18654
12927
6590
12558
20946
12820
20911
10639
30009
21536
18776
1305
15895
13414
19173
971
23639
24961
14753
3733
1525
16015
1756
17281
23766
9100
15648
20808
13525
9682
29353
823
13746
25633
12826
13469
22353
1636
24457
20662
25253
19700
15363
16958
10396
24867
867
21385
12615
21619
18396
26730
29086
4232
28708
9863
4370
14176
14049
14251
30494
6456
2622
6154
16949
16194
539
3366
15540
16687
9985
27042
24463
11391
26986
721
11087
28128
24182
18327
26547
22839
21052
20207
7401
11476
16204
25692
32270
1056
31163
17261
32286
5517
1711
9030
17141
12189
19150
11564
7692
24692
7546
7209
15211
23580
30611
11674
12212
24078
6317
3789
5126
18743
21399
27400
14123
2161
16548
908
13825
18891
4007
5216
7495
29605
23766
20572
23291
28465
19283
20142
17089
31084
16799
30214
12350
23724
25445
30051
26530
196
15115
16544
19342
1602
10454
9601
23101
23986
31325
27938
7816
3856
20268
14630
4905
9589
20417
27692
26468
10625
8521
30512
12906
1144
31585
28384
1331
5578
8822
1863
22006
24577
22100
24465
27920
22022
23392
3347
25380
24328
13190
22329
28356
2329
4313
10093
24647
6744
6188
1965
11781
4979
19625
26069
22583
3367
11115
14336
30293
20520
28945
12231
31126
4686
16886
15089
23591
25674
26900
20313
27126
26202
1058
7148
12183
32362
21929
30550
28720
3888
16069
2337
15009
9247
7490
21542
19781
20228
16367
18950
31020
8750
16546
4488
16726
3459
11940
11001
12542
28930
8496
9247
28140
27643
28846
20332
12725
2489
28854
1861
31283
17419
19164
2693
687
32344
19501
2879
2706
17210
11049
5893
11085
32320
30093
10185
26613
16219
25667
3876
5491
28208
6343
9959
3871
17550
18707
12987
16920
4782
4691
16691
10490
21037
12943
29353
3963
7364
23453
20038
28271
2057
29351
1301
5139
7126
16121
1718
3459
17060
5627
5256
32420
23227
26811
18505
24182
25491
13791
25690
19099
10541
16200
15578
29630
31445
31482
29086
13290
16868
9053
16898
16727
31919
31564
30626
28196
15838
15380
1862
1401
25243
5819
14456
26670
7351
2909
21688
27578
21113
15535
17100
7885
22130
3445
8263
6618
19868
7576
289
22114
23588
3051
18408
32273
31941
30214
19698
26592
16718
27461
19023
8557
21017
24668
24598
857
19961
17078
27099
29238
31112
4579
9108
17362
26581
8465
20464
8281
27401
20783
3368
20506
20332
20269
18507
9983
10923
8345
30225
25337
18363
5940
5895
26893
11587
17867
18379
25262
18675
32548
1633
10214
13901
30920
32742
3989
18486
25588
21783
19898
17652
17576
827
8082
24989
16385
25001
4638
23285
21598
15617
14635
7613
17141
13590
10471
25084
2673
1498
28088
584
22873
27275
10703
30559
6476
31031
18437
14232
8306
18267
17240
11375
6038
21660
14478
21402
4923
15813
23375
26344
17796
27159
2122
16384
17350
5771
7240
23527
1143
20529
11055
26185
16207
15241
18203
18319
10435
27686
13273
3177
7762
27385
24684
26659
8180
31722
25408
32557
10539
30441
23819
22692
17829
28421
18342
28088
28769
14
14334
12492
25393
30543
7148
14308
13867
29934
22395
13843
19489
28777
31701
19105
20096
30330
32406
2030
9093
20659
21532
26781
3395
1674
1284
16019
32702
11285
12677
28997
265
2079
5831
20496
15375
28466
15041
32762
11367
9897
11100
8291
16949
16143
27851
21261
3182
11922
17714
28494
731
27868
31585
25474
16448
27400
7040
7031
3734
3892
10512
27501
24004
13350
12194
5926
13669
29381
9657
3001
20853
9916
18548
15288
10055
1796
11877
23992
862
23324
21150
29685
12282
31060
5075
21479
32221
26524
31195
12255
2874
14608
2404
10785
31239
24804
29751
3263
16557
32475
20281
26870
1078
25282
23160
5788
3949
19739
26957
1529
8426
18063
31614
14703
3837
14092
21669
32168
23964
2546
19880
5686
18676
9807
9192
5431
11747
7721
29735
4758
21130
5392
22088
15377
1935
11579
19110
26613
16143
13184
4984
31260
29946
5882
26424
15076
13230
19587
6358
28135
7931
11334
14535
32396
31882
401
20782
24633
12807
18733
18622
13786
9925
16596
11055
7812
6101
1243
29628
11166
18783
3992
30831
12065
2091
32656
26015
3406
28869
9738
14943
10291
29675
3472
31486
21152
24618
17918
12259
21328
3251
4895
6525
30471
28984
7585
31609
7684
352
13027
30722
17520
29169
31655
26229
28345
10908
24901
10757
6829
31313
1661
3039
18390
8906
15522
22283
18647
15315
19123
27704
31039
21749
239
15054
27376
22596
14525
23227
23138
10901
25416
23846
21366
32229
11791
17847
23115
8112
12802
11461
13796
10180
12218
31716
27584
24250
21766
18090
14605
15746
31372
6646
24535
5356
31258
17910
16639
23132
3631
10273
29974
12488
16907
8043
3477
18553
3394
31855
5810
20682
29194
2467
30651
4649
24116
10787
4593
12866
32522
29859
28981
14552
18153
23580
24787
29847
27605
12851
249
6173
11385
22423
29480
16160
11033
12394
9568
21150
1773
17865
24130
7172
7685
4260
275
10571
16987
21036
12807
21139
30731
30679
23960
24339
7938
8420
23688
7593
2656
3974
10936
270
2573
26773
6654
7190
21980
10726
28865
19302
19757
11652
12292
30337
16372
28050
29844
27841
31129
30716
5501
3186
32398
30607
12688
20329
29183
4758
30422
24680
23691
30773
7670
11165
19656
11342
22200
21255
22805
13292
19227
27272
27533
25069
32525
11622
27673
13411
14959
14287
15730
1313
20587
29804
15273
7549
2306
12083
23115
29888
23767
23026
16142
14341
15659
14571
9007
18604
28846
107
18451
27144
11346
25592
28484
27460
746
9772
30637
23137
13378
30391
31272
945
5569
9667
28032
31872
32631
29903
31843
22781
4962
30323
6566
20908
5965
26160
24495
22123
18188
6989
24554
24139
12465
31658
14864
12767
11110
21836
14005
29214
25731
1508
5165
22631
3481
13420
17790
982
21271
3415
599
11796
12058
32072
29740
20389
4390
30982
28426
16035
2320
31060
28082
12793
27007
17129
14711
28966
24917
7869
21365
22735
30118
14685
12203
10726
14493
14954
9955
1336
4634
7735
32511
13463
13928
2563
19888
28466
9361
14985
14598
25701
25073
1413
12322
32275
2345
8212
11406
12496
4959
3759
9016
15627
27462
3989
24305
21417
4662
4499
4547
25608
493
32763
29970
2832
24351
14284
6991
28893
1936
1839
11301
27356
25432
32287
2878
14643
11445
6494
15511
6096
13050
31728
552
9156
15332
10676
16455
272
8849
17603
26509
27594
12845
7508
21170
18817
25334
27592
800
25100
2305
25670
18404
16648
5310
26544
29568
15237
556
30784
2541
25165
9187
28652
266
17043
17553
29290
31090
23459
12269
5992
24815
26569
21982
24050
25455
23345
19451
10228
6447
16713
24609
20486
8434
30144
8772
30374
18631
10839
10159
5828
2142
1330
4275
20999
27872
5505
16544
22808
30588
1934
15319
17504
12794
28941
14047
5047
2525
7103
4979
13433
14928
26504
20717
23923
30449
26962
32112
12903
31122
228
2438
14889
18317
31672
7482
9876
4029
21935
1902
21517
7512
21559
19772
11588
20020
17308
24981
5152
15569
31393
3411
12866
16349
19747
1199
7705
15088
31622
25393
18572
21931
12005
18316
32568
17362
8018
30042
5720
6468
27013
9461
31238
25200
19815
6945
29582
2256
18495
9009
3660
21428
8668
7961
565
31810
19420
18773
24823
6708
17287
20540
23444
22326
16059
6985
32735
15386
3711
23175
20899
13817
27594
11507
22809
17855
19178
30970
11908
6508
16471
6823
16358
17287
16337
25786
24421
10420
15622
15275
6295
30867
30570
19152
6483
2006
2619
4153
30903
17265
15823
17343
12627
6914
8956
27391
12939
16145
13527
15158
11970
16708
22649
14786
1349
5400
1558
676
13411
29482
30902
16565
16887
791
13503
23532
5455
30393
13066
991
30370
4908
2577
16416
12288
1526
31534
18486
22279
3510
24044
28698
5536
3414
20010
23172
7156
10422
19435
152
3604
24041
28749
15649
2187
16249
7857
22139
4319
21764
9709
20330
336
32245
22333
13711
22001
25144
31970
4895
12630
23493
23985
2111
5075
8710
21601
8782
9453
2612
32765
17139
16145
11039
28272
28144
25484
12076
17979
30880
9285
13609
633
26414
14031
20351
15975
10947
16449
9084
17596
15434
18045
23042
10703
13760
19430
31515
8864
6533
25592
7006
608
19595
11056
1059
26522
7813
16923
22777
29166
9446
16197
12468
1079
7609
11939
30283
26475
29313
26560
15731
21211
25752
25662
24895
16674
32202
22933
16386
14460
21202
4400
25858
441
20809
26750
28472
32378
24322
4703
28623
19443
2533
13860
1501
673
20699
21411
17465
17014
21568
26109
31484
30807
11312
23683
4068
12306
7496
2745
1522
982
11334
31886
19061
2311
9301
1721
25652
10151
8601
27154
15099
13066
23464
15064
21468
28299
19742
29413
12813
9947
10432
3572
4295
16547
18224
14947
17996
2543
23628
3148
24422
8944
11776
2715
32493
10735
26632
236
9946
26183
28795
19199
16170
11340
29714
19370
28255
14941
11796
29784
10375
32504
24496
1763
9224
32393
338
20733
12307
17809
22972
5949
23394
9922
17162
15766
27560
1589
32721
9850
4003
26043
12059
22943
25051
7896
7862
28113
25510
10644
26461
23160
16022
17258
4450
4018
26837
30963
15252
10000
24120
12910
25888
29252
31499
19321
30430
15739
29826
15430
16845
31960
17360
17
4432
2776
28417
24332
28360
23354
26762
964
5999
18533
9461
27423
12952
24001
31712
24586
21712
29424
22858
18324
31445
1727
29340
13815
13532
8196
21954
30163
11461
20916
5771
31072
21128
23406
731
29104
20846
29304
8730
2746
20412
5535
26603
22910
20938
4879
18734
26221
499
15627
16764
17604
26692
1813
17786
31285
30793
23193
22766
15697
23231
2761
22385
25004
17116
24647
17060
23721
31208
20603
7578
28694
5936
32711
6204
22000
29224
24825
20677
13661
8628
16558
24475
21140
3358
8484
11371
10436
11179
11779
26869
10925
25040
17940
4890
3172
32191
22865
1105
21381
3632
7512
26738
5488
11431
14498
11338
30520
4775
8916
18864
24769
31523
154
30515
28474
883
7064
5375
25371
8676
13185
2410
14951
26866
18686
14227
19277
16533
19018
4415
23244
15010
8125
12794
22127
28707
11010
28293
19242
16247
652
2695
25010
15880
3200
30809
32166
26022
11083
29664
9986
28932
9630
7992
334
10983
3171
31458
19299
14068
14331
28255
31902
12721
6239
29890
22241
3995
6861
30434
30398
19340
8351
4861
21206
25454
1267
20397
8427
29904
9303
16884
5982
31483
11438
25572
13123
16380
5965
1652
25713
7399
2564
17925
4629
6841
25414
29219
8084
7419
29586
25362
2595
7180
9866
26961
1812
31863
5679
19436
29662
18797
2078
21397
26233
20603
24603
15040
31433
32537
6370
5774
6387
2128
27608
19859
21679
19843
7505
7365
26863
235
31939
5901
19171
17387
6188
27328
32747
821
4996
21943
17342
202
16443
30414
7460
16046
9192
10233
17283
15418
1690
23764
18117
9957
15234
15625
18756
32579
2780
12779
25359
2509
18243
25194
26926
23329
11364
13686
26861
18382
28903
23249
22148
18593
18089
844
25796
13328
16089
16508
13
16949
24330
14672
2063
21930
21852
13230
31223
6719
25188
4430
182
1471
23714
32681
499
13007
7413
21137
21500
31653
22043
4775
12081
18991
22921
17393
13706
1910
25204
3395
14534
21351
16282
24336
25435
4368
26681
22423
26663
4510
2592
5184
287
25033
21996
17392
19511
2042
3882
22669
18365
17576
1755
12839
8318
540
16052
16999
7857
23809
16383
12423
11932
7162
11930
686
18380
20463
24011
8375
32105
350
15053
13398
11229
26568
12804
2404
26114
26344
15307
17445
29093
17579
29687
28252
23418
25885
22583
23057
5519
15880
4579
3409
5040
31025
370
22214
30869
10618
27839
25192
21816
15362
11315
19996
8305
23271
17816
31533
10843
6748
22805
10412
216
15976
11279
6258
23277
26285
29831
197
8540
14996
21879
18586
1794
1170
15472
27788
10371
30531
30852
24150
20414
10109
29279
29086
22280
31358
20572
30434
29843
20720
12783
25004
1813
13141
10857
14860
31565
17582
31012
30447
26295
16506
28799
16391
357
7874
10986
337
6195
15844
32607
4516
18870
13322
20136
13041
5020
30458
6711
8747
3740
2402
26919
27581
8523
20659
23030
301
21613
28077
13552
1513
16498
29315
19784
15407
7637
16288
9069
32315
21304
18627
15074
16327
21924
27561
26202
5224
32499
11275
12722
10453
7688
21112
21468
1400
2060
10052
31989
26429
27172
29993
1772
6687
4236
29770
14209
8809
12369
32395
31350
11925
19198
16725
31766
21001
24148
1010
25874
8979
13404
8870
3892
17996
26607
3314
4202
18724
23747
25295
19250
32345
3371
15293
19411
7806
16687
15233
31925
13364
25808
12627
21738
13306
7011
16774
16790
15395
23135
27912
15152
29014
8489
27752
9738
7745
4491
24286
30979
28949
21434
19394
7174
9657
31210
28854
25833
1307
21207
12278
3948
13243
28864
31484
19149
964
11235
27734
13717
11821
7797
24983
7356
18496
17466
28911
19979
6854
18464
10053
32197
9459
32436
21197
21346
18959
31524
13941
27258
19693
32157
21312
12415
7673
29557
15016
8941
8312
6391
9757
25855
12019
23051
24226
89
22382
14927
27920
13086
32307
18960
12821
14756
6975
1178
13100
28117
29706
27377
32301
25883
485
28642
11689
15669
4512
29420
8531
11411
8383
9467
5927
13088
28558
5933
5670
9433
805
25340
24340
30776
13324
16910
30070
29412
30778
23882
32745
25746
7952
27833
31364
818
15306
13581
29613
1985
2663
13495
7788
4351
15244
17512
21779
4261
21622
8225
21070
2644
10078
32647
32696
30678
3844
14799
26777
18997
26406
6782
5732
22730
22300
21590
981
17590
3394
11036
4749
28461
30476
20880
16683
18054
26432
29078
30814
7712
9585
12860
31445
11029
24532
7597
18675
16580
8975
15405
27996
18104
25583
21533
17504
10933
22167
28060
22609
31256
18995
15811
29536
669
3214
10891
29633
18743
6821
7628
9964
26106
14110
20194
25210
17733
14590
25757
24877
4351
12618
11571
19333
3508
8391
27217
13239
9603
7708
11063
32241
8538
29522
11016
27863
5759
20275
29222
30337
14549
4289
27598
30558
25474
11726
31963
4749
13552
30339
468
452
29044
26532
24671
28079
29
5661
22043
3290
6767
7165
22746
22618
23845
9539
21001
103
29622
18967
25978
31415
13521
24021
873
24167
27474
17443
26392
102
20652
5908
14470
2909
11459
10190
22078
7807
3928
14096
20025
28144
30474
3207
23755
10367
9546
30092
15985
32038
31783
8118
25165
2727
32657
5494
3910
20360
17156
29122
18364
21883
2651
30051
15162
2957
8618
3186
9668
3668
30151
17213
23442
9481
24641
5410
15167
6109
9459
1700
15593
15538
29860
16122
32302
27025
5778
12849
23650
13792
21252
14753
24255
13018
25247
16415
32033
19813
20466
2742
10588
9241
6574
22572
3389
27408
3047
25101
14751
17263
29493
5580
14642
5696
28800
11149
28075
850
9326
10054
4545
16580
13904
24365
31023
25274
7188
25312
17002
10031
13065
26977
3401
28048
647
24205
22954
14722
21370
9625
12568
27759
5777
18106
16707
28497
1639
2731
19693
25278
27674
5624
29194
12378
9757
23252
23311
18631
13022
30171
15736
17646
9166
10889
10140
31092
17350
16954
4355
3551
21735
7570
9621
12074
21124
24795
18662
8922
26504
5496
16716
19468
20125
29732
415
6072
18280
15665
11053
24753
26967
19641
28688
16463
29563
9907
15870
30605
28890
25813
12145
2925
8472
5484
8061
9001
1227
27288
25481
30071
20303
22119
5884
29853
21096
8177
14884
10056
31764
18223
26414
20840
12965
28386
17693
27756
11569
26899
16885
8455
14688
30567
12767
24713
5341
32057
9587
21977
1004
10220
24649
30050
6796
19564
23241
11808
9122
2992
23532
28103
12709
8312
27156
6308
20699
32507
24165
19652
22584
20939
27840
19761
18221
16552
29496
25724
30674
7437
11452
14877
7988
26426
24070
14760
22861
12850
8762
19293
18059
29375
29612
8987
8221
24196
1033
18345
12227
20274
4184
9206
18435
12680
4025
16418
13109
9738
6216
14073
10110
24082
23698
24006
10528
16905
20592
717
5086
26310
17884
22423
23009
9285
12800
9732
15540
9258
26670
13642
695
16236
2399
25211
20679
504
9101
13076
3726
9702
17117
5979
17230
32370
26878
31967
26849
518
19430
410
21279
32497
32133
3284
2718
29816
1425
29546
7398
17074
19598
19175
10912
12518
25225
21817
31226
14797
12376
25251
10635
27763
18873
26844
16077
32601
6430
4787
6850
24706
4140
20051
21251
24506
2116
16990
8760
19506
8280
11604
16466
15397
31925
20358
4732
30818
29067
17681
5904
7836
8843
25037
23516
29604
132
20355
4807
10234
32764
15406
273
20004
18300
8648
25886
11284
21818
70
6457
16572
13490
12463
5393
29306
13275
7039
1633
29711
9957
25770
23972
30459
32192
14154
13062
22770
26975
2298
10846
18664
9470
23813
12673
15005
4248
29588
16176
26991
30754
31224
10218
29902
31703
92
13847
20129
2130
1091
23746
24867
28916
32299
28363
16558
2529
22781
31816
27568
30674
23165
28711
20080
14178
5065
12965
7589
22643
3911
29237
31859
9296
15123
16569
20947
10155
25390
24129
20849
10373
29311
17252
30911
3722
10724
10633
29272
22660
17105
23715
523
12504
31412
18538
31741
7036
14211
2926
16389
4442
18545
21547
28735
27551
26388
7427
9533
20471
27484
9424
32662
27916
23005
22843
22869
13403
32353
25691
7948
2535
8628
17576
30328
32550
10112
20063
31331
30137
3768
16440
14436
23860
8058
16021
11285
26818
5943
22910
2265
8864
8643
7339
24132
23865
27706
31854
27896
22754
16292
27942
14155
30928
438
22142
3201
20044
26359
13882
16455
10938
20073
27700
15190
13857
7771
9805
11937
12799
15925
16581
18365
12154
27032
19450
16113
24813
14234
5532
8038
9240
17873
10393
359
24805
29584
9983
27587
27655
11236
16267
12935
1967
30489
19280
9547
3865
2433
22670
8672
24812
29503
2322
17685
30429
25706
21468
13660
2623
10179
30584
19058
13185
29701
28226
26232
30197
19668
9882
19645
21123
32666
19978
2513
14706
1457
8431
758
1675
24235
17710
2709
31862
28006
29069
23294
31391
4249
29892
8374
11887
7628
6169
32306
2617
22937
28693
29607
13278
4084
18319
9519
25799
30279
26487
24246
6060
5912
10852
8572
10693
25219
17178
20827
10648
23384
19013
7683
32030
12428
16514
6463
8850
25579
9764
26822
20731
30074
1451
4356
12301
25531
16631
21382
13460
3602
22569
29181
8034
15929
14570
11113
21039
23079
18506
30641
19809
3788
5679
10252
11298
24034
30496
30651
25985
19334
26633
28465
12285
13447
26353
11802
54
17585
30869
10000
10713
11707
10882
2691
13295
18957
826
28677
15836
17605
25585
309
32011
6592
28633
21553
30704
23069
27495
25858
22968
23461
22055
26727
24878
9384
7286
1628
32427
30087
17116
13624
27243
16019
2483
22977
1967
11228
1495
28833
30685
1890
10023
12027
28466
10422
12120
24624
19332
31877
4286
18365
11033
18997
27511
26796
21936
3009
12222
23951
18959
4326
27297
29292
12755
14548
22292
24703
15308
27806
25179
21693
12204
10254
24232
24486
7254
24987
22781
27105
21791
31029
8520
23524
18653
10999
6517
3667
31795
5926
16736
31252
19090
27212
12742
28699
9747
15924
12260
31879
14176
1100
17401
4844
2318
32613
4280
1657
11785
8282
23463
6781
29544
6370
12901
14991
24887
2866
29720
32033
6710
1404
20628
22872
824
7485
6486
20046
11840
32319
25522
5534
3016
8740
28475
17848
26032
11732
8080
2302
27935
11687
10002
2178
11564
7057
3162
4485
4762
26949
29646
7794
23025
16007
11492
11379
4618
5923
6160
31694
24715
15431
10498
28757
3531
2656
10866
2495
7388
32753
4048
23291
3260
9896
26562
17458
14060
22781
29325
6081
32029
11046
30636
32532
11643
27288
15224
22731
4104
14139
16692
15974
3263
2870
993
2868
6234
6259
20598
10571
15855
23826
16886
1441
18397
16311
3229
5016
24323
20507
22991
10097
22377
31343
17855
6391
13530
6452
2769
9626
31743
13539
22255
28196
6759
4940
15127
16458
31297
30575
10905
29463
7011
17485
16099
27448
520
11265
6201
26281
28098
11199
17314
21346
26240
2084
7150
16250
23692
31241
17012
27768
18250
7867
17183
2511
4771
13701
19024
25009
10137
3274
22675
16558
963
16846
403
27669
7697
26326
2329
15351
18814
638
16265
20167
7924
19614
18024
30190
5377
12980
29724
15553
3648
26023
3531
29742
1756
14526
24729
15437
12996
31418
31592
25356
4493
5518
32632
28845
22769
10335
831
20403
7102
14778
31573
9011
11375
4323
15348
16460
7420
16092
2532
11401
29122
32317
10763
25069
10990
24433
1422
24043
6750
3364
6053
13521
20539
10906
29675
27184
24123
29927
2549
17255
11984
10857
23387
3120
11791
19878
1255
29543
24042
18872
14127
22273
22538
6075
8336
24494
562
19405
156
13749
5017
32517
13329
525
21195
4215
7238
13047
9053
26678
27048
1566
21459
17021
2047
23388
26593
21071
24155
8894
7622
32085
10872
4293
23268
30079
11228
154
24677
16234
26480
19715
5171
27531
16499
3575
9036
31274
27859
26396
23915
24930
2311
21679
10117
29930
31901
5
17066
27240
19653
30938
6891
28430
9775
12257
10747
11596
11865
2753
18761
13766
21230
15484
9589
11214
5578
22079
22730
7578
25803
10579
28105
21915
8519
15448
22379
31662
10730
23752
20676
31345
23615
9508
15461
23812
13079
4905
24564
17348
5120
3051
2076
21206
15358
2673
11397
11872
9084
11170
27897
3676
5310
20992
28988
4909
20705
13676
16959
10830
24822
13632
1924
14290
29894
12950
18299
19408
5795
8611
30200
15518
28579
26010
18431
564
1209
12235
7183
3517
26538
1816
25370
6836
25869
29522
18826
13110
7529
30774
1250
30503
6850
3587
4129
9213
2853
7983
5034
1387
28160
24123
14889
21074
1272
6240
657
18969
28925
19148
24146
4530
6171
407
6159
23713
28222
5893
25047
11966
29054
32376
3325
23195
52
9834
20192
4413
26729
8613
23899
22940
32576
116
20541
10427
29745
7263
27471
31237
31364
30730
14141
1487
4463
29365
4441
20985
21328
30712
29529
7192
5385
27981
21137
31060
5814
15500
812
11117
21128
2831
24829
31687
5101
16253
25644
28606
15916
21636
28207
32744
10656
9883
157
29981
30855
28792
9963
21775
6491
24025
20185
16574
14705
23023
18423
19687
2698
17281
5155
29393
8346
23560
30054
14791
13980
10068
31644
14254
13684
678
3044
22682
20205
17556
28986
11039
20391
9285
29323
17883
20494
11170
6813
3719
18621
3232
15483
15977
17757
25358
13454
1517
14332
10086
22817
19620
29812
17015
11732
3459
25993
24570
24175
10687
2551
3313
12608
24150
30792
1621
14168
9237
1520
18878
17167
30239
26072
21646
18106
3600
7702
31123
32289
24934
2872
20030
25848
20251
21499
13462
24648
602
12590
8616
22789
28482
23693
6397
3132
30816
25208
19253
29403
18946
18924
5602
30522
17476
17692
18272
8877
14218
23655
2226
5096
6063
7440
4062
2914
8227
13119
31481
32375
23969
7943
11707
15447
27504
7860
14423
632
13613
3892
9246
17661
15298
6923
20396
31008
2771
25183
29883
22889
31845
4840
8244
30727
11755
19751
17237
28614
31501
22938
18370
6116
21334
25361
6728
13602
26525
31374
27123
6861
24425
24924
4296
30493
16553
3982
4583
13488
24256
28720
8991
25188
21818
10304
13915
30235
16867
22570
10345
15043
18408
18987
10309
7320
14779
25482
23948
21523
18395
1920
435
22078
24619
12075
9750
16765
17403
844
4395
20864
22025
402
18061
32173
11968
15727
10304
20627
13977
20002
20326
9861
18202
11873
6039
13113
26136
20628
26400
3391
361
13967
14645
28306
6730
30692
23803
29052
576
21928
25124
28296
15825
30869
19325
29344
24157
12945
15512
1389
29177
12918
19053
1803
29029
10694
7073
30195
443
8887
20809
17149
19893
4591
13079
5728
21705
22440
31671
13222
18585
16448
12062
22858
30592
2070
1661
2674
25980
31175
3740
13974
25484
27086
17515
31474
13780
7519
13580
1195
25896
23656
10650
26814
2791
18957
26485
30029
23219
13443
22400
12669
5898
29273
32553
9883
16342
14609
1491
31346
15979
28918
13135
31188
9970
23353
7074
10772
8468
1653
4715
29097
19716
11215
23454
3420
21693
95
1130
22590
26473
5413
14174
11932
6649
4488
473
14224
25864
28411
10247
10778
29477
32043
29916
1463
6687
18915
8139
23498
11955
25711
14449
29440
28480
29649
3354
19519
27668
16066
29217
2590
1274
10519
29674
28364
16719
28332
29645
21908
18673
23266
27450
19103
32376
22696
20356
20519
16808
6138
27196
27619
12703
3970
25562
21066
25549
28667
28103
4584
28157
13376
8213
19609
26239
19127
31796
25791
15414
5337
302
29205
15849
22547
22585
16851
15534
25830
5431
9472
17425
21413
3134
9130
25880
13586
27924
3294
7627
18052
31974
2751
17629
7429
32275
3895
32244
3484
22321
20798
14832
30988
2370
8290
10112
13877
21192
7783
2923
15203
31827
29995
11023
7261
18836
28583
16256
4633
367
27811
25779
12834
13072
21979
13887
23407
8307
19945
4779
1144
2492
4874
19047
27386
13125
10260
16685
27090
23235
4227
12756
9142
7509
5536
19925
1612
1165
5453
24333
19592
25121
23208
4270
24584
862
26762
21472
30325
17261
17946
25263
30317
10756
26085
4193
967
18947
7260
29749
29762
2994
840
1181
13830
7051
29138
19960
30402
27882
21490
8183
20260
9336
4051
22577
11740
5013
30045
15916
11932
17057
24870
12123
3509
8405
26454
3213
21201
23912
22863
3451
2500
14921
14093
19181
18553
22514
1362
14628
2026
18584
13409
16860
20466
6689
14816
2017
27658
12391
31206
26498
2286
26498
21627
32190
21306
15109
17654
23690
3999
1572
32565
31759
4696
24047
8110
2481
7458
26575
17445
10676
25436
27009
6062
19877
26056
687
30862
19788
32425
31118
28546
27794
15508
4951
31307
20117
26462
6502
24240
19489
447
10272
8570
28291
15842
29445
25867
3466
31323
10548
27947
29545
20408
23317
26891
30987
8807
20296
31066
11322
32668
29342
25158
5605
16270
9095
17209
10755
31353
2073
16021
10448
31868
17178
17107
13783
16930
6165
4060
4770
28292
13059
28639
6761
16026
5995
7659
20088
12424
31088
21923
7431
26037
13718
18824
5381
4035
8267
1644
11501
6388
20590
26622
22030
18646
673
4822
2922
23408
13696
29179
10374
17379
32420
6552
15579
7862
20091
28215
18965
2063
7661
15553
5769
12723
29779
15587
20781
1011
824
12685
6348
8243
32070
27784
30962
19527
6447
21669
6103
18930
217
75
14696
17648
12185
21886
30881
6644
17451
84
9543
19985
18164
12024
30486
14709
20259
5768
4687
26364
14274
11681
7628
24352
11059
6108
85
13668
2651
17078
4199
9841
20268
8000
12839
28904
6042
349
12060
26012
16161
15753
11802
5502
32010
4575
23791
21761
26773
26954
3860
19586
1614
16954
19207
17990
30201
31949
11121
2982
31036
1813
3848
6498
401
3342
8240
9554
30907
3435
31558
13039
983
3132
11499
20954
21951
26514
29182
22
24794
24275
7837
4448
1131
32187
1473
31814
3856
21389
844
19813
17365
1404
1994
2299
16607
21550
8097
25538
5899
32026
8834
10507
27456
29685
21196
25205
13913
20709
20644
26627
860
1656
30669
21994
592
27131
118
21922
9397
31420
20664
3604
7059
17562
6375
22901
15928
30237
9555
12449
15877
1635
6973
7597
7870
32395
15729
338
30629
20474
11284
17576
29591
1981
19444
12022
8063
30406
24661
31604
29321
15498
6201
578
13687
31322
3804
23204
5201
15602
14435
2161
24857
13064
13362
31460
20480
3453
4897
21885
24668
20426
7990
24840
24381
3219
12155
26219
2491
9681
24849
6549
6234
17490
28520
31655
19554
13558
21517
7427
20487
8970
1291
12442
9528
13255
122
16372
22207
16537
8311
7967
27844
27171
26425
10153
18402
19598
13127
32439
15348
13482
25316
27344
3254
32453
13909
9632
3713
12389
2266
20113
22643
18663
6394
31603
11806
6647
14858
3445
21426
12269
17013
13069
17478
1254
7430
15133
19619
28663
17500
18834
29995
10015
9969
5839
23778
31358
4633
23607
10598
22159
4142
6794
19853
23693
7646
27063
4958
2406
10780
30543
14194
86
30751
3810
12203
2810
7012
22711
31938
10950
12783
8565
9536
24200
18979
15097
6135
30136
24639
14563
9669
4286
27703
14591
27274
221
26305
20412
25103
5457
13446
14081
6028
1192
16814
25870
29393
4299
21596
29293
1612
7207
25624
9760
2477
20943
9167
24541
16334
12012
21522
18583
247
25911
8408
11102
6578
18886
24856
15643
28624
30700
23371
8543
32225
16042
4793
30907
30483
6273
24391
1247
18004
1365
31373
21336
24343
632
28181
28180
7230
22614
8583
1346
8438
18465
5917
4348
13099
11422
30967
18957
1582
6344
19411
26821
29341
6402
848
17960
24267
8230
1032
24682
30978
11091
28432
20615
28181
13465
26429
8082
20677
28818
10932
12958
7686
24317
30847
24823
15374
24052
29970
11144
22677
28414
3856
12801
28315
786
12407
15168
25725
356
17236
21
7891
31123
22383
18190
6713
22463
32711
15092
15176
21841
24225
32517
5985
14222
11363
8281
29611
28924
7753
31762
22632
3389
10987
29711
25682
10896
4328
25709
15898
8618
32298
18832
32752
15361
23849
25713
1265
2355
9212
21494
32553
9518
17253
20372
21256
22724
22816
6037
2118
19854
17013
4085
9405
5589
1956
22607
24244
31196
12771
1505
17895
1370
22976
31441
21352
3545
12507
852
4396
18365
24483
9420
17570
7063
1233
24175
21350
21234
28544
10661
27782
25965
11314
807
9212
32493
9459
21936
24345
1672
15313
16533
29605
4596
29166
17052
9746
3209
11946
15656
10625
31190
2680
32669
23740
253
22340
10726
25497
13078
12114
30375
5264
11507
18406
31550
1059
13060
13941
11075
23517
29257
13106
25392
29468
6795
21334
6016
8100
28804
7649
12492
4283
29119
31198
15129
13904
15313
19324
16672
13952
26091
910
18941
31198
8362
9229
26261
30563
28829
24660
20460
10511
14244
10468
21633
3382
17359
10094
24547
13527
17414
21192
25381
17767
9961
5237
19731
6969
32014
26214
861
8506
5772
28259
12720
8920
12125
2698
4413
13193
11173
5377
26517
20047
8998
24317
11150
20939
9360
31093
21074
15061
31643
12409
31664
29647
28523
18202
2936
3502
28979
14431
22531
13327
23993
26856
8805
10600
30645
13107
12398
8213
8679
3597
16358
25230
4109
26567
14024
23697
23321
23701
27689
21474
25677
25674
23639
17539
9576
6044
24840
16814
11576
3487
30514
16502
11613
4303
15430
7039
22504
31569
25225
16383
3294
17106
28075
29955
29396
28720
21231
14828
15177
1332
10689
26252
10579
13703
1471
23600
1178
9763
5751
4652
29526
23860
10407
21611
3224
20064
15221
4971
14286
4174
32694
11773
4057
4133
3703
8905
17772
2179
4461
22119
8887
13028
32428
5343
26874
516
27131
26990
8459
20098
9324
29727
20262
10953
21845
1540
75
29570
12119
29116
301
15991
22223
6874
25057
2890
21656
14356
4317
19724
12887
24714
16546
16777
10342
30253
16482
23779
2714
24628
7307
21150
1407
18281
18609
27807
30187
13388
12749
24013
6021
24857
10200
7262
11383
17890
29728
19607
11741
9932
4668
30395
23558
9537
16112
6534
15607
14560
9563
23504
17178
9349
7375
23450
19168
12458
9270
27447
1448
18068
26626
17989
20290
22998
7589
31025
6400
24975
23910
32324
14639
13408
14711
9386
8231
8841
16560
4766
25434
7705
27513
22592
126
11048
619
24025
25483
17254
10600
2784
3049
27968
4084
14849
25372
24147
2269
17170
24905
29505
8468
28963
29615
10660
1043
26523
16154
31985
26334
13011
16534
31209
4061
31265
12096
11111
3497
18939
17328
28342
11671
19644
14763
29272
1028
21088
1487
31474
15142
22255
19681
107
30710
22837
28592
28673
20064
30701
24633
4539
23628
14194
13149
2802
207
24655
23905
15577
27335
6996
23019
11144
32056
23597
26678
20934
1608
12527
9992
12342
24792
9653
16751
26022
26319
25090
10698
14427
25142
10759
10343
27324
13106
10769
13657
6752
28067
3788
19242
11090
5903
29975
9894
25922
10217
25944
9538
5125
22026
6698
20532
10851
19537
12751
5376
24240
14478
15565
13959
6607
31856
11903
28608
22848
15148
8765
30306
1625
7976
17006
22348
18227
5411
32406
20198
28170
2210
4560
12989
31267
3423
21672
18248
23541
15041
24329
23290
5707
5559
28576
15260
21218
1868
1247
25455
5282
639
6641
5114
32055
19953
11095
17652
4524
12204
4382
2243
9297
26486
12939
26305
25444
24780
2459
9417
1575
10438
13716
21495
7781
579
311
17599
14460
10948
25319
28232
31862
27621
15568
431
32473
7790
16939
28260
19676
16752
23538
22105
13965
12483
28237
30129
14172
6732
454
22356
20297
12149
21913
384
24034
20323
24006
13585
20524
3191
10094
22736
6383
6397
15870
14667
20403
9947
30039
6653
13704
6439
2442
2389
3735
32554
4582
2866
24307
23431
11234
5061
20727
13854
16313
20831
28116
14983
28268
19763
23395
23509
7580
2815
8359
7398
1068
3651
22322
14774
14783
25147
27226
6186
1333
13038
28782
17907
12187
4848
11062
12873
9488
18666
15867
15498
29195
7169
23528
30597
23737
4307
22070
20079
27442
27289
7059
11
15020
14239
13484
24832
29030
2257
7662
20917
8919
8738
18615
8464
31087
14704
30525
8402
23311
13382
31135
4629
28566
26509
4192
22530
471
13276
16911
27359
32475
22870
14232
12366
1242
22362
27834
29682
25294
15872
9501
13910
27122
14866
29255
13102
21834
15237
14126
3119
13867
2217
8102
3982
1769
9099
26371
21651
7743
13506
20769
31594
7236
10569
12121
10264
6611
23570
19279
29710
21997
24797
25350
27333
16307
25709
6449
12518
2857
22321
22444
25384
13804
25340
16237
27695
13027
21573
14054
18620
6159
3873
19933
30273
13717
6675
9189
4595
30505
6233
6412
14608
25191
14617
18417
8297
10331
17120
13511
20946
4880
10366
25699
14093
5658
7969
1329
30141
15577
17827
16592
12544
30709
29312
13078
13672
11227
18376
7760
31742
21550
29578
10006
25138
7086
29677
21356
31650
19349
369
17715
1536
25406
13049
4326
542
20867
25908
20399
3831
29010
23754
13467
15038
8289
24081
14787
13156
16922
25279
19775
981
28832
10269
21210
14474
25798
26782
2336
30911
4737
31393
15326
17125
21299
32644
19630
26921
15268
6761
10910
13214
11300
7617
11543
29048
12630
7335
21228
3851
16005
25842
9562
18357
27201
13421
5600
2001
12919
28360
11575
19414
5904
18661
8086
10702
3453
32568
18753
3341
20433
15918
6638
14464
17531
16905
25796
1195
288
25563
5452
13509
8794
28194
18653
19805
9548
1517
5977
27880
24972
10493
16159
767
10996
10152
27474
30096
32696
19933
23274
24966
22823
9826
8277
27632
1932
3788
15960
15477
970
11731
8770
2907
4337
27658
13823
27689
17524
27184
12166
2247
2742
20563
15141
31672
28007
26544
20105
32087
2397
10550
31640
20709
23956
24772
20770
18007
12504
19693
32413
11823
29750
24389
6852
17535
12723
6314
1302
6825
1177
12558
13981
25297
27930
416
4608
29002
1035
2394
23788
9467
22314
28270
21980
24724
26052
19994
10002
6275
775
14105
6880
20356
683
5465
16457
20593
25510
24638
26710
4174
14399
19688
31998
10052
27573
10084
18139
32134
31964
982
15049
14627
5640
12604
32242
17639
17681
6418
3217
7286
16269
13083
8673
26607
16161
13290
17077
19737
8938
14571
28366
6864
26365
500
2250
20919
32440
3528
21926
7649
22567
26118
16233
30637
32637
16361
28241
18150
31793
4968
28798
6405
7032
6775
7352
1954
32410
3595
20796
23270
8993
32731
15376
22199
22689
32388
8680
29171
12004
14820
18132
29705
25319
26241
6995
4456
21535
20871
25303
23507
15258
9807
30110
11875
3390
2069
22663
1859
12809
18356
7555
23797
31056
10390
13452
1575
7106
22314
15365
31520
11381
675
30552
3886
9549
18128
30462
3619
21769
17270
3736
30497
23718
20401
6130
22503
11972
19138
17621
8845
25508
14009
22419
7244
28330
19234
27510
16789
9558
2301
30477
18733
2880
13117
18978
26531
18810
25521
22067
15571
4511
25163
6781
18364
6884
31653
7994
10799
22599
24243
23401
5624
28299
2031
18207
26224
10991
22107
18068
26246
30995
22608
15480
16392
29790
22635
9059
12167
14841
1429
25149
27743
26152
23706
22567
23067
20806
10526
15461
16674
24244
18071
15620
29936
7455
7065
12123
29838
1349
21459
23112
5334
4917
19161
27186
7412
7981
22826
21348
24247
9344
21435
16946
1671
14886
11052
28675
26240
29640
969
20754
23231
6756
29422
15980
15100
8004
1046
7261
17099
18340
1684
25561
10684
26680
30365
8818
19927
18825
28278
12087
26455
27764
25643
8704
2556
29653
32660
21607
15375
14297
31737
7633
295
30742
12300
9723
24143
24326
7013
30477
319
2750
16359
9915
9154
12722
24098
28863
1344
6919
22210
8158
30070
4695
26174
18470
20448
16393
10183
29191
1931
2155
15818
28212
16302
23535
1873
13112
31632
3327
3217
4962
10399
13206
30958
3140
13443
12330
16326
13989
25880
3881
16535
8354
18934
26789
5675
5835
22755
29903
23391
27383
31125
30625
22913
23470
10158
26076
20953
10845
21670
30786
29070
11309
15906
26829
15599
7760
11001
3030
32567
7802
7774
2032
12723
31454
29433
15572
19280
2091
21437
911
8423
21875
802
12923
3139
27517
23302
6210
3779
12162
25323
7274
17692
21902
13905
14683
15130
19075
15724
24965
25819
29076
14905
8908
1502
27898
16458
19475
2705
28120
31377
360
31200
3942
3512
11933
3973
8000
8567
798
6107
13526
30429
3263
27171
1592
3602
16726
21235
5533
22285
11760
12247
5712
11106
22024
17523
15774
28616
585
3946
24889
27305
22910
22747
28963
16963
16985
6861
4600
14358
7459
10686
30835
17631
20792
20294
7852
14662
16403
12998
1316
20650
27372
9099
4849
20941
14288
27535
11121
18322
5473
28004
16616
8345
22712
24655
12443
26289
29504
11942
24946
6837
17771
16399
20213
24766
20883
23872
18472
19858
15329
18998
2367
25366
13842
28263
3327
20252
25482
8258
6360
1771
30588
25281
7391
10281
639
17348
27786
9295
30398
14003
20718
12928
7992
23456
4163
9056
16402
23988
29047
6068
30119
3555
5617
7410
24593
28251
20291
16825
14402
29075
22951
2705
3871
27575
18427
22594
16502
6237
32561
30246
11104
2808
1697
605
30978
32558
4026
31822
20448
25757
28311
27486
22498
25360
1391
6481
12578
10701
8118
20220
4089
10073
17138
14641
11225
8929
19284
2609
8952
6506
13648
22153
12665
10019
14603
21723
4217
32547
23305
9843
30881
16156
19794
838
22160
7307
18753
4112
26518
8921
30564
19343
11192
27517
29761
11039
6284
11442
12605
12350
30128
8770
20914
25206
21023
18904
18532
24464
14960
32559
27896
13723
9112
7930
19578
23084
31240
27774
23779
27084
27332
1061
185
26378
6928
14618
15512
23016
4729
22659
32033
31939
31842
26312
27026
19429
24597
23399
18192
24615
26095
5993
11493
21817
25217
2255
30286
31190
6053
11842
8810
4509
5641
7429
31075
10701
18512
25920
30242
12970
492
29820
4996
21398
17333
18987
10299
4928
842
12651
9082
14698
862
4721
20422
21208
15281
6500
8378
8576
17302
22673
32726
22467
20784
24814
13149
31460
30492
8078
20015
28096
15680
17282
16288
14934
20115
30001
32260
19574
7322
467
20424
30397
1430
20263
670
16122
9541
19285
16791
17648
24484
18109
1630
13557
10097
19897
32149
15930
4949
5300
26650
436
1976
7254
27269
15177
27725
6923
25328
21603
3577
5473
14298
30582
5135
17404
10326
18090
8776
645
23023
15137
29442
13769
20972
10293
25910
7528
19268
1001
6629
16987
7852
7096
15193
23876
13332
32688
5699
16602
763
2285
13537
23685
17772
31662
29482
782
29428
18020
2979
26558
12212
30313
18139
7425
17127
30672
12368
18931
19953
6720
20783
16073
16095
22595
11250
13021
32664
32276
22936
29010
21093
15038
20249
23832
5816
12449
11213
28407
7229
3967
1290
32678
19418
25958
772
7345
16212
25441
6498
31310
20571
24764
22613
25482
31948
31311
12022
23154
16507
18640
30931
5193
27620
24728
16482
31487
29317
7662
1196
4360
31168
6410
14413
23146
12095
7762
14110
32582
15781
16507
15897
2677
13310
19114
20292
14658
876
11180
14897
2302
6130
16139
28227
3720
25478
32501
15053
2212
19899
32432
7174
20160
7391
11212
20375
16242
6897
30272
11120
2898
24515
29071
9437
14611
22028
26960
16742
31581
7959
17429
16067
26294
19607
4113
31004
26680
31684
10044
3290
8853
13198
27057
9593
6410
24171
5594
31577
16789
3846
30170
27998
9353
8602
10353
12955
32461
1784
10338
28080
7472
2592
21762
22631
29845
6681
28643
27835
15974
23323
10733
15631
22580
20380
24378
4901
1520
1377
28191
10484
4122
24337
20219
18878
25087
27488
19047
15322
31775
13149
4054
3603
28220
2843
2344
10370
21776
11263
18238
19806
8456
9601
16065
18165
29581
30524
26261
32279
5769
27500
21036
10100
20722
3444
21047
16994
6804
13024
26202
5724
23676
31588
4037
10481
9813
6484
15309
10400
23018
24498
21477
19170
383
20101
26804
16105
31837
26573
7700
20588
25608
29343
27640
21874
31908
14593
30590
22600
13324
32182
17588
31309
12805
19654
10797
25754
12547
15396
17749
5451
15807
1061
11085
24940
30485
20413
25349
7725
27096
27295
13727
4444
9808
11300
21363
13126
28893
2193
17410
2114
1292
632
22883
28173
24321
13758
5367
7406
28630
30617
3615
11111
24751
7510
2811
31968
9094
23795
11197
5343
7068
24802
10856
13485
7316
24923
15557
22981
10448
18752
6738
27458
30673
8934
19416
20856
5291
117
27946
14437
24168
12163
30832
12473
3115
23219
14935
23519
11833
23447
26294
18600
4187
18933
6611
9773
7480
29086
27846
3528
15018
27466
4390
23890
27446
32206
3883
10372
11631
5436
16167
9841
22914
20547
21147
27744
7277
30839
25186
25655
15069
20778
16229
23331
15841
17890
5568
27705
12157
22053
6738
23859
8393
14924
30023
12599
25215
31175
2460
29218
32275
26418
10931
9849
9627
14247
633
20881
22044
22309
15600
17825
32709
9108
7280
7905
9933
9189
21956
6942
8712
23624
6962
25284
21180
25653
24363
14309
23611
11778
210
10176
11275
7838
566
10186
28820
16355
23704
6827
17171
10335
26446
15055
3275
8762
5230
16775
25396
13921
13113
25821
20131
7607
12747
24819
6819
30606
9215
32470
25143
6243
30819
10423
20060
27258
9412
23198
26320
8218
9119
13571
14841
17913
19268
19378
28584
18759
14954
21154
28595
22986
4036
30132
5017
687
8465
11095
2257
14751
32567
28462
3281
1340
11641
1611
32715
10880
3153
360
11479
24923
1245
22331
9884
4668
27706
24245
6027
9798
3212
3405
10455
10713
14898
9363
30936
28089
7864
24390
25217
14751
12672
10364
16557
11155
31088
32324
21688
28277
26815
4831
3145
7095
30782
30881
14741
12949
84
5891
16125
14665
18914
28083
8825
25147
18346
10881
13077
1872
5763
18208
2664
13761
13430
11403
30643
602
28130
22345
24379
197
7161
27348
19225
10671
24106
1358
21472
20022
3146
25605
30504
22928
16237
8689
24546
12532
26086
23506
7853
798
32390
16654
24948
12334
31357
18739
25169
18547
26474
18788
4572
17263
6418
14478
26657
30284
27865
3877
24965
4367
31250
24783
17905
13689
6480
5203
21525
7322
5870
213
453
12358
28560
4816
12084
5637
17929
6318
20340
24092
21691
22883
1070
16718
4007
27715
24447
31208
4510
262
20235
17958
9383
28491
21701
14165
23396
4709
29217
25901
5328
16501
18459
5306
17956
8949
31096
10560
17175
11562
18800
25669
20717
11218
3702
5912
27765
28526
24434
23863
21488
15327
13234
13650
15039
16829
32503
3832
10599
4377
15737
27098
587
1662
17360
4029
31676
19812
16725
10154
23804
28579
6513
27660
19961
8300
20776
23143
12254
17630
31362
5218
13842
25310
27855
11547
26715
27947
19898
24327
24180
23612
23295
30748
32602
9680
10668
4207
31813
9687
20370
24362
22636
22039
21954
14711
17929
9907
15867
25202
20094
21464
21811
20740
18689
15449
4646
18881
9938
23015
23312
5501
11058
22963
5538
9075
7317
4218
18626
27705
24308
30606
30732
19849
17481
23830
10707
18901
31903
24653
25228
9411
22389
27528
27040
15724
11386
4056
9951
28551
6700
19948
23794
32290
4070
13827
4319
5062
951
1303
18689
376
1576
26236
11124
30245
4290
15762
23384
3344
28138
23676
2371
941
31388
13055
10012
29989
1201
7399
5511
3162
20312
7870
11280
1995
15434
28115
1601
3157
28151
31640
23069
1287
24095
16092
29033
19505
17397
22720
22779
2462
15221
27361
7959
1799
4295
14594
8102
9602
13891
17611
24593
8311
5273
7285
20244
523
22128
13470
31842
17586
24214
13290
15972
4839
8001
14348
14178
30640
16824
1196
6719
14999
15158
12981
8957
13678
5678
3728
25983
3897
25766
20312
10308
2187
32017
18710
3838
3667
24690
18444
22448
1492
11127
17379
13916
26523
15054
643
14896
26774
7786
31502
3351
2620
165
27601
7299
2847
19128
24297
28958
19921
20236
20007
4316
11505
15552
23479
22652
113
2289
19535
8368
9184
12311
31459
22053
977
19032
7982
15520
15997
15788
21237
20745
10658
14888
27229
17119
24724
23145
20869
18500
27295
14874
4502
2284
17644
28864
6684
24434
29871
16491
30356
21898
31349
2323
9425
9797
10830
17809
7293
8239
22214
19361
8907
5257
25943
31312
2110
18526
7767
7591
13883
25042
17149
5151
23042
29785
25369
26020
12423
28554
578
29503
27720
22166
20813
31756
7067
964
1363
7780
18698
17174
16941
4379
4336
4908
5295
20570
12347
13358
25385
31376
489
23897
32715
31330
19306
6182
3595
17733
7204
25913
14522
8642
248
18725
27203
6584
27328
30391
23099
30866
15816
8841
13288
3218
24137
19885
3829
11327
8647
4641
4461
30141
28603
25831
9977
18943
3646
28041
6041
353
24359
17044
13546
11626
11314
29443
9879
27764
25957
29247
23902
20587
21043
17972
2116
6399
8095
5584
5545
21944
29591
16135
12274
27824
12544
10434
27061
20312
7663
14298
18957
15794
26440
499
11067
18380
8494
6347
31278
22053
1461
12465
30471
5474
794
22052
11368
19002
24795
11967
6746
637
30947
4883
12191
28949
15373
3201
22083
5689
1086
653
22172
7577
826
3060
14864
13902
27779
21039
11961
22647
6098
9648
20881
6259
31082
26026
32598
22000
17933
16754
19790
6279
29784
467
16396
19702
89
16298
6815
9536
28253
448
1025
19841
362
1698
31773
150
31948
12348
5725
28003
4618
21132
15761
16783
32355
14604
9941
6561
15843
28931
6892
16802
7744
22248
11184
15053
21848
489
696
32002
24069
8605
26287
9376
11245
2296
12867
32616
688
13097
25372
17482
21805
18557
2861
26651
14138
32024
6147
6499
4845
16226
18254
13948
5488
9289
22221
2976
8909
29620
20534
25602
32376
13306
20249
9652
19464
13242
3330
24135
27352
13087
16754
29525
7133
22981
20049
24328
2483
18402
850
19791
3418
31236
20112
24834
16505
20318
28813
9569
15217
28043
23891
8732
11161
29535
20069
19700
29179
11848
25640
2546
4864
25916
4660
16161
4426
10158
28625
9008
7171
15113
16842
30314
7384
5950
14984
23847
18093
26
28623
17805
2530
1445
7614
11763
17268
24661
10175
19566
17320
12052
20745
7561
26257
18030
22064
1259
14144
3149
10772
2170
24827
27836
21060
29089
26160
19712
5869
22923
21527
31314
11698
2265
21549
8516
12963
16166
21352
2174
3359
14267
29099
6575
28405
8221
10175
10596
10690
1606
27435
18464
29736
3805
11195
12684
11468
5783
20478
27605
5328
6462
17355
24743
9373
9618
16764
10117
32264
14704
22216
28864
19421
30336
10068
7654
616
18123
18451
26682
2304
4426
3960
18484
3509
2145
14216
7751
32271
23832
28566
16356
24028
20624
11107
12084
21388
25542
13004
12147
12232
26214
9627
31008
7502
14794
26246
22971
29301
5914
5385
2860
12610
11895
29552
30909
22638
22482
29293
24108
1432
15356
11425
14435
2031
9330
6294
21714
28652
11186
20985
24916
16892
26942
3513
10892
29220
9801
19904
15758
16079
4097
20185
11899
14405
5797
1810
30325
29178
18144
22399
5019
2054
9885
13152
12893
18501
31970
30069
15427
16712
3823
12466
16834
26713
9288
31695
14124
3072
6279
26920
7201
20336
14190
7117
11348
18767
22032
24514
22869
22605
512
25564
6459
8637
16437
11351
13883
10312
15324
8851
12140
1288
17188
29267
20777
11200
16432
20660
6996
18021
32157
3835
6421
28026
15220
15028
17960
10731
13610
14323
4661
7070
27873
16629
16300
7431
4514
16019
2707
15301
14647
11838
640
23078
7363
30378
24839
31236
5001
10381
29096
18603
8850
29293
13080
24579
15246
18942
6368
20704
18464
29465
12576
5096
23339
24424
7551
9117
24523
28255
21890
13561
28156
30549
4698
3313
19061
32017
10592
32232
18531
24872
12220
14773
12585
15846
1643
7774
31482
7179
19678
6426
18196
1940
30951
24328
12209
29705
1159
11268
15211
14305
3610
7191
15262
29024
1895
12631
16053
29741
18460
26199
22797
12146
3603
30554
24466
31171
442
1484
21828
25636
30232
24047
17705
4573
202
28586
23832
25909
24007
13918
2866
18584
11938
8481
5347
23639
7719
15401
17734
8197
7627
1052
3231
23796
24408
12860
29489
24985
25465
12970
1361
8283
6463
8459
16356
30071
12152
20130
12062
1346
16288
21787
22907
7686
18015
4316
32269
13816
24052
22696
6974
21886
9422
27763
9253
17740
25816
20004
17612
30995
24003
10776
9312
21478
2454
21638
28362
32242
25061
2985
31966
27730
30316
20787
17324
32492
14485
25466
1584
15468
25757
16381
27530
10935
28365
15681
14707
14302
28616
595
22234
15778
4473
8502
7252
6989
24018
12313
6008
21332
23884
17951
280
18980
16332
9935
7129
17954
5258
20539
15952
19119
27820
16288
12606
2374
2631
19435
15131
8622
5546
25747
15471
6560
474
12996
22652
8533
9107
22475
18238
11787
2721
14866
16838
31810
23946
16894
10537
22784
31926
2538
10274
17583
3819
5489
2752
29892
25106
10318
11301
25370
11828
24222
11951
10876
18230
15104
30981
23657
20363
319
26444
29874
19205
12024
19631
31415
28137
11698
24090
23
17252
10554
26213
4128
19960
19248
16545
6860
14301
15280
15825
5069
10996
29354
7229
25641
24453
13463
32537
8230
198
25965
18377
30653
15992
7014
29885
26426
19301
5934
4158
2569
30974
32444
27394
29921
24497
4775
8378
28944
29033
23064
17560
26023
13070
18800
9632
14101
9785
24648
21045
26410
5717
20507
14704
8765
12026
15630
16791
17067
17702
28249
31040
21117
29893
21262
23409
24558
16945
31528
2778
13344
891
20774
8000
143
1825
23910
29035
6282
20628
3403
21617
4924
20550
12102
5861
7893
5983
29749
14089
705
27523
24426
7541
4862
23484
7917
14717
17404
3678
6140
14906
29712
28086
30131
738
1793
14766
30832
22593
30986
22105
1348
29519
23960
10279
3750
4342
1382
993
27640
11412
21203
13240
6783
22306
20121
14721
2209
14530
21414
24977
30950
363
6013
21850
21343
16164
27450
2260
26693
31903
17249
24295
17897
15953
27476
14996
29047
22408
16060
28736
16996
32312
4155
14686
27977
13857
8520
3353
16589
7473
149
26508
8327
26701
14845
25200
13765
16865
11458
1775
30206
22350
27511
31330
15451
31449
31865
7899
13017
7929
5745
23418
23878
4701
24785
19902
31982
3325
1779
17463
80
16667
6843
173
3829
26497
13928
20139
21363
19485
17540
12872
21057
7304
1245
15462
4131
32164
29986
4032
29462
24981
14826
27659
1353
10371
27870
27114
19474
20247
27292
31290
19810
25670
25669
21717
47
30542
9686
24173
25852
3015
38
16094
32197
2855
22311
30972
4378
14622
10949
9365
28145
12957
23998
13983
10303
30805
32555
19286
976
30441
1579
22446
29677
29555
30019
20662
31015
32300
14966
10559
2622
15720
3687
15159
24303
8701
3962
9855
7464
18941
4794
5317
18768
28091
10
7585
10558
24047
8360
821
18786
18700
24752
4627
1265
13147
26337
18651
12584
19960
17338
8338
7930
19246
25251
26683
19763
27406
30485
10046
15908
24726
23482
6435
13387
9980
28157
12986
10977
15065
9139
2339
29773
29312
13244
32099
7087
29994
21961
15222
28208
32733
5694
22048
11312
30490
14999
15995
6974
2587
9512
3100
16627
20332
9615
4872
29881
4107
17102
9613
19688
12969
11727
9718
27101
9844
24333
15095
30319
30968
21599
32420
22917
965
24562
5455
21475
11623
23214
16558
19744
24347
26079
11107
13380
16068
10843
26217
10481
15082
13434
19234
30649
5215
13880
10592
28235
25789
26534
13600
7295
8247
22213
2723
251
5106
12028
15150
9144
17928
16567
18255
2800
5769
6404
30304
10460
15345
3257
23953
4659
7875
30369
25337
3353
1066
9553
31452
3364
2245
16821
13071
3279
26352
20946
4838
8238
27917
17943
24953
9438
32260
2462
6190
8422
13977
5989
30158
29910
25100
8434
14200
14341
25700
1382
13949
11996
27264
22961
14419
18420
1649
27300
31699
27976
2968
14518
29203
19212
15275
31217
6590
1007
26358
426
9231
759
21443
11168
28997
11507
26521
16538
23006
8592
3512
6981
27197
20535
11940
30269
9244
12883
924
30007
23663
21077
8027
30652
30981
13603
1905
14108
15073
13983
7166
13859
4327
20242
11483
4920
29654
4794
30522
20618
19662
30375
13779
25825
14212
12350
4274
11116
15019
29262
24099
20299
11746
7960
20553
19028
16499
25010
1231
16105
6169
2738
3151
29996
11087
26906
31513
14173
17973
5302
22909
8326
20749
10196
19397
2263
10782
7992
7320
13094
11434
13568
20551
23809
31707
11479
8522
1719
17178
28778
27326
22358
4852
919
32534
6366
6553
27127
6545
17036
19060
19646
11218
7193
26919
12862
23829
7525
14654
13681
28662
9671
28416
15980
18749
10490
18337
24080
28315
9519
1742
14292
27523
17283
30419
19271
20442
29361
17465
24172
8007
12247
7331
10194
20809
22677
9461
25069
4580
27253
30004
24630
23953
20139
10331
12819
22365
15887
3100
3713
13803
19234
26176
23433
7871
20019
5279
29701
22669
25063
19960
22841
18448
20332
6715
21535
2690
23953
6852
3271
11705
10386
20357
14006
30318
12637
20119
15348
24866
31867
5364
19049
30956
14826
15819
7653
19680
6755
30066
27156
26780
20284
551
18242
15624
7269
11071
17541
385
3412
3031
10351
24417
3670
8640
2986
14662
30949
19877
32454
10456
22186
10920
17932
11864
14157
3700
17383
21469
28227
5199
9223
10575
26592
28698
1771
10409
4803
21437
16864
21667
21556
5971
1340
11434
5189
455
7056
11105
7223
18282
14338
19105
27685
26608
31716
28167
6018
469
24453
31188
24001
12634
17276
19069
4907
12402
16946
26619
11591
24237
20578
13921
22206
22461
5910
28635
8385
24419
21801
19459
7014
8638
31769
27840
19671
17720
24619
9514
9408
27787
9415
15468
15858
9282
20164
14982
15182
20944
2228
5740
25702
3511
10833
22592
19083
20629
12497
11005
13327
29802
25704
10029
30916
8283
24282
18942
17326
20307
9293
10883
20071
25588
20413
101
26520
22755
28914
16580
3394
6326
5473
27715
24591
19773
16262
27271
25462
10408
8145
24126
12469
23969
8315
10769
4245
20806
29667
32247
2402
15259
30515
5788
19405
7318
19019
24792
8805
7743
5417
28785
131
30670
13967
20936
4417
19075
7473
25655
24417
5122
4627
15734
12576
4257
17997
28814
259
12235
6702
26050
10294
30396
18793
9775
3864
10060
7239
172
12498
16840
10617
858
30946
30969
27455
18219
8542
22340
24857
30104
3097
189
5274
485
30463
311
15191
24010
18831
3932
2970
8596
17466
19408
19462
30477
21908
752
15030
91
6002
12945
7531
28151
20073
28423
24754
9543
22623
14098
5129
31930
9919
30456
18859
23467
32398
995
12702
29521
11246
6506
15825
16232
29395
16452
28611
5484
10599
11962
2994
10671
9100
17901
17403
22085
10059
32565
15974
5327
18451
32624
23813
11211
28964
29723
22450
26081
4026
29164
19485
32435
13390
19164
9169
1082
25414
26092
392
11491
21466
389
12368
15103
31513
5447
2344
717
8727
10224
24494
27484
30873
30069
15207
56
3305
28110
31840
3750
14311
23009
17255
10590
3120
8882
3497
3311
4294
5713
15260
8782
31503
13607
29827
26313
29325
18376
1450
18398
4192
18473
471
9420
12416
17790
16585
4668
3850
405
12892
19573
21141
13665
140
4594
549
8386
7719
6258
1708
17276
27831
11904
15499
28015
8777
165
13368
14483
19159
8707
27106
28903
11917
11005
17949
32731
6643
10306
5644
21543
912
26149
27840
3785
14438
16336
15622
27497
10607
6381
8915
423
23029
11915
28905
18563
12517
1514
27247
9083
15351
965
16456
15790
30524
2580
25962
2905
25713
13222
14237
7828
2877
4504
9709
7734
15289
24665
19414
31932
1138
30625
11505
16014
11670
19841
8721
7653
31405
26004
2601
2609
13013
24668
27871
8172
10268
13395
25080
921
5728
20481
10404
13508
29632
17241
17106
5964
4199
11006
11676
21091
30765
29612
15654
15092
9490
8
4519
1548
14689
8162
16514
6463
19758
14960
23974
8264
19127
23892
31070
4312
8545
13505
20665
21315
1310
28509
13974
6151
72
29845
5367
20882
3160
5896
4669
7485
15777
28337
370
18586
22064
7363
10234
24500
22047
29601
12542
25069
26235
17321
6874
31799
891
9040
23989
7861
9946
22334
6841
18587
12971
21591
23159
18683
5221
26349
27857
9558
3817
21705
13249
18294
10294
7684
22889
12251
24226
24302
1565
21371
2660
14137
4643
8711
18460
9747
20643
8007
32185
13421
26580
18044
19441
16403
17792
3698
12043
12022
25206
8490
17264
17042
2190
23632
21542
27675
385
3596
8521
9936
26647
22432
5595
13781
26221
19834
18038
25440
10492
22857
12398
25307
23411
9097
8904
2872
21025
22038
13030
24966
24846
866
16648
1364
12346
32399
1626
30934
17398
3712
21410
2288
21272
29441
7999
14748
27210
28206
10778
31043
9910
19863
23727
29116
1354
29317
28926
10309
18824
4411
6480
4040
15268
13507
22058
19970
26510
28494
8968
3660
27552
22729
30722
15651
11215
4159
16
160
29933
1510
6414
6278
22573
13287
26386
23644
29499
16420
4779
13343
1322
22409
26265
15464
15683
12309
12503
1363
12574
30584
27642
32546
8777
19868
25682
5780
25084
9979
18421
22059
32258
29711
12905
25228
27856
11997
13383
5884
22526
3929
25881
14517
23931
25095
32703
1525
31901
4843
15300
20882
17573
16345
15333
9148
16995
2481
24061
14250
22433
963
2003
7886
10519
23320
28288
4751
25727
18984
736
17291
8251
3214
24851
17765
11802
9129
19370
1055
17182
21916
7947
2715
23513
954
22869
27940
16978
18251
5531
27032
21164
17998
1969
3259
9111
6810
17320
32279
4923
21589
29921
25086
9543
9910
19726
18336
23171
24958
14146
15102
20667
8739
6294
25626
3866
29200
20234
3740
19355
28085
14655
21529
31585
22925
2672
8660
3238
26042
17142
17534
14852
31464
2009
22639
10855
7253
39
28834
7836
9069
11083
17163
2150
30166
8882
4141
31374
23669
16974
30959
18385
20683
15761
21592
28698
17445
18306
5903
28794
9634
15683
9784
29444
25580
5958
32502
9547
580
31579
1992
19609
22548
16162
7023
10889
28390
22612
4079
22060
32637
1679
17725
6677
15018
9098
26957
1434
20344
11829
3496
5412
20390
8780
24418
29582
28212
8813
20793
26563
16912
24117
19212
3732
18395
26150
10851
31203
11217
32543
16681
2190
17745
24246
25744
26275
9775
29184
3090
19676
13961
23953
13688
25566
8798
17505
16598
26452
29474
30429
28241
29547
6534
17376
5884
26004
916
23686
1102
11957
30299
7947
23918
13976
12046
12927
17970
13176
17512
10794
6342
2300
3386
4760
21330
9229
20748
30460
5972
9528
26270
17569
3340
13453
17408
28202
18905
23243
18472
11660
26248
1933
22470
19371
13922
16009
4061
3362
10319
16714
26759
22254
12573
32179
12151
23306
10842
21105
23397
22539
28854
5073
1695
26038
31310
7207
17609
1010
11587
884
21048
18936
3118
31589
9479
27566
176
27448
19211
8131
3132
11912
24205
14292
25839
9324
28712
17545
31304
22960
21231
30439
5742
12079
27512
16630
1171
27868
356
7922
22556
7498
1465
26962
29167
24640
576
16945
6421
29564
9822
1398
20602
16451
26065
8527
5391
3646
32084
569
4942
31453
26870
20483
11486
26534
20092
25290
16542
15598
24408
13231
5977
19220
5396
5637
27065
12809
13785
5615
12095
4471
24728
3207
5199
19013
6730
2599
1254
2007
9160
8044
19219
5856
29062
25577
37
8418
17749
20406
923
8274
21791
7302
11996
15353
21077
24273
3909
15963
3391
29298
2693
1309
11334
23729
30120
2045
29307
5272
13351
30561
32095
13929
10676
19227
14103
29478
29111
7583
668
5175
6056
31662
16148
5697
31826
6728
28077
2366
30333
2957
397
15139
23559
15674
23002
8514
11503
32483
12158
23971
17743
19618
31049
4825
5590
20072
14985
8688
32155
19154
5995
20505
16592
24244
30871
17634
18509
9373
31677
30841
30833
20136
24801
17947
9087
16201
31261
1888
16928
6178
25085
9778
26907
28832
10442
18330
16710
4059
13623
10198
32448
4888
8818
24046
13272
16608
15019
1588
31194
17742
7211
3234
30102
16269
7006
24192
31622
13019
16984
11310
4741
10516
18222
22062
9237
20007
18005
16261
3249
14717
17708
28248
15339
13767
19846
26861
24062
32531
18507
21094
9007
15149
30457
31784
19819
17593
21441
16937
30822
23965
24110
2514
29890
12247
18367
20345
6749
9853
29733
17494
1757
17002
22712
15807
14258
3314
21129
10414
15298
31948
28045
4274
11860
12193
2592
19374
3819
2956
22491
27601
28265
29629
22139
15481
28039
22087
30289
28588
3424
19446
14946
19302
25980
3187
23188
28921
23330
31232
476
27028
20593
31013
20821
32163
15002
3696
1050
24284
11435
21047
14358
26173
30978
1932
20043
31829
18272
15611
26526
8794
715
28499
17269
29302
15564
8686
14175
24390
16280
1433
21033
28465
12630
356
30717
15242
1493
29698
12873
32651
16740
19470
28868
7013
22470
5616
19043
6216
11584
17286
10824
10902
23156
23952
14799
14717
19075
31001
768
11058
24949
19682
4190
19601
4223
7754
11213
4544
20549
1648
11958
5728
9269
17575
15758
16038
7297
11544
30360
3335
5921
9248
3732
24837
27850
9508
16355
14574
32523
25771
7287
3925
31282
16116
18928
14829
29749
17435
31157
18836
27773
9256
10622
530
17392
13629
14267
4130
24900
32586
21278
8779
2070
26563
17686
8961
23070
2806
4334
6266
26159
26254
26777
23145
21635
22641
12603
10576
32545
19236
16472
20453
3943
11972
3118
21058
13794
17791
32322
30957
3869
26056
29343
24351
32622
3972
29562
13315
17080
15267
25325
4789
3206
11176
8426
10539
7449
11608
4211
25293
3316
23609
17089
15124
3938
2360
12109
15593
8557
7712
5540
5710
27421
12290
31521
18602
973
11543
2050
18205
32173
10950
23931
22966
31862
30496
29438
29990
20011
25069
3698
11063
11735
10522
5876
22110
1347
25265
5953
23807
28360
22730
4874
22667
15620
5050
14731
9266
4756
13851
9112
17157
2142
32266
29190
27802
25209
16111
5405
18362
668
307
9402
6934
31753
2777
11622
28731
3806
10682
31736
30538
27441
19105
29815
3969
1302
19606
23568
5152
28608
12538
3780
32407
18985
21076
5480
7270
1895
13408
6612
506
29370
11020
3716
1137
4425
31771
8146
4215
244
10339
15116
23118
137
274
31784
31971
31516
31890
8203
9498
7875
20212
7065
13158
22926
17812
12120
15265
28824
7508
32126
19782
10694
4436
20716
20094
17141
2071
31846
6447
7389
11184
32676
1650
30006
1697
25073
5541
22337
7894
4132
9766
5909
7445
13588
5342
12554
6293
22784
32702
15611
10724
1726
17185
9813
30607
31869
6996
5068
6343
24627
31417
31533
18190
25494
32110
23159
7182
30105
2695
17800
32561
7411
10712
7924
3536
5330
9089
87
4491
9650
19673
3964
25610
29740
99
2203
21578
22975
10858
6077
5919
975
10677
29826
5928
9204
11307
2850
6981
20361
14109
8692
6257
11716
29309
15310
3663
18820
19035
20287
11103
9286
12550
14456
16268
15778
1873
26467
27809
31858
8457
20897
20961
1330
18048
7805
21123
23562
22169
23093
3864
24271
25872
31685
17661
15519
13283
301
8263
8666
13790
12504
23296
4813
8731
26198
31765
29851
7317
696
16726
26243
16892
27324
20922
14765
11021
6576
31953
31909
26818
31108
28050
20963
3018
32066
4295
15344
30805
12037
29105
26082
10711
20106
23698
12931
24955
1541
19834
8991
14524
6503
14388
6110
5283
10418
14436
23563
15894
31990
11200
5285
22030
27854
8297
31891
22126
24119
30039
962
11677
26492
16356
19977
10853
29160
28836
1202
31581
32440
27481
6833
19467
14306
1538
16675
30756
14136
20972
32370
26132
18321
14966
727
5095
11172
20358
27156
3621
32181
16179
2480
2381
9953
27201
17194
17344
24860
30955
30153
20196
14278
17524
7744
20236
4468
17745
5892
6125
32423
12406
12689
9112
22885
9640
29819
31580
24589
3210
41
28312
29412
16
1777
25651
1397
6097
14061
10780
22563
1804
30474
2517
24713
22240
1893
16803
13264
7026
29440
15976
4005
7811
11846
31602
6546
3360
5819
10661
21842
14520
21594
1196
5594
24230
16736
27803
20205
31386
13941
28911
20848
27044
4997
3113
3871
30686
26068
31884
7439
20593
26958
19314
5747
28546
8570
20377
26413
29835
27068
20554
7228
435
31804
6407
2642
5002
4440
15606
4589
26381
13063
30054
27260
16361
2862
12479
11255
30531
10129
20704
32593
6520
26394
31679
8081
6681
27305
25403
27973
21997
11999
5551
16352
10958
12920
31959
18725
22716
10278
27548
6561
65
16831
21196
6764
1581
16172
18021
18547
5703
6463
7693
7228
20351
30502
9009
21628
5718
20191
2009
2640
24701
6107
12142
10495
3037
25382
20364
8349
14247
8342
31760
18016
6910
26131
30658
6535
31107
30858
5369
5437
19533
18895
10215
10892
1551
4319
21394
26583
5500
5275
17301
9736
596
7209
21242
7854
13197
4536
18970
23963
18936
4983
2406
10835
4644
4437
17489
14449
19607
22867
27592
16060
28064
12810
12483
27335
18841
2128
31307
17962
29635
539
1182
20878
18678
6788
16561
4810
4998
15364
30962
17766
28615
30808
21883
12773
5871
24772
14244
31110
21574
31537
13460
23063
20625
7551
32557
14166
5259
7269
12165
13954
15738
25527
13860
12818
19403
14999
11615
18747
31085
8663
24107
22720
22625
19974
6869
21242
3564
32031
31135
14209
2475
7225
6605
31221
2749
152
22434
21080
1442
5015
2764
8063
1813
14607
7564
2933
14031
23268
19297
12397
17223
8504
5172
11081
869
12591
17172
9578
18381
22211
10219
16398
22697
20468
18041
14198
16594
14079
10344
18906
21862
10132
14134
2844
2744
1163
32282
32163
22659
18692
19406
10198
13053
14342
30308
24121
21136
16005
11249
16235
17116
7536
5559
22150
20109
10103
20250
26573
12090
10334
13091
16631
6210
30743
18251
17065
2867
1204
14505
20162
15733
22249
6172
4196
3879
20995
26333
24997
24955
6547
18626
17083
16019
20220
31457
3941
21983
16819
10765
23490
104
30677
31113
18145
17695
28187
5282
8635
3669
6051
2511
32146
7797
8900
31538
4351
9650
26753
28986
3226
5739
22347
23356
19213
26116
24472
20867
31635
25354
9488
6486
11852
14252
8545
19370
26315
5637
32454
20240
23081
22228
31047
5619
29839
31171
19670
26781
32404
8308
5174
1880
12549
14055
42
24532
905
11431
17565
18844
29086
29675
4514
15567
13128
21612
15643
18837
27317
4091
9319
16741
20432
8592
20495
20008
8005
28466
19442
12914
24
22932
28232
327
8655
27584
27056
5755
28993
14324
26859
10241
10996
16868
17982
3756
15863
20210
3134
9916
26201
17671
4187
19699
17154
32029
27718
16511
10189
30067
21928
19358
19561
20610
12857
23280
5713
9512
32255
26389
13948
2089
31483
17967
31319
14594
5895
12587
23353
31645
19513
17151
7917
21537
31489
17948
25879
20502
31480
1037
14211
27958
11414
4030
2913
5280
13731
1419
20091
11713
13742
23580
5646
10865
25575
15731
30015
30056
1992
6618
7409
25013
32272
2796
30510
1283
2018
31294
16932
12555
3465
1704
16590
23130
19176
25883
32760
24535
5593
20914
28854
16084
21430
31028
28304
14359
21337
10297
8564
21197
12882
6541
5412
17127
4315
22600
18832
13755
5902
4045
29640
476
29806
27479
10878
4186
27249
2247
26341
7478
15781
5857
13724
18221
16082
2617
7736
32274
5151
6789
19466
17057
7628
7789
25401
18073
17137
23006
26181
19579
992
29123
11094
3247
27480
1236
10822
23845
15236
2015
24562
13461
15580
6792
6504
24251
2745
3128
13081
8636
31441
3734
17185
31067
16149
25852
7332
32511
21913
28818
23187
4225
7519
21231
26013
13101
10523
22835
8895
422
31020
29876
21087
32493
19690
12638
19754
19068
26517
23635
24113
17180
10971
26559
3550
8269
26610
17928
17371
18180
25728
1576
27243
14760
11027
18468
9426
20253
27812
15732
27066
16074
687
9345
15481
22858
23557
20895
28769
18169
10840
25452
3146
17708
14377
5687
2715
29926
6030
20788
660
12985
29401
18209
9076
21648
30137
20558
1235
15082
8733
3860
732
21461
4231
22197
5142
31165
20225
17690
13648
30409
4552
10734
12217
22183
20833
29267
13790
6980
4044
30462
12196
6188
3345
26372
30930
4127
4389
15408
5780
19534
163
13349
17843
2501
6258
24410
21688
20710
18117
3250
16575
23086
435
13262
23458
3872
11
22759
2060
25745
10362
17693
23556
26423
26787
10822
10932
12124
31877
26542
29321
32466
11816
8813
10448
2052
17923
17639
12334
2044
3328
7389
23205
12058
19405
18376
11301
16608
18242
29464
18944
24885
4726
15067
1747
28196
8376
15873
10938
26542
2006
24102
30831
29558
88
28872
6921
18166
17295
14502
1416
20439
16976
17896
11753
913
16551
9949
28365
25160
971
27300
19414
1481
16265
12675
23639
3986
11003
13469
22606
22317
19828
10920
1025
22593
15842
20127
29735
23972
74
502
16964
23884
18724
23755
19329
4572
23357
22666
26038
19435
12964
17471
18066
11326
23112
30938
7987
2629
11437
619
25171
19181
1368
29276
31028
20710
13221
9878
30577
2329
29043
27580
13309
6009
28279
10660
17267
3233
895
16842
6469
10076
20038
24384
28558
2341
7823
23733
26701
9447
16974
722
9525
31276
30522
4534
4619
25965
2827
28350
25623
21723
22401
22613
7286
7192
25097
15339
2104
17094
8845
9925
8897
25598
30601
28828
29064
29520
15081
26397
3004
3763
31748
233
27065
308
23955
6581
31443
23656
21503
30949
11814
20870
9796
28828
18878
8841
30703
3876
3005
18886
12361
14845
10434
13414
9705
31472
31760
31410
960
15266
12064
25690
8072
23273
6012
12504
16810
5885
28511
11989
15243
31533
1867
9128
17928
25263
31191
20073
11254
9619
3424
3083
13896
12837
11328
17957
12454
10135
27247
23869
14809
13451
22855
9082
31115
4225
28399
31259
22817
24454
524
17195
2336
1782
11915
26723
20088
31738
6809
21078
26832
9792
20242
24270
27944
22356
30554
25367
30784
14569
24164
5002
14296
9526
32445
13208
22304
23030
27695
1363
141
107
16304
26268
1169
31487
21787
18099
9018
19629
13251
26977
10779
16081
12796
3197
22986
26399
15176
31387
23889
22482
27512
26609
11164
18592
31356
13642
31901
29775
3940
2254
26231
5498
28504
20953
17631
1188
26775
3932
11702
17218
871
19743
10996
19462
16938
27023
7869
15128
13731
21952
10820
23221
13515
5680
441
28535
25234
105
8485
31920
17110
12735
10506
29730
21537
20122
4228
8225
13118
28232
24674
19260
3186
18413
28185
5663
25563
1248
18943
28112
18465
22932
13536
7339
31053
21882
15139
1425
15492
19800
3131
6663
4680
23957
28061
32048
27589
26919
19893
32198
9217
5822
1215
7909
3166
13500
24115
12692
32105
20301
32361
19995
13015
2488
23781
12723
24762
28101
6967
27037
30952
8598
544
5477
3104
2560
26707
30556
19151
1919
22495
5145
13723
22952
1384
16739
14949
13401
32615
15336
5615
4454
17149
30700
23606
12173
14035
6669
4181
7940
3440
25174
19889
25044
4374
9307
12686
21718
22604
15296
12338
5386
24342
22268
28915
10489
9116
29324
9458
2514
12216
5562
29552
797
21717
438
25124
27799
26239
249
8706
23456
19726
30949
21990
13752
25215
18415
31687
13123
2057
8312
7438
19403
12918
15133
24725
13084
17038
28323
22305
4884
9038
8752
25387
1127
566
1220
25494
27291
26870
13883
7263
4739
8880
29045
2511
16485
12496
16421
6417
22434
24614
24397
27767
11117
30214
7923
21254
6659
18654
30194
20617
24315
31584
17057
26319
12336
18655
22239
3230
30789
10899
28052
17529
26003
15232
15099
24395
31666
581
32344
27580
20700
27486
13280
4229
21804
23720
8079
17702
18669
25579
10698
13726
13571
19465
14170
3320
18945
31562
10143
19324
31783
11077
7968
5815
15063
30524
8886
13784
14338
23573
21676
6461
1249
13131
16321
32705
17541
17088
2773
25906
27154
5064
28498
262
17279
1044
32413
9420
25808
23320
7487
14942
234
10033
13497
5256
24746
12053
13967
17430
1290
24465
8149
4379
515
10114
25349
7563
572
18070
17592
6207
23349
30412
305
19624
6769
22818
16745
15133
5216
19267
30087
27207
27599
19108
4355
17938
7025
32165
19908
24392
7152
27962
7135
165
19466
13064
23915
5559
3011
7121
11333
20113
18122
9996
15737
4915
385
27283
20737
7828
957
20153
3033
2530
12083
520
17822
32320
6563
25256
22566
18894
9748
11382
9758
25616
5774
9361
28754
15799
31324
26452
30066
19142
17740
23492
7345
17806
1925
5542
28022
28849
16078
28614
8191
3398
16127
29506
14085
24961
30811
3918
26712
20925
2952
13183
8535
28370
14864
12511
200
21541
14485
4133
1815
26687
15803
21252
30094
25030
28990
28908
25636
12866
11307
23457
6259
27860
12307
7152
20318
12958
21684
31693
18178
24524
6897
5755
9718
31123
25703
19215
16003
31344
15704
28436
15500
9953
10273
24664
6917
32083
11623
20534
18358
19910
17326
6613
5217
23490
20733
24066
28591
6815
24252
10961
25975
20173
8012
5109
96
20814
25987
26640
11735
15755
14053
16644
23969
2941
23791
17961
26429
476
29772
3435
15924
29522
17853
408
13871
22347
22959
28078
7417
15552
10568
1963
26920
18862
9095
9361
32126
26910
3006
6162
26140
9339
26078
1245
12671
2185
21530
16664
2232
22896
5665
16748
13046
12469
1017
32745
22672
5198
22135
27136
12944
29310
23586
12103
28493
3800
24062
23204
6505
23325
25863
5263
29055
16972
3999
10701
22441
30857
5087
11443
29425
26499
14802
25684
23969
29975
17896
11741
8711
24522
21670
20905
9869
2363
15972
31986
12966
10026
23170
30076
51
4478
6355
12090
14619
24836
23994
31827
16666
13102
7926
5320
20948
23358
28188
14813
11831
20163
17779
9496
13349
17726
18825
22065
1088
14563
15354
11817
23662
20358
1022
21947
24809
29257
16508
32750
20700
6760
7285
11667
28779
31267
12019
17971
8477
170
24926
21181
19927
3359
7394
26168
12993
2193
3676
18182
16883
6305
4097
27081
10987
25291
16305
21695
20409
17606
30658
31932
10416
21750
29972
25734
7140
22635
11732
8938
13646
8011
26816
21272
24082
16149
22183
30739
30405
15052
19314
5267
31769
21886
16446
20064
9817
11791
4998
6142
19155
32674
3148
23514
21566
24605
10005
7567
15886
11444
24383
21628
5112
5034
23959
12214
21536
11379
28217
21575
23529
10955
2341
2504
4224
30917
28035
15531
3341
25204
25976
25936
6443
10576
7203
1159
6904
27090
21618
14428
19744
3725
15833
9285
11107
19636
14477
5257
19732
10095
3041
24970
24547
14385
15458
30658
30165
14612
9135
10977
4940
11502
31562
32511
27464
14419
3611
25918
10461
30384
19866
27194
2705
23324
2416
9973
1525
13409
16844
11319
6754
7950
12400
2046
6048
23930
30397
24970
32510
27643
25672
9718
7147
18613
30170
1641
6254
10758
25030
17824
23783
9636
14889
7663
1539
32677
9068
15270
17374
2777
13862
9762
8596
27164
22447
2043
18776
3617
14785
20394
23356
5382
27455
9626
9780
17212
32198
15331
31856
1657
17749
28930
21976
18525
14752
19057
8370
29379
9837
690
24096
23416
20558
9174
19261
12187
8717
12276
31994
25841
11115
23539
8419
18365
5526
6738
1121
12113
10135
30119
29458
19614
7556
29752
6318
12580
8460
8960
30164
25765
28698
22946
29289
25044
13579
11043
12497
29700
25803
20936
1844
26961
18320
1536
15894
4395
1391
7420
31828
30917
26459
2983
8471
20651
26340
297
30562
9336
8589
10189
14849
28353
12077
18094
22178
19953
13913
21574
23308
28370
18289
8779
7819
22167
3192
492
22327
29767
18600
16376
22052
1813
32368
1614
7318
16943
13208
5216
9993
10140
9375
30224
22643
29936
3479
18836
30203
21351
32398
7616
1642
26735
13795
28386
32531
17501
10847
29311
28190
3548
20442
14708
26315
2973
25974
518
13846
3713
8157
25093
13358
21818
8295
26307
28904
24508
1157
21274
10288
31170
1548
29769
31366
21833
21913
10728
4142
8533
25490
25095
22150
25104
7498
15523
32606
18057
2723
17211
23173
5132
776
14129
29430
12367
15824
6184
7429
26175
20940
13651
27884
21183
12144
5140
32620
4294
12906
17298
12710
20832
5857
18076
2513
22641
18317
31650
21869
22562
12722
26366
26846
17247
17385
26577
29467
579
30472
31563
26097
31121
1279
25167
15493
26091
25930
31625
12726
31044
28086
19601
7216
12426
24378
4376
21782
23296
13704
8780
21126
3132
31740
15946
18742
30539
19922
18733
7006
21294
19057
883
5466
28015
23392
8886
11244
16268
16112
12000
26354
28896
16543
31294
25998
17063
672
3884
25113
1001
20238
10379
24151
13581
23715
15848
6750
19353
6998
31445
16011
6945
21472
29062
1024
8659
28546
10010
15049
6236
15393
32274
744
23544
26523
27084
24830
21963
17056
18574
18455
14380
11762
11048
10987
6114
18178
10735
7661
13619
26979
18864
28902
9705
24382
30539
6208
3867
31346
29261
28257
13554
5528
31863
23981
24470
12869
31512
8831
31194
17526
20990
5216
24824
554
2449
2300
8242
21904
22490
19725
9255
25079
18694
20593
17799
23511
20749
489
29336
24657
12975
18748
9576
24955
23373
32371
28756
26585
26360
22927
18076
24250
14542
6725
14604
26714
20446
5321
11299
26269
18581
3440
25582
7289
18237
32742
26060
1341
24141
17542
20989
29584
11102
11467
9454
1072
28662
23228
26887
22010
5086
31583
18786
26122
16668
23611
18379
282
473
516
10022
1916
3315
21589
14420
25867
32363
23326
13936
31568
26298
14325
25531
30555
18088
22772
11043
28093
22695
2709
20081
29871
8353
19023
3189
19136
6083
3519
7721
17827
1475
3507
20332
11800
30676
17718
8125
15768
31366
10072
11573
28633
17807
23324
28540
19225
7503
17023
24213
5937
27700
18784
183
22784
1750
3061
1466
879
13745
30817
18948
23770
26006
17252
30398
2026
17575
17485
9823
23145
2590
30355
14909
32408
7909
18924
26884
29858
10308
31312
32691
963
15394
20868
3665
4942
14449
22308
30740
11185
1968
8568
29640
9625
21993
1671
29264
31561
2648
19595
7427
20069
11528
9084
6747
25342
11786
8576
29983
28785
11697
4764
20280
2573
24376
13037
25198
31694
3187
8634
28911
19949
11222
15236
891
16819
16987
18400
7635
27235
19351
9670
12444
20307
13988
7273
7147
7631
6914
1846
25671
20055
11987
24504
14396
5141
991
1945
16604
189
22072
32095
892
6636
28652
18092
20787
31474
5237
16409
1786
12290
13303
32406
29549
25043
735
25229
26017
31349
7106
9099
24973
27803
5716
26850
28807
24564
4396
25086
22828
22089
914
27997
1878
28408
19368
5955
173
30153
16727
26798
3023
11178
25022
5802
8242
5964
16192
26352
9539
6218
4924
10567
19391
22416
20779
22587
5512
29962
1734
8118
6837
2012
12195
20848
29562
10414
15214
5614
16185
25895
28879
15382
23879
31971
30042
6351
14309
21141
5028
1074
9077
15989
12005
21431
12476
1612
32252
1678
23632
8324
3874
2005
32729
20663
23643
30338
13264
20478
6845
24605
11394
29346
8262
24357
26082
3744
31628
386
6240
2778
22518
30812
21953
11628
11541
23110
6203
20746
7228
32296
6841
20283
1052
20083
8339
21243
23002
29899
19869
17766
2733
7105
4615
46
32611
24657
21094
15331
18045
15368
9483
19662
10178
21810
15097
537
4981
29975
17035
6408
31862
18082
1383
24460
4558
16533
955
25065
19858
12167
14840
27091
4392
10071
13783
8013
4098
31252
9828
4604
26312
14856
19375
28487
7480
2767
21687
25153
13841
17537
8579
30777
8867
17882
10904
3577
24811
24717
8564
1827
10964
6205
18997
20162
18653
14182
25207
18572
26947
32271
16152
28359
4156
11208
28749
28950
20144
21542
19473
31606
2213
22278
20165
23280
30330
7713
2489
20923
17721
19548
14582
1418
6457
2154
15598
20463
23942
23128
13239
3599
23044
23091
19506
912
8386
2678
14528
17110
24735
6245
26095
8567
20966
27892
5008
1145
3665
12674
27995
13431
5545
7027
1987
19625
27505
10246
24634
10426
21840
11444
26122
14681
23525
27435
24948
27053
18069
977
24550
24098
24757
22938
5536
28488
26117
19561
1016
29113
27996
2829
12579
31420
13719
22673
30149
241
19295
26844
5553
8977
25876
10679
20090
20928
17451
15258
15267
9875
18582
21030
26736
18370
3441
12834
24938
14970
6698
28678
28236
14843
30646
17887
27861
8573
858
18535
25086
22815
18128
27423
29069
28523
15557
29248
3726
10799
10027
19878
4338
30464
23923
18985
29322
12264
6017
26699
31282
6184
5545
17722
15610
17098
24252
29485
29528
12203
21726
22607
27664
5594
31796
9634
22680
7304
14614
3475
31706
14506
28571
12800
18227
16564
31988
22695
32168
9710
25468
17936
28851
7283
14325
4199
9205
368
327
9134
13444
20355
25309
4441
25596
15273
32552
106
29618
12315
26557
12880
30069
19501
6395
486
11863
13777
5984
4880
29053
3172
31614
24591
24310
20510
647
21030
29513
23958
19746
9234
24174
24578
16529
23081
31314
4300
31401
1892
18671
2318
30531
4052
7624
22715
19756
18168
15064
6070
844
16119
1679
11956
16034
26007
2509
22217
6232
18277
7725
10311
20304
21203
30974
18920
32711
2219
25611
184
9244
8307
22707
18663
18926
2692
19720
25539
16487
3478
11015
2560
3766
19372
10789
14696
19085
17666
2326
15028
31940
13903
25470
3256
15338
24794
3486
19599
12637
6501
5507
20036
10024
25148
20911
29758
6885
32517
4936
14190
20040
31560
29949
798
23960
11851
3380
31268
24856
18431
14382
23875
6634
27932
1080
2982
18439
25489
19984
169
14106
6590
24637
30624
5979
27691
23874
22580
26395
18785
8587
22743
7335
15934
5902
12572
29694
24940
12275
12222
16869
2329
21648
2071
26784
7744
7595
9103
22816
29296
9561
14768
20839
2953
31008
70
30362
28725
17536
1135
31974
22811
10124
25059
1238
29094
24417
12424
14153
11724
18420
5270
8258
32274
30578
27371
3067
3379
28572
30089
22710
30530
8445
6053
1958
8336
19262
20798
437
16473
29415
25206
7529
26630
21015
6891
18788
6013
20294
20677
23957
6150
10861
26310
8215
28784
12134
12331
20161
18748
1540
12089
26316
20540
22743
16365
1534
4001
6552
22316
20891
26411
30700
31046
29055
6944
16473
2881
30939
17099
5986
18094
16807
20326
21048
16058
23809
32689
31130
30541
18673
4896
10832
15891
5
16060
1294
27130
20915
27556
17208
27193
28385
9518
14091
13009
1861
11388
3967
27635
32516
29670
25580
24142
28593
23945
6095
15958
11897
5447
26061
31159
14998
17717
9860
9335
10481
31506
479
22690
373
20310
17428
12321
22437
24609
17249
3537
3647
32645
21942
10653
9786
15128
16444
14414
2468
13866
25352
13653
6847
30504
31712
7164
21136
32605
22912
31711
15147
25330
14742
17962
2414
644
27470
30616
18166
26930
4017
24133
2212
21920
11171
19906
18611
8968
32342
27612
19893
7193
17951
16451
29869
2232
12878
23664
2289
1454
4174
11797
31069
26391
16200
26860
8015
23444
31648
24347
16487
21306
410
20331
29447
29067
14811
13251
18622
6753
1037
10643
31522
18140
10842
4254
18488
4043
4787
8041
26956
1660
25061
5529
23958
4883
30419
15337
23754
13014
19063
8612
26147
6680
11656
7553
9034
2488
18669
27109
26428
10911
18506
11636
17194
22826
7849
32198
5744
20504
24461
15949
30518
17423
8648
31052
18069
30673
27822
32020
28969
20032
8796
14477
26893
14414
7808
2657
9769
14910
11811
27958
17173
27152
18370
22619
25778
6804
8403
27445
15421
26846
13839
11271
17221
32470
18950
14813
17840
8639
14571
18902
11766
4647
32655
32695
32490
18626
955
30774
8725
18765
14033
5228
9281
18218
629
1580
11800
2895
7286
7865
22314
24859
20534
8725
23531
9429
22658
1471
12233
6869
19356
2572
14925
16178
6366
20787
21522
30934
3757
27782
2067
28861
29748
31544
26709
14031
4994
10227
32266
25912
7794
11243
10193
25986
32563
372
11457
5661
12058
1880
14360
16640
26835
11523
25195
18445
31475
15018
8133
3585
9226
27132
651
19039
11480
32766
18046
31072
29202
26844
28920
947
18950
26554
10363
4384
7405
25531
30700
6821
10654
30862
16256
21047
16202
28740
16501
8910
30806
32366
18451
3298
9638
26997
12085
13226
21854
30747
11064
11870
23994
14036
4588
32067
8262
9719
5824
31039
11488
30401
12255
31911
28159
10672
23295
5871
30345
32101
15460
32707
1839
4131
26085
6364
12360
31753
484
10395
2197
485
14196
20969
4808
11282
27377
31559
18852
13369
4254
22117
84
32217
613
10846
1016
2105
21666
14934
21885
11059
1751
4551
15517
12768
1626
6519
5438
22753
7850
13348
27084
13207
15325
26898
19846
8941
8750
28058
12504
9598
214
10857
9434
3183
2796
6453
21967
21731
18213
19362
27514
972
3554
20945
18531
66
3257
12841
31953
1530
25761
13495
18276
10957
5182
1880
19214
28260
11598
14803
4880
14771
20600
29216
32133
7560
28693
29276
7622
22154
10317
12373
8757
4322
7513
21112
3651
20283
31666
27607
23647
21585
27409
29748
10994
16815
26989
19538
16246
32552
28629
5224
17526
13586
6043
13179
25443
15679
1846
22765
31619
15630
29616
28731
24427
16410
14927
27680
15195
16638
24885
1050
5328
5987
31655
26220
31039
11980
31447
11613
17897
2345
25258
23751
29532
30466
12178
24588
1219
23211
16776
3978
6702
4466
29558
13763
11166
29012
11805
25192
12119
10465
7849
32724
3981
17089
5283
31085
2350
11996
20522
17143
13617
21566
1257
5827
9963
26385
24732
17240
18955
11404
6377
30416
14704
7205
21369
19529
22285
8954
21626
22897
18707
14736
4683
19034
19158
15127
9285
543
5053
10158
27258
13691
807
24204
27530
7777
23281
10090
15784
4740
18166
25132
23164
11959
22158
16416
10189
13773
12799
13673
14576
3764
16770
18526
10497
31556
28408
20908
13519
4821
20881
2785
31124
30865
9445
26204
24329
5068
13801
819
1760
14260
12100
3127
12785
25927
24969
15130
13823
15302
8570
18610
6278
17787
11369
2182
27897
10019
20132
5970
19224
2589
13085
3449
13150
12144
4422
31124
32313
703
19414
17793
26913
25082
21258
28633
18537
11258
31846
32597
20082
68
3522
18122
6381
17020
12027
26442
14182
30342
24951
32559
28073
13567
6053
12790
30071
4722
28071
4107
13041
10048
32124
22665
20799
8884
4881
21708
14779
516
31319
8651
28480
21035
3058
4976
22626
31442
21209
31781
9631
2843
8186
31561
1154
30719
10345
511
3523
30313
13071
397
16939
11677
21103
9930
2464
12517
38
13575
10105
12131
23294
15244
1458
9843
5658
23635
3378
21047
17812
15480
3666
10659
3347
10151
3589
15082
10537
23693
7173
3271
17250
25161
32150
941
17293
17814
21448
6962
29090
9242
9588
23586
23631
16632
32270
670
31715
18924
26453
16490
14798
29144
28691
25832
13775
22281
15978
20177
15757
28655
3714
26482
20
23299
11608
6440
24503
16667
4015
26991
6248
10131
4863
10491
30538
25945
1839
24105
12198
26015
22054
26889
16394
20388
26647
30340
14196
31255
12062
21977
20869
5584
28179
1459
533
32222
22997
5119
26753
3980
27476
31074
15651
3692
28570
1922
3798
1616
32207
9672
14588
18015
278
28257
2587
6209
32237
12959
15995
22787
5499
15677
25072
8697
3115
27188
16864
21517
21289
22197
4054
7143
21391
3543
6313
28668
23456
5364
18762
25085
23077
10340
26488
13722
31626
19838
8507
1212
28680
24908
13052
10028
12677
15240
30422
14652
11440
16074
8246
26973
8068
16674
27256
14302
1636
5416
11288
10565
31531
9167
10400
2472
28604
28865
20518
12664
20712
9275
24359
32300
10922
18200
12599
9760
18400
12745
16532
16656
621
18370
26457
15352
19674
5418
2584
14804
6150
9401
19588
13036
15054
29350
8980
18003
31625
12909
4255
9824
16693
19733
11342
12193
28650
4041
12000
16859
21021
3380
31667
12404
20934
4205
15600
11340
6054
27131
19132
2115
1867
27042
21178
13108
30487
13141
9421
20131
10772
1455
4299
7647
13510
14124
9933
1408
20533
27919
14562
11765
31249
5705
7932
19015
13862
18115
22814
25634
21848
2429
17842
24162
21417
12383
2725
28064
24292
13638
14943
32110
7513
7645
16778
27892
28535
30608
13347
577
32077
2988
19263
7138
13885
16196
3279
12785
12791
9008
21036
6618
18220
25724
5671
19780
17103
23546
32118
19109
2054
27244
5148
28076
6704
25626
30678
21644
25550
28873
25957
5237
23527
22438
25772
8052
26768
29720
32197
25514
31451
7761
2471
8771
6555
1212
8767
6676
27005
5654
24525
16861
18131
854
1465
13757
5394
16171
23711
13551
3446
22374
19057
11149
7756
7332
25486
13265
2927
10066
19794
15267
12533
9443
1076
10031
7013
24973
13542
18142
2835
32060
5588
29912
22220
23985
22742
2414
18644
23597
22318
29389
1804
22892
1275
27314
14152
8750
21109
20607
30769
16296
11591
26777
14338
1214
25283
28175
26701
5023
14362
21136
4231
12873
27645
7015
6963
21321
28124
13390
9421
18427
26198
19797
15352
8570
29576
5769
13464
3482
16973
14829
7253
14477
8414
8781
10262
4954
28419
7022
25892
32269
23080
4514
639
30700
16624
21482
19666
28087
16272
21617
27193
9650
295
21323
22063
21277
31613
7268
26063
2853
23468
25186
13323
25187
23240
30655
883
25045
31180
7987
26180
19694
3832
8838
9677
14777
29547
16794
20476
8635
146
18622
17055
19346
2588
26815
2378
22003
21979
18352
27327
4913
32718
27650
14
45
6779
13987
2183
21658
30733
22979
21924
12139
30407
18176
23928
9977
18718
19332
3590
1129
14548
20997
10384
19611
12458
27939
20157
26051
11476
28942
30565
28971
26724
18371
10899
19910
19683
2263
28029
21524
21202
15337
18896
29449
22918
10522
7952
29944
338
26677
28327
6562
22977
9693
32656
13195
20580
8901
26054
12194
14222
5316
7233
22651
30198
27497
49
16897
17434
31618
23364
7941
12854
20317
24881
15803
22719
6936
28626
17742
32677
31038
9993
16929
5053
25187
20720
20278
13586
9243
17893
15805
26145
30963
24397
5845
24891
22172
24762
30151
18797
9907
31962
8312
3990
13066
7810
4901
23676
32314
21121
5129
4801
68
1325
3878
19308
12323
25146
10988
9795
26485
17215
1697
17233
19807
4521
18300
31127
10115
16139
11881
8265
8471
6456
6073
11133
30380
25345
26064
4805
6602
25636
31564
23122
8345
7044
28173
19289
14846
22300
18748
17469
30330
22816
29118
18450
2530
9184
6427
22247
19876
6861
24690
15273
20190
6904
4749
32437
30868
31305
7726
1517
27834
24051
13116
24031
29905
11840
27729
29578
906
378
23316
26230
6377
10923
26719
17221
8448
21865
4147
11680
11074
26715
31182
28117
20019
23174
5816
23516
5510
664
25886
12100
28704
30873
14813
32383
31700
20785
28745
10736
656
5509
21844
13292
3361
774
32418
20762
32352
7882
6630
8286
29416
30863
28447
31631
8765
22435
3658
23980
24507
7316
10079
29799
16041
29187
6275
19553
28036
8354
29257
24101
9092
17806
22270
19468
17896
28682
12675
1737
1783
10417
23747
21674
14721
20537
10253
25682
4504
4231
11834
32439
20289
23358
10756
11579
18164
16819
13134
19402
29432
27576
25186
20135
20136
30693
11513
6429
18997
23738
16158
26826
28974
24854
18471
29387
11612
7913
29355
19056
22911
31772
22388
11750
10095
23698
18932
30945
15713
9219
15464
16350
15350
22335
7652
18690
16395
25124
22407
11112
29063
16749
15853
14218
18723
21703
17035
8098
23978
30611
21582
841
30727
22055
496
27905
7547
24817
10917
19416
4741
30176
29975
19295
29756
13902
32691
29122
32005
28277
11872
16643
16216
31592
1313
27723
20082
17650
21015
17980
15084
10614
18211
31975
6478
28967
30887
15023
5034
3243
31627
11069
16648
22031
16021
21058
15210
23981
8141
451
6913
8761
15737
32107
8199
14850
206
24365
28814
23976
29489
20185
28443
12751
30094
3084
12975
11708
12882
29817
27905
9048
13777
3511
16965
12664
10455
28511
18124
26653
32055
20735
1055
10692
4974
1631
28012
23606
17092
20369
14444
13972
7869
14219
14851
30719
5783
26471
2805
6818
2537
16690
11963
24645
11186
27020
25235
6948
22405
6336
11965
30356
18945
25701
7106
29698
23159
18359
4824
9937
14474
18954
31662
26778
24363
30846
27424
3887
28641
32605
29135
24565
20598
16862
21959
10938
2198
32552
30660
32146
6786
17648
9241
29465
30364
16109
26129
20007
14977
23366
20161
17861
18334
13328
23030
3501
3778
15909
18878
4713
25421
27668
26564
2987
12993
30563
32672
24658
11791
15298
20781
20141
1925
25270
19520
18953
9985
28458
23542
20731
12068
21016
180
20999
2377
22091
32240
14764
31043
27887
28260
4400
9351
4531
5908
3470
24564
14419
7193
25581
5780
599
28708
23698
9892
29714
24421
23242
12102
2510
32323
21772
16123
6909
21950
12425
25418
24783
9545
30141
21417
15780
12600
24816
20518
1211
7191
28404
27804
4519
14517
2861
28279
14767
24417
23907
925
144
21162
23042
3154
11567
1205
13739
12848
17356
7616
11096
13528
15573
1900
19684
7355
14714
2063
25474
23184
21466
26798
10210
21718
32013
2001
6289
17904
18147
28203
6520
9416
20402
15354
13264
9781
12501
18012
10261
30089
20856
3976
6959
31451
21037
8387
24056
30523
28419
30130
6888
7423
17263
10082
6628
15447
3590
3617
16714
23216
27671
28523
6067
20310
29438
31454
13265
23392
24259
20203
19123
12973
1388
20849
18049
21990
31698
1915
11341
4651
23067
10307
26837
26934
18086
9609
29030
28552
912
14191
23655
5331
28438
3586
2685
6027
6936
20374
6746
13687
26350
1553
13895
32003
23483
4003
4119
29451
14195
21383
28224
10478
12241
18537
494
19397
15560
22074
7761
5206
15414
3028
12030
13456
1198
30678
13476
2578
5522
23626
22940
6880
15461
26228
16061
7678
7233
7023
3309
22453
6511
16861
15051
27980
111
21399
8579
4533
25705
8977
28284
10707
10199
30155
15381
24430
7928
20606
24659
3873
23593
26880
10549
18206
4598
25752
14687
14305
2565
17541
23451
29030
21393
7552
31517
2221
3695
15408
13572
259
22797
2993
8705
10379
14569
10417
10492
14649
24085
11001
31215
27512
27209
25300
26490
32284
16783
30669
11474
27495
12137
23236
16357
482
26877
7384
9941
14230
7538
8164
19888
4195
7454
13374
32663
22480
30476
11648
17668
23902
661
14852
26317
9081
11825
20467
19509
16690
13264
30506
8487
21505
1726
13111
19200
19005
11907
26804
29503
9522
7253
713
21487
14273
25445
30874
12383
13734
19486
6538
16640
3188
9421
19107
14905
13022
20065
30821
26116
26613
11524
28933
6486
19935
26527
31458
6969
20832
9303
7270
5648
31077
25908
28015
24564
14029
10133
3977
22852
25338
11320
14765
31560
17428
11966
6127
30309
14049
1471
26313
30767
23379
6330
11388
19072
31911
15755
2955
32007
24955
27705
3210
28429
6676
24841
23185
22726
27329
1294
20878
30108
28414
22256
14256
4775
28754
13916
10042
20183
8554
18966
15223
1895
27947
29604
15136
27077
3547
19952
6440
31245
701
14022
18456
822
19956
331
12515
958
15575
18156
16759
10021
1938
32011
29201
24952
22610
706
10710
26263
6241
25999
23388
25988
24200
3806
20365
19104
10734
6782
19652
20500
1155
24485
9872
29686
1884
20026
23230
31335
28899
15931
12874
6209
24732
6351
15271
28455
26353
6523
15768
30800
30476
18510
27355
3791
8408
8831
28389
25251
4377
23327
7230
8039
29875
3421
23855
26160
982
27243
4005
13387
11165
1146
8482
9264
22431
5707
4245
10794
8455
21299
2103
23741
9341
16301
27032
15496
21642
9964
11532
5776
21608
19673
2436
18858
6365
8106
17441
10110
23133
17672
1272
11869
9561
19540
29518
29329
28404
7695
21599
3996
19070
11904
6236
5917
13413
1974
25032
5573
13723
3889
21093
6460
12233
5252
30418
18099
24434
26432
17824
8245
19726
2501
22395
2122
17198
4034
31397
19190
13984
2768
12298
27933
17474
30873
12009
24513
21564
9113
9623
28788
25205
32091
21305
27083
528
19564
10182
28650
5112
11301
10294
551
17646
24615
30605
2018
14182
23012
20953
27528
28952
4026
1547
27033
1147
907
12003
31134
29218
27070
32199
26363
21455
4730
664
8565
22615
22784
6576
12321
25154
24106
27043
21839
5506
5054
21342
14348
28031
7466
10113
3760
6800
19994
31758
26817
7319
11761
29726
10083
270
16354
21643
24594
29540
4732
23755
24816
23856
9759
31306
8522
9513
1184
18992
1657
13867
10676
3516
18694
12797
13559
86
3633
13687
1938
26861
296
31356
16605
1270
10394
11718
3881
25466
23935
4009
31618
876
23549
12480
12502
20553
5161
10369
26925
6697
14276
25329
15598
8466
26337
25776
31287
22025
3459
20852
21729
15023
366
9028
30487
23275
5767
4808
21624
16344
1799
6024
20807
1604
22968
26653
6957
3194
4153
21126
24582
22833
25941
15732
16131
23154
2256
30101
12814
5993
3924
14393
31146
16915
16424
13982
4917
15599
27832
16770
18634
12794
16968
30982
17716
4509
32538
8950
261
14846
27463
24996
14898
11149
2162
22130
31206
22857
9296
652
28334
8512
14075
16442
23592
573
23391
9699
6528
14783
6271
3789
27324
31067
7578
18315
7407
3030
7484
9907
28741
18851
143
8112
7748
16721
21138
3385
24492
21235
25662
7666
2482
12104
17895
13473
28866
7395
30241
30308
3502
32217
6108
17088
750
1853
14609
4923
11371
12817
7682
148
19609
17846
7041
27321
15257
3411
27847
30079
17265
4944
17676
16299
31914
8416
2487
12573
198
10727
23546
12662
12574
24636
10642
28481
17212
15493
30405
29420
16745
9544
23075
