1000
4333
32225
28548
15241
61
25409
25679
7971
25227
786
18114
24182
10992
10628
3155
19844
4432
468
15650
504
7329
24989
23189
26552
31456
3173
18546
3175
8532
3054
17854
21477
29646
14278
21578
12319
4758
2855
3956
12803
9185
29837
20405
31418
16600
1667
11595
16229
4529
31511
28398
22883
10401
12681
1924
6150
6237
6128
2238
22091
18540
6975
15570
11227
21365
11902
28510
1747
25637
27679
21869
842
11988
1668
12770
26670
3730
32417
6068
5886
24856
21857
19105
11059
22221
15384
21939
30479
3387
3384
2789
9141
13336
7354
2147
25352
4865
4737
5923
18453
27638
31202
26447
5916
23561
26050
28675
12110
22596
7105
3303
12991
10224
16434
11332
1504
30246
12825
8988
28896
26324
29849
10778
5428
12632
20542
7025
883
22365
9898
20381
10690
31412
32753
5596
19950
24960
2409
8361
20040
14425
29511
10953
24482
23305
11244
22248
3833
7171
12046
4240
32357
17679
26220
19408
27035
31062
20845
32536
11376
2959
29086
7971
15859
5388
13170
25956
25267
5329
19664
28690
24816
27032
5308
28156
495
32744
17260
14815
7729
28167
14481
14867
27761
13728
559
27954
5205
12467
25470
13594
28285
30961
28343
8818
23311
19053
1691
4561
16852
19082
3733
28104
12368
24880
2308
9649
742
1690
5375
2855
4162
28668
21528
11360
26875
28313
29863
20108
4255
15351
21611
32342
18871
6221
16144
2015
26671
466
13517
944
31635
3992
2702
16712
8606
2388
8503
19763
21510
26829
8049
1741
522
10205
30171
6558
24079
31275
30616
15891
28767
6480
10500
2738
10368
26486
4813
871
16600
18470
11457
21908
21444
2546
9546
27702
21853
30377
20521
20379
20126
11979
4115
31902
26268
17540
24132
5413
24490
28764
22661
26555
29313
579
30315
12457
27069
9313
12526
24148
7381
13544
30918
2151
31965
3923
17128
8823
11300
15634
7622
7614
3670
25360
26701
5161
21582
13917
8431
4526
5437
23575
19275
9068
19568
21748
23168
28066
17270
26908
11055
27732
15004
11621
8123
6686
3553
21471
2748
26476
30240
24934
22671
25327
7474
17518
24860
32306
5729
18071
20810
11229
27078
28998
14364
805
56
21197
31411
9349
2496
20657
27935
27306
2316
19741
12978
13666
8461
25086
4290
24172
9437
30773
12610
12303
1892
29606
2321
9869
24373
6191
23184
26875
6762
17386
16300
17661
1504
26845
13718
8813
28709
9059
2831
14639
2351
29782
15560
16482
295
28991
29518
17469
18388
3051
5608
17217
28885
25407
28467
9410
22973
31861
11976
10433
8006
5803
32656
19587
5562
31637
17279
1200
11064
12069
1493
1928
21782
23872
15587
13379
15979
4483
17831
23711
19041
17534
31667
9713
14136
8321
3927
22123
25839
32063
9555
3501
7251
3698
31284
20865
28985
18470
27739
6487
2442
10803
4887
31178
31823
4784
25061
1665
29871
28492
26291
9745
30901
4756
9380
13570
27384
30613
27073
25703
8559
32630
24729
28058
14298
20188
28631
13083
20608
20248
31723
26100
26498
24085
13296
32354
8981
20060
22417
2562
31483
32435
7640
5389
16325
9570
32548
31156
2055
29264
29021
21256
12027
21767
18288
2187
24116
15847
22184
5458
14128
20725
3896
14546
26625
22113
18446
11230
2710
10877
2339
2018
8587
7289
16889
15085
28388
640
6184
20950
20109
24468
30754
7696
30623
1956
28710
22565
29342
17292
22439
20766
25762
3476
17507
8343
18191
6091
20203
21265
20709
25734
25454
27610
12515
9008
22339
9558
11876
13273
31391
17776
16585
9728
26415
25999
17292
27428
7514
6783
18981
29921
20148
9175
30037
5036
11909
15225
7213
9214
7508
22208
3236
13736
23215
1095
31645
32112
10496
18358
24288
13179
28264
21307
27816
12124
24782
5281
22156
7639
14808
30173
20
4534
22532
26946
14589
29162
5404
17766
10102
30316
29885
13600
25841
21377
145
14760
24022
19629
7844
22155
5362
16335
2344
20252
12330
3310
8262
20143
4362
22833
9164
21097
25015
24672
28330
9509
29966
14074
3266
25691
10923
2341
1743
23406
15021
30098
8943
15210
17195
29142
13155
4885
17613
22357
16190
2986
29750
2540
32277
22923
27872
11511
29232
11799
5690
25090
17508
8160
10048
16929
24333
32073
26643
16996
31557
19468
9633
16668
19251
3135
23976
2616
15664
24507
12789
19498
5950
18458
17600
20887
32117
2123
28663
6124
2405
10475
20413
10268
21486
21061
90
15578
29742
9620
25414
26276
10567
30129
23094
1485
15835
24719
18949
16370
28806
26032
157
17944
1903
30021
26972
4067
25488
12202
20889
5527
14279
19936
26576
5040
5269
25579
32216
31759
5345
3803
11556
26586
15469
3895
1980
30485
20751
8832
6890
17165
30652
28658
3848
5567
7698
4086
22514
31908
31340
25689
20335
27307
32115
10325
18406
26726
17724
29444
25148
7122
15296
24872
15985
5395
30697
1939
7753
7044
19538
18089
28587
15640
32646
31776
28985
184
26257
1543
431
12874
1678
10629
13955
15186
8640
18570
21440
13077
19766
14586
21860
23181
16521
16725
5238
14579
4187
7174
27394
3761
24959
4027
20923
7910
19671
21804
23681
3023
5256
14904
5292
2995
18763
28713
792
20791
25732
15206
30765
7988
29265
19454
31846
18805
28364
8600
5694
15717
20785
1276
15397
32176
23399
14601
28935
5868
26791
5822
21486
26107
30566
22163
16137
3877
10060
3034
896
13148
24870
14157
29517
18981
22937
23150
8007
80
7213
14292
10341
28914
14066
18225
5856
3394
32151
5153
25330
9067
4888
10300
30499
12763
21116
30663
24169
18493
3289
12406
6406
10934
146
14012
3132
19917
6372
11919
9384
9288
9653
13557
5592
31193
27613
29848
16893
31467
11209
19774
6249
7480
6633
28634
17529
1055
17248
31916
9372
3332
4208
30193
17945
10021
12038
26402
10320
22204
18620
25711
4897
21888
25723
13444
13409
27987
22562
20640
18548
1732
15834
11358
2970
27934
22379
19199
13321
27471
21653
29466
31366
22239
18127
9143
12162
9050
4125
21015
13326
28590
8621
1874
6147
27171
6263
25527
26665
3469
28999
11250
7420
7127
30191
2001
965
5610
9702
30790
21201
25072
1488
12891
4375
11529
17446
2453
12314
25947
26177
3842
15199
21798
11772
7503
19336
1962
23442
12431
4525
15075
14
820
20041
12918
3625
12330
20862
