7500
32702
1398
13971
552
6947
4430
1848
13876
23087
29638
15374
13533
6838
12665
23395
22368
22722
28244
26969
12765
29551
27483
10406
17798
24576
14121
3985
24794
19912
29471
10382
31069
8123
28266
7639
16253
3222
11275
6185
9028
507
21090
21827
25952
21466
5275
15810
17347
6960
12897
14392
10493
21506
6019
27441
9845
16569
6689
17373
17670
18712
24321
6825
21942
2330
29953
13822
24801
9934
20490
23928
9246
24302
16667
10195
20382
12323
6001
20957
2094
4739
14982
2115
23674
13725
3533
18245
10873
9238
9083
26869
29604
27736
3178
29280
18172
29695
29934
21419
5225
4091
6274
29159
16828
6086
477
19580
19722
32064
32144
24129
17906
10351
18992
5954
5241
13155
4145
15300
10285
12039
24618
26181
29692
12110
4143
27049
27699
25262
4656
24487
10028
9363
4970
12994
9680
11149
15534
12317
24628
15190
13658
28949
734
27084
18887
30855
7025
5731
12987
19503
5758
13522
25301
21252
18274
30964
22190
24073
4749
22896
27825
17950
3334
29496
8324
7569
17599
11015
6527
8071
26947
17174
12820
769
22735
5174
13484
11955
26359
23447
15599
23439
5104
18193
7470
2428
26986
5716
26822
14523
31374
19520
22622
31067
16926
26106
9913
31311
29497
10918
3843
1794
17706
30722
29290
29652
24187
11423
29467
16541
29443
20972
27436
25967
5403
9198
7798
32698
24126
9614
20860
29134
29275
25962
31728
18326
15686
1036
2399
14775
14391
7581
1309
1025
18422
3229
13020
14227
9115
14056
31970
29730
16510
20578
759
11095
9295
32035
21521
6490
11590
28266
27344
17086
18396
13631
8866
30802
3793
3594
19430
10792
11906
8683
9707
10045
5191
26944
25002
8328
21441
359
25992
5938
7727
5893
8060
25729
4438
25558
30574
12131
22964
28733
29448
25088
17060
9940
2918
23316
6232
9853
7989
9758
20487
4815
30019
32753
21807
23866
27537
1650
22371
17193
2684
417
16415
10814
2333
20664
13967
27221
31106
14414
6389
2940
23404
2395
18861
5827
87
30251
31565
2738
3352
29870
21804
16600
13245
25187
25869
30431
11102
8759
26869
24887
25261
3860
22500
3428
28237
17616
7415
16495
20948
10789
28340
6821
19359
25869
23484
7283
8438
21568
12039
25641
21035
9823
29399
24318
3895
24553
28240
4511
29089
14332
1608
9863
20315
17959
2241
10553
6287
2337
18937
18188
31908
6977
2638
28533
16018
21947
26602
11431
8732
31237
17620
1563
11022
27731
15494
24529
14493
1355
11737
16862
26397
20598
20446
19932
24687
2691
30678
8100
9058
10046
5102
24018
16842
7394
8038
16675
16905
9730
6921
1979
17058
9769
32582
18230
25822
25168
12192
3250
2068
26188
7755
12973
15562
5744
6094
2421
12053
4454
31756
2655
19622
25844
4076
29827
29424
4246
6373
29299
26344
10243
19192
19337
30266
27544
4223
749
30052
4971
8303
8112
15187
8417
26095
23640
13994
4378
26688
14598
29568
3307
21474
6696
23878
23830
12819
19398
17890
28637
21431
22845
14289
19155
19618
30274
7685
13324
18573
24436
17985
26249
17275
27318
3116
22035
4792
32083
16041
24440
30487
28022
3097
29969
31431
25305
29733
23082
13182
25940
3466
13823
29982
6691
6980
3176
26737
7142
32000
23423
29369
29832
6003
1212
11012
27180
4137
7980
18889
14362
7806
884
19528
7695
377
29924
4714
13309
20727
20901
8824
2137
32477
11540
13775
22954
29208
31244
14750
6814
31830
6348
15871
5399
16085
32076
808
15014
1642
30213
15699
5726
19301
18453
16039
26495
29198
1162
23992
31197
4399
11094
4184
27750
5687
30611
29679
25669
12065
27348
7834
9488
15549
10164
7330
7249
26972
8649
5109
3882
25938
13879
22579
22736
11277
14760
4259
29450
1755
4460
66
10349
18754
18422
2422
30120
231
21747
28628
18461
32412
14124
15027
26344
30316
31307
1093
27743
7224
15676
9049
23377
27270
24406
15960
29088
9530
3630
1807
14370
29043
21850
17555
6770
2839
1152
6272
7736
23507
5521
20594
4495
10476
6628
1368
7776
27561
6583
27663
25907
14233
2522
9580
7198
9637
28400
9757
22863
26929
21118
32128
9938
2216
12953
22919
16272
4181
3525
20463
1672
20335
4371
14713
14516
17693
28045
3325
13814
28812
1415
22578
30570
7439
19896
30520
23080
11463
3753
24618
31023
1609
4318
17974
21690
390
20533
26747
17081
22057
2950
6878
30351
25301
1045
23868
20876
30830
13763
11666
32237
11636
11730
28022
3865
3547
8777
10848
18488
16731
5342
1582
6070
5044
17708
8316
8736
22547
24006
17005
837
6722
28406
7077
5406
17162
21368
22096
31683
315
16178
17040
27695
2507
10794
25343
19803
12043
14638
23869
28658
1787
32692
9133
20844
14907
14074
30609
20139
28607
10393
16127
22791
25385
32336
27797
4311
11816
21696
30536
20439
4646
3190
21401
22331
17741
3373
31526
6512
23466
13911
14515
8856
2422
6693
8842
31837
5569
30656
10553
13475
4966
17990
22754
30153
30561
7817
39
2279
31122
6749
27871
3946
15713
18626
18186
27006
16770
19609
21579
19668
2962
12828
1140
9797
9388
10487
26444
14103
139
2015
2143
11740
21934
19650
19402
7607
6847
26044
10268
22824
29919
5473
26750
18457
6882
1411
10881
28572
28294
25111
31703
21295
18345
22405
11315
7692
11315
19946
14440
21016
31764
16758
4219
13941
24676
30288
4041
15739
18901
16743
27993
23433
7078
27979
4682
32291
29115
23718
415
12518
20217
8927
16389
169
23453
6692
24504
26513
9783
8672
29293
28944
32445
2592
11980
359
18118
28049
12203
19933
29055
12300
22212
25531
26002
23578
26026
20332
7822
28014
6289
12688
8319
11189
23678
2844
25502
6483
11298
23993
28902
5553
9534
3233
23121
15064
2642
14302
20339
20116
31675
26169
1774
4442
27722
12323
16305
25086
1091
21957
3569
30652
31383
27033
2170
8134
11123
30855
26159
12093
22940
6864
8667
28733
14531
9356
29604
10047
31538
18611
14680
11427
14124
229
9476
21922
13232
22797
30352
6308
19367
2001
16751
30116
32156
12321
6420
25911
19076
246
23548
9805
14106
23600
4847
7030
27821
14765
25342
17455
17599
11059
12182
25092
5482
28145
16114
29869
20674
16414
20175
13680
19365
31051
15807
28809
7541
15145
29294
14688
7159
25223
24990
7697
3195
8603
14657
12383
1099
22287
28210
9954
18814
7418
21810
6824
32267
22276
19710
20740
32721
20684
5602
32238
23868
14175
28709
31122
11029
17005
12520
5079
1950
25878
17308
853
9758
5746
14794
15989
13584
32384
2283
15992
19188
8856
28320
27978
20098
32711
6243
24325
19001
15159
6588
18315
9572
30954
29429
5901
27561
2494
7726
16167
11146
22590
16943
10035
31314
18816
32698
18646
1776
28518
17771
26751
7788
6373
29319
8605
4675
28195
3641
20412
16254
23477
29867
18426
21751
10126
25840
27616
22027
11186
4309
2461
23124
9252
14908
28020
15873
1196
2783
32163
2841
1629
4788
7393
25943
29141
13271
4928
4504
10467
20360
3682
12013
4693
12094
12021
7400
16171
1400
4299
16150
19306
15036
32741
31401
17341
31494
32638
32176
11056
6298
24453
27812
20630
24897
12418
22541
6755
21436
27655
29246
12333
17314
2908
1316
20673
703
7005
7448
9954
13324
27328
9699
6672
27920
26091
20619
22133
17671
17075
9949
4527
9477
24398
17092
25588
4457
11681
17163
18034
29025
22137
31228
19762
8373
5038
13821
1850
23020
8650
26527
22068
8642
15977
25906
11661
11831
25400
23081
9737
9586
19742
13948
31269
13521
25118
12199
17683
9408
17473
11637
31739
18654
13616
10560
13053
27701
10269
30342
22404
23895
32409
20888
2249
6875
11178
24154
21952
21291
6095
6788
18810
13442
27114
24404
8083
28348
12855
13039
31284
18369
27983
8638
26474
23811
1811
13406
17434
6474
14008
32010
10256
2900
11723
7490
29192
126
7967
9565
26656
20907
21129
22067
24442
4930
5415
31019
28396
23515
8031
17257
19861
16204
16190
2771
10051
9072
28402
13620
14246
28906
29250
14202
289
28980
20943
896
15078
3227
21617
23230
26899
13617
31022
11405
18455
13657
20102
20201
18738
22286
9945
9443
21453
25482
31012
29506
10604
18606
28193
28793
1496
6510
12060
4801
4950
15577
13833
8494
22531
20079
2875
23142
20124
13905
14907
18988
7391
2633
295
21762
27274
5357
7457
23285
16044
31294
10411
14752
23981
7993
14252
3737
13886
31677
32060
422
4319
11918
26369
25251
15200
16199
28510
24310
29188
16890
85
3707
14315
13463
14514
405
7582
6603
32717
31691
21886
30628
16487
23131
29815
22359
21016
4256
29619
10868
7198
31625
2416
32081
31078
3017
31791
22316
20689
12612
10041
17450
30328
7162
17589
11251
20693
27403
10287
28501
20198
21251
2998
23160
10434
8675
1528
19847
17992
23583
24822
18552
2293
24404
13340
24700
23219
8704
1805
28094
25905
12193
21240
3509
27598
15711
6411
31695
29617
14422
30402
28065
25227
27088
17135
15587
489
11972
21455
79
29485
23353
22819
13019
7257
25755
29036
22509
20312
28493
22489
20713
10372
30046
24050
27992
10269
12564
23837
1781
18047
8982
9954
20295
14422
30864
32020
19305
16402
3729
5545
25869
26835
1985
14890
14730
1380
26914
19848
27600
918
2
31145
7358
4239
6543
3028
5119
16236
27127
18464
28388
8425
2624
18885
25279
15260
23891
25272
31852
16858
7646
22089
5723
28471
17670
23588
23911
28253
27842
13417
27493
8558
24189
23692
28742
300
21463
18189
11577
10236
25958
26534
4703
22001
1385
1189
17173
11615
24908
31526
5149
12258
6302
8107
20010
21871
23727
19649
4317
22562
26441
12604
6182
6412
6218
3999
24178
94
21505
8742
27261
25105
21156
16249
24183
5273
21411
23397
12633
23089
2392
29657
29691
14907
5637
18816
25343
22136
29855
9277
6933
23426
7269
14977
3568
1082
24778
25649
8503
26726
7849
31954
32003
15237
27792
4447
21781
12555
20133
15534
29657
13719
3883
10705
17792
22429
8222
6885
25180
10284
915
14641
5663
9009
5397
11636
26230
5849
20880
32716
6179
19309
17542
18124
18408
232
3189
9123
13363
16816
89
6298
30773
6041
27739
15794
24206
19640
28321
15510
11341
5221
6987
31467
8666
22567
13239
19743
7666
16008
19265
519
12892
25229
31382
7038
29129
28859
32241
180
6519
21472
4680
8595
2122
12051
25955
4780
24581
24189
30556
6027
22335
23219
2595
29169
31872
5191
21014
5137
5353
11660
5371
32357
26257
20038
5867
15446
3559
31382
16759
14208
20565
17928
2847
6765
29618
30608
14970
8601
7785
22940
23648
31099
2821
2455
32738
32370
27969
25959
24193
1934
25252
8866
31004
2241
22184
23041
6663
10196
31408
15928
21390
26894
27371
11033
25065
22536
13422
13309
20973
10787
31444
20055
24736
21844
17057
11675
19791
5801
31382
1590
29501
22736
18635
8214
32232
7259
10008
14371
31982
24432
31466
463
13371
27149
13706
2220
17216
11671
18984
15686
30795
27570
30456
16706
4443
23765
9878
21050
4962
26054
4555
1063
31935
18204
5304
22488
1883
4108
25314
24693
2907
25490
29650
20796
25516
31597
31956
5385
20937
31323
18440
3200
27135
32346
26705
17200
22508
8771
6868
4852
5897
9249
27136
8714
5239
31667
19607
12147
28624
21309
27258
22921
23632
23100
12829
24684
19158
13517
2614
9048
19076
28611
8061
59
18836
16794
18034
19906
18632
30124
7934
7944
4310
11336
7475
18745
9048
380
30548
6925
26931
2370
31650
7418
17774
31889
25877
25908
24177
22715
8436
14064
15566
21142
11283
6475
14847
4477
11892
2540
30489
23221
18794
8754
10456
17974
30938
7006
264
31813
26204
23973
1189
9464
1756
6329
12858
28308
21090
22332
12173
29937
5249
2562
15771
14442
1869
14637
23541
11203
10963
16869
9708
25197
3999
18111
18265
25480
16217
26860
26006
30092
19400
1267
13235
11565
28835
17267
23875
1887
30941
25586
13613
11662
8244
17540
24327
22791
9831
32589
23110
30713
9454
31533
14679
1915
8240
9924
5579
30764
23463
22679
20615
20051
6312
9059
4903
14318
28867
30773
10865
564
28288
4600
6727
8875
14809
13513
22568
1371
12154
14811
16299
8792
16494
17958
21160
10783
9438
4981
26441
22346
3702
7703
11147
7074
19382
23428
28752
31339
14645
28147
7614
31385
21579
12935
7958
2354
30681
31319
16036
22020
3087
12041
22444
30046
27041
19395
8089
2061
13038
7396
27440
7461
14032
13424
4543
30863
21564
28843
27881
23822
10424
4740
25240
1119
258
26678
8352
26435
15110
32303
31339
14138
24672
29533
9613
21010
7375
16297
18777
18645
10253
23529
15278
18151
23333
2403
5213
18663
18865
31832
6264
14590
23568
3280
24556
22256
16725
4237
5956
23268
18800
7318
9241
2564
3552
31863
32724
3852
18596
22637
13979
26887
2172
2540
6388
25656
4064
10673
28639
8863
20520
26007
24495
7380
10488
11209
19352
31376
17951
7093
28011
6170
21612
16353
15816
2413
6703
20995
25248
21780
1362
17642
20840
6972
11953
29583
32127
32448
9247
3009
25618
22048
21763
24319
2245
26761
30720
9019
31461
9532
9976
5069
9123
17335
24353
32380
10061
8669
5203
20700
19021
26705
772
6982
22530
22332
16361
21668
2817
28186
579
3983
30763
29686
27444
27772
28540
5727
16995
16460
23879
17608
1630
28316
23962
31944
28949
31016
14024
26164
30738
20391
26532
17723
10540
12361
1998
27281
13026
26165
24702
181
26132
10820
9839
3381
18636
10837
15486
12237
11765
4798
26867
20659
9035
7662
8116
15109
2823
2160
25505
15036
3651
28965
27650
19328
27359
31251
7505
22331
28179
14852
9132
2470
26344
17316
18164
26519
23024
14372
10593
2750
23423
17496
14261
13049
18878
1493
10400
7238
18514
20538
14201
28899
32691
1868
20305
9649
18826
141
6601
15952
23120
18266
25171
15823
18335
3494
20504
5661
27863
4542
32041
22959
2805
11442
6801
7460
18855
8530
15133
21308
24136
28350
2984
26234
23820
24364
6923
25818
10744
3445
3333
26582
16244
3783
21378
628
7819
20516
30210
25520
17922
8107
17060
10402
12623
2859
20648
2032
21507
4174
28070
16779
7114
3031
8941
9351
28067
3278
1152
28344
15587
26935
7457
23475
18430
2073
14038
25282
8102
3031
4548
19279
9936
12036
803
6481
7715
4839
29379
11551
11839
5321
5934
10508
23334
26264
28047
4707
5477
1902
12346
31604
15402
7906
15423
8226
7920
14128
6820
3169
22736
27219
712
4107
16319
790
4629
30939
7733
4123
13983
6862
28624
4739
23348
21261
13270
24122
18789
13230
27461
5471
29826
18129
19803
12380
9753
7894
19207
26420
25295
4995
12914
18182
4745
15428
2075
28290
5712
23730
8228
31395
32139
32017
12916
606
17849
15234
8064
25508
21433
6689
9994
28476
573
2419
14956
6615
5921
15453
3475
13746
16775
2801
5707
17838
1148
12385
29634
15987
11545
16082
15009
29042
25512
20586
6344
10023
13086
22615
17075
25019
9737
21143
17778
18927
1345
30908
30180
14809
9815
31764
22378
19146
2273
30687
23901
13917
27984
7827
23725
10020
17670
30177
30535
22104
5951
11600
31161
27306
23763
363
6732
6179
1708
5202
3612
22400
1077
31872
5703
24526
5028
23255
22306
1884
5635
15274
658
13267
16412
23555
3181
21179
7962
3781
5452
10154
7742
30469
31370
12475
19443
18248
13747
11501
29279
6419
21593
11016
109
12119
7966
8924
26369
18706
8049
25630
21616
12626
5185
22914
6444
22253
6837
10488
5826
4632
27929
31024
4225
30101
32424
3617
11315
17842
14941
7770
28816
15057
12515
18814
21181
25497
27355
31428
21445
27196
4671
12369
30957
17216
27443
14149
15048
3157
28212
26919
4359
18922
11743
22802
17376
24353
24669
21200
19497
1826
4010
10845
17656
24660
32148
7806
22486
7417
19956
559
11849
21970
9853
6475
658
1854
29564
16823
20408
6709
8621
9491
7971
18182
16509
20945
6469
25503
22378
12500
27535
21761
796
2934
24633
3963
26271
27541
16642
4563
18515
25009
28517
9896
14207
29407
30176
5204
2290
8703
22852
15808
15903
17014
23621
25117
17882
25359
22154
7673
9955
28803
15344
22466
8182
569
15179
14349
1694
28136
32495
16025
18002
27363
8825
2681
16680
4150
30542
29066
3655
22145
26318
25832
11428
22039
24532
23701
21649
6026
9194
4983
1952
20494
11146
31500
20651
1285
28643
12212
31207
26495
31478
25967
1225
30246
21939
28473
15170
12866
819
823
18040
19368
15785
31330
24017
7702
9954
24870
28426
7250
15394
3381
3762
3270
27260
12571
31763
789
829
16811
16127
16213
30138
16255
12673
28146
12930
8163
31687
12914
19153
21485
28236
16323
4496
1810
5209
24629
26497
8812
26888
28422
26178
18120
29832
1020
20519
23054
9903
29112
30293
7989
30713
9009
27926
12680
21273
30279
1419
11782
9263
6282
27907
3073
31373
7734
6627
26930
1602
6706
10085
12051
4210
21783
11253
31302
28529
11648
7005
28121
6089
429
10154
19487
15538
26606
4077
29349
32254
17419
10046
6580
24398
12681
17600
10585
20608
10188
13025
633
31239
26700
22073
29497
22286
3842
14851
1293
30007
15124
26704
6682
10103
24342
28912
12318
29150
16972
29383
1275
6513
13602
9875
9793
23736
3988
10147
13295
20235
27697
26592
9748
17839
23264
20916
3481
26059
29583
1524
8959
11544
23152
15438
28576
21504
31239
10745
29910
24413
24974
16237
11197
2181
23403
8525
14073
14635
29580
23593
30103
29133
12131
4633
25133
22590
369
18567
27940
14819
29642
25167
12277
12795
29592
5751
11810
5983
31609
4709
24318
23404
14882
8020
382
31472
8371
11732
7523
24169
25351
25447
23960
24934
27738
26604
11595
18030
12002
18455
24617
1824
23568
9176
14690
4365
20126
19006
3618
16993
10121
2973
8187
8000
29325
11868
3901
1722
14335
3006
29728
12984
12200
13140
24968
12867
21299
15452
5040
5839
24163
19286
1897
4898
4585
4028
23610
8287
512
17073
8643
16478
1248
1135
3257
25599
32636
28956
4573
31428
2929
24190
21395
11998
26960
25358
24209
13762
275
13913
22099
9483
21625
18896
8502
4177
11439
31602
7176
9253
8940
27361
12037
15071
20697
22783
7379
9510
24468
29632
8812
10310
5511
12198
4749
16141
22646
17019
939
28047
28163
660
17555
21194
279
26130
21856
3714
2384
21378
23459
19809
18782
18715
2879
20115
31007
24996
22608
8809
21926
17313
21172
12371
7944
21018
29493
18954
30182
10945
22366
4919
8595
7960
1510
9133
14078
27631
19487
10110
19563
25759
2082
14160
7483
29638
17013
7113
24244
15265
1622
13667
32715
5638
330
4286
19402
5329
30922
25801
22554
31333
14948
28857
9292
6342
5055
19710
25687
23322
8108
30706
25736
13279
7447
21518
27046
12254
9916
27724
836
25270
2756
11151
2126
16912
2852
9398
8686
27565
14864
14079
2975
13119
16558
28934
693
2849
8822
25016
9454
17799
26485
18922
18880
28718
16161
9288
27406
11215
26998
31033
29024
23573
24372
19747
4076
10771
9628
32681
28065
2986
14307
10484
9792
19578
19606
11687
27080
30375
18430
14447
17097
9689
31551
30002
17659
10580
17895
27901
9766
30057
9889
14021
31608
32649
24032
17588
16590
24972
18614
10355
15671
26103
29702
21155
23731
28715
24689
25129
20138
17952
20448
11627
5467
17714
701
11283
17695
30136
16175
17249
17756
6443
22025
26658
23063
24970
9357
23097
17979
2194
14072
26373
22610
32691
9795
30459
30745
17233
14820
10888
3144
24916
4558
18221
19710
18935
1820
7695
27202
6347
27305
12375
26329
13389
20493
13797
29713
13129
14991
1768
11140
17425
4880
15447
1789
19964
19364
8321
4465
18758
14878
5018
7127
27779
13899
22273
10589
22565
4469
30339
28838
26027
32163
20549
19594
11025
14135
25234
12318
31797
7152
17761
14264
24351
28475
19891
2335
14875
2088
12936
7523
13805
19377
6203
14238
29102
32298
30619
2571
13204
25543
16271
32023
31586
4036
31307
13490
12578
28339
30580
10070
20199
4531
31445
11110
25027
28591
3156
16062
16946
4617
1670
8994
19108
13497
27897
1057
24747
26591
28341
1804
12916
14433
28486
10737
13096
3645
28822
13384
31410
2324
5144
29284
26803
25965
3777
26732
6771
21334
11039
19231
25630
14945
1013
19378
29704
7450
25665
7656
31938
20788
20481
4401
1753
26999
23306
23431
8902
32258
12383
25577
15952
19251
13979
31562
15834
31797
2025
22405
20878
2153
14548
15566
32283
19105
14549
20053
1404
28119
16547
29977
22250
9950
31807
10808
2286
30666
10609
769
12046
30754
13977
22147
11813
4905
27578
4793
22426
21988
2137
31477
2296
9513
31625
4028
8814
31821
11446
28640
27683
13900
24515
4625
22154
31763
11124
9246
14493
6238
5221
10553
22486
4896
24375
27772
31394
29570
2491
3152
29882
4785
24953
1065
21090
28143
20656
15088
28584
25136
22125
4848
3933
19477
9789
22199
20110
3702
30487
13794
29595
7028
15379
30539
28332
30185
5888
11094
12723
13941
23597
18047
23124
3651
5496
27174
29007
28264
4897
15902
10989
4219
19462
12047
21514
14054
9691
11911
24651
29388
21893
20738
24926
29538
29747
23257
2437
27500
28465
21648
10058
10477
17451
19371
17386
9605
23381
5519
5982
4983
15848
1863
31000
18759
30489
18922
7893
16948
30299
11208
10826
11101
19422
23422
11094
8604
28380
14458
21335
10622
2402
24427
28285
5557
19538
3331
4450
21840
10987
14201
3088
5876
4303
24736
2028
30203
28345
23896
31960
32654
18286
27578
1014
2010
7502
26226
27239
5252
24944
26299
28337
25859
22765
16105
28766
14528
22814
5754
11664
10667
7290
19882
8438
30821
24898
1924
18576
23424
12905
10362
17296
23913
14641
17138
9487
19825
13290
26977
13640
7207
24401
22116
4775
15415
20167
22833
31465
24037
22743
12607
7723
17914
10503
29128
18361
26764
20603
22634
14031
24723
19443
30558
27135
891
23134
28645
30680
14967
29127
12059
17488
30197
8687
8509
18010
9067
245
21815
5659
21874
21824
23793
27289
7834
8595
24989
5238
2998
19926
3128
15909
7233
13516
29971
11399
285
20421
19517
8582
5877
2418
13632
19783
31768
17396
20106
11281
32679
2793
574
27732
443
11906
10224
22506
22878
11333
22565
2588
22094
28088
7769
5388
10180
16113
31508
1064
25091
16181
28543
20546
15144
6590
29182
14789
27573
12191
28916
21681
29473
32472
12539
20680
4784
234
6940
6543
30738
14659
6659
11277
23025
32097
22120
3341
6195
30594
25867
3109
2581
17627
2324
12938
14588
26172
24521
31175
19427
1770
23730
8572
37
30952
11491
22111
1914
23050
15777
23113
32585
7976
10478
1938
11290
30884
3835
29662
28078
25839
21059
1906
29045
25017
17737
23901
6307
26105
9998
20302
4504
19272
31783
15330
13320
9065
3059
22071
23852
7571
5750
9089
20263
6970
15214
24559
19745
14932
31798
31375
13674
31426
3456
7405
13919
10934
4443
15595
25724
25458
7583
8593
12346
32147
3072
15415
7867
7121
27098
15265
19192
11578
4045
30956
12151
7234
6536
2269
28954
23318
3829
6769
32209
5703
17048
32463
28450
22913
12920
12547
31962
9217
11076
26412
20749
754
13511
21260
16840
4733
10185
3820
11062
15384
22004
27367
14552
20156
32430
20753
13712
9915
25852
24346
8775
31431
7476
28085
15754
21160
2084
7470
26279
26447
8865
31022
10188
30941
15131
4853
25588
22391
8090
26301
25517
4634
28167
11961
26514
21023
17477
5855
9389
17883
1783
11662
31261
13188
6609
20655
27208
16313
536
12655
32628
6205
26685
17566
1808
12666
24658
12892
12903
13540
25967
27620
16812
15238
2923
6021
26722
12410
27975
30882
20193
22255
17472
32225
14351
28341
26294
10430
27794
23213
9047
19379
27277
6881
13256
21621
18456
31572
31410
20655
6549
10875
3662
7821
26214
14393
13586
14735
20074
27703
2001
14415
5719
20614
17935
31118
18164
26081
9170
6426
29898
20617
9209
20992
24768
32747
19707
2313
22136
26236
20035
5419
26725
17090
28213
15216
2568
20550
9763
9906
21436
14910
19172
17094
2971
30316
31045
6097
8957
21721
22560
30782
26013
23811
20679
29142
27360
9852
7282
23763
12504
11179
13758
7760
23317
27120
15601
3918
8772
8641
29063
31636
26211
16308
32121
9266
19155
22896
28844
5984
5415
2412
3027
14677
20620
18315
24395
3418
5303
12797
12200
4957
9221
3016
27913
5942
7464
7668
4455
25135
29269
7501
1065
28319
25785
7265
25344
7891
22313
24059
25108
6364
482
30957
31249
11108
26225
5114
9040
23389
2331
21543
19540
24015
21276
20404
13342
18514
10741
19946
9609
23998
5552
27278
17199
24087
13212
17849
10228
13362
19049
27600
23402
6081
20734
17501
29221
25934
11922
5980
18014
26247
23101
8838
10106
6774
23525
5265
10213
31688
13613
12391
15719
14577
18478
22117
28061
19861
24627
2929
23605
14852
1968
4363
8976
26308
15803
29635
2226
1802
2371
30873
1998
11674
12460
7331
9910
3160
30675
4384
29782
18749
27147
24601
20475
21852
10629
12633
5200
16495
7324
14680
25153
12757
18801
5858
7091
14752
25026
27372
975
4163
18835
5310
27832
5278
15369
8633
3841
8174
27904
27355
27479
32167
25465
17925
25151
25211
18024
15918
28760
31783
3839
5231
10180
28917
22329
12054
31306
8376
14638
5931
13251
24435
2762
368
881
7415
18935
331
29233
20840
3737
23511
22889
30997
13182
7798
20067
21638
6656
13368
11721
18931
30954
20266
326
18937
11838
5011
5337
11065
19373
22335
15632
4257
31381
10345
5001
18024
21018
9822
14463
5015
7732
30119
26086
25345
8277
28013
5467
12167
12375
5888
29702
3349
3031
21196
19849
3524
10728
25460
6593
10482
14302
15336
19811
24538
19575
30470
30362
22729
17581
5848
10570
11209
23810
29725
31334
16595
21912
24154
2318
26761
5789
2749
22116
19380
29353
6292
12764
3573
12831
28826
23613
5949
8538
8935
19140
5861
206
2215
6017
32005
12721
15214
16076
30036
15762
5944
4139
31666
13070
14539
32272
1603
24080
10974
23579
32163
14628
13257
16912
8521
29556
8171
27546
8679
8013
19269
13220
27608
20162
13481
29104
6129
29058
10776
21137
28544
29873
11864
4488
633
11896
6205
31538
27242
8929
17060
1559
14131
12207
10105
19964
6555
10148
15304
11626
5808
5631
421
14796
23986
26735
5550
88
1158
8555
31970
10984
11717
28176
26252
20478
21754
17517
21300
10167
8004
12600
25327
29221
31450
21825
19230
15077
9517
630
31591
6120
7080
7739
3560
5036
11438
11953
30903
9563
7274
20350
7156
4210
30430
29536
28228
22410
1889
23501
16106
22525
9983
17578
32624
26388
2676
11637
29064
19471
31737
9218
19391
21689
11542
24279
25541
25243
10924
25454
24063
2466
31614
23073
16471
5774
15022
4478
7041
12204
13898
26198
19117
6200
16161
12567
27397
14086
5762
13345
22062
3750
4579
3933
26097
26584
17066
15315
10729
21859
27041
1401
14014
16394
25368
11356
3321
24310
21170
9695
3585
24000
10705
4600
11462
19718
30642
29196
27509
6682
21795
14449
3934
4460
26045
880
24439
2874
773
946
17633
10988
23947
29424
22584
14863
17747
20930
10462
14445
22301
4345
17579
28007
12839
4388
3391
20507
3778
28666
17973
13867
21431
14323
16731
351
2092
4260
14350
30974
765
32695
30514
28515
4690
3864
8040
20867
7800
20641
14585
22161
30351
8824
14800
15314
25301
16438
27564
30698
4842
22974
5209
1555
3922
14934
23907
19352
28878
23400
10077
31491
3383
7544
25749
20446
32612
30515
24185
2483
16314
18288
6346
24333
32616
30390
15910
21011
20364
30260
19696
8677
31793
21451
19904
18606
28447
31737
32067
8739
8434
28088
17694
25710
19679
8594
27715
7715
4097
17047
22152
27998
28512
16617
1062
6679
26759
16014
28272
2085
18234
23054
24355
22214
16728
13055
2512
15419
16960
2776
19444
10738
11592
22554
27391
22674
28281
19338
19509
12873
4057
24350
12778
11983
12779
7296
15982
22453
15154
15759
29199
7623
5084
23545
14439
25690
29956
14735
31994
31633
10750
21475
32642
1396
8945
10640
22958
23619
22282
30438
21291
15406
12108
27754
12835
812
23621
19305
18382
24485
9623
26480
18112
23892
783
28503
24931
26169
18961
7916
3950
20405
29798
22999
3335
25589
21979
7173
20060
13064
9428
24351
28557
26008
13301
17191
11816
20467
351
10910
24009
15078
8053
2062
11684
28240
27218
3926
30379
30016
25405
1287
2006
24725
12918
1914
5498
9859
30608
1310
32337
18946
21876
29770
22702
30126
467
19912
7179
2127
23231
16813
8622
8513
29150
4253
13980
16402
27590
22379
22961
13726
30213
21065
32092
26149
2447
1504
10021
28082
7531
29542
17997
5978
290
3456
30231
24879
23814
12080
26751
23845
4196
4246
32583
31495
17277
7745
3463
21701
30515
22655
9828
11506
8841
3701
29131
10735
31936
12694
24156
25211
7860
19071
7262
29342
22133
713
12921
466
10538
21492
20586
21696
22551
16
24074
26493
3415
31340
6445
4964
23180
24067
30544
19796
4375
15494
31243
21889
22836
31833
25140
7165
8405
650
6860
6413
7915
27531
29835
18283
28512
3858
381
9068
25027
26821
20148
14941
24747
11050
9266
23828
11835
1498
7104
28451
25158
8316
28158
31290
18040
15682
2915
10929
24627
3532
743
27573
10027
4382
24120
7641
11954
30703
23793
6223
16575
21961
19935
12091
5907
26819
26526
4503
3382
23928
17204
17853
16514
25179
25488
10540
6251
18155
27106
2949
24999
28076
10901
22841
17958
5955
23278
31119
25586
20895
6327
7698
12417
29117
2140
18216
21132
6748
14219
2797
27274
2739
17504
26329
26465
2402
17561
32662
8603
27314
23252
19409
28178
23244
18811
22496
1455
3975
15375
32662
30353
21082
28979
27901
28624
25196
17365
18515
21593
29666
29327
21257
19523
13663
3124
26336
15131
7483
229
26054
13205
14483
28471
26388
6096
30612
18682
4980
16950
26029
20537
32632
21534
10761
27112
23517
4240
2085
10293
1668
9503
8505
14948
9189
13833
16451
32597
1528
7070
12737
12472
23017
397
24477
11164
16787
26552
3001
8019
9061
16577
16890
22028
10228
29300
11989
12922
16842
29349
11278
9868
32455
30721
28332
3521
4369
114
6015
7189
21292
15588
19303
546
3981
25593
22522
21858
22865
28466
14501
3469
23792
19892
22284
1731
22977
7790
9632
12723
20351
10265
14531
788
9415
31971
16501
32683
11921
5123
31695
16019
28049
5481
8876
6457
22535
31947
29400
13382
1002
30119
14624
16533
9779
22845
3148
6751
27364
15026
10549
31112
28133
30554
422
30335
416
26794
11806
7307
18403
17765
31712
27085
23407
6653
15419
15891
27529
27214
4531
2229
11573
17073
18233
3968
503
9994
17876
30972
24676
6084
20355
14998
5862
15034
28086
30169
12802
1346
23579
5284
10416
4571
2812
14460
16927
17575
2850
4467
12868
16310
20020
21771
25197
14906
9879
13394
6568
29686
13113
17879
5950
3180
13786
26070
894
31458
8833
16121
32188
6125
27324
8707
22892
7268
3454
25827
32576
13052
15433
11541
18068
8638
11392
19841
25792
5379
9818
11235
1944
13181
20707
5695
7649
1805
23608
23904
2715
12112
12019
8195
13454
19011
20181
28783
15663
27721
14910
29462
381
5956
20479
14199
14581
32062
5158
2679
28873
20708
5657
13450
26068
31442
27490
11931
21175
23495
13006
25973
16223
20477
28823
20289
15112
21036
21953
5392
12188
23971
21865
10527
9220
27053
21594
31991
22259
19145
16965
18209
13159
28491
139
14356
14039
1837
13963
32551
30288
24843
7481
12461
27517
27692
31677
31775
8894
5853
30818
17826
7824
4320
5212
17345
26158
17141
19539
21824
11015
10457
24641
14085
8313
12135
533
28511
19726
18267
23591
5731
15708
11140
23821
25353
26213
16553
5564
23490
13804
23400
20427
9543
6409
14034
22512
13959
4906
23911
17098
16558
21637
11785
7153
20452
24500
939
19220
7655
23988
25605
10506
14672
3706
21087
7878
21402
11644
22756
11299
5822
16531
30195
32617
9215
12039
5469
16170
24990
19400
11569
22108
11148
12704
26565
30877
12815
3195
17275
2807
23821
25211
12229
25534
883
21471
26868
4026
27824
22531
25324
29840
22801
4877
17366
12910
21909
2383
8133
31220
20838
28201
21705
26030
30775
3419
27618
6866
30671
17979
7982
1175
19590
10702
14578
21098
5727
11366
6231
7468
28134
25864
4562
5524
23107
21064
11204
2743
20780
962
16656
30565
794
3688
7423
10476
29553
32620
6278
24056
23272
13915
27578
24057
32739
22888
24209
18278
25380
21439
130
16807
9700
19796
21227
9887
21526
25544
12735
6302
14798
1023
13837
21447
23741
2983
660
25229
19606
26236
11566
24090
9407
29558
20132
21960
24949
564
353
7167
20717
16951
26439
8597
156
26223
26672
952
31862
16410
15869
23716
8862
20177
25418
11660
4701
31090
18803
2193
11563
16665
30977
4587
8403
6186
9175
17278
3901
8376
12937
28334
30906
17020
2592
13507
17091
24959
17208
12650
26571
5632
8574
28081
25626
195
5978
6250
4694
14661
5993
7108
2400
13261
28227
20025
14156
18920
15620
12333
13570
1865
31018
7152
21036
20845
29118
11706
5661
10859
26122
17677
27611
25154
13247
18102
23411
23451
13953
1079
8646
28295
7375
10833
5166
21130
12234
32752
3891
4413
10774
19668
27653
14814
31984
21098
22347
11375
18936
16586
12137
16953
13428
23994
7080
1671
1090
3010
21704
29164
16950
14746
23711
32627
10799
26804
8479
17295
13277
3075
18866
6012
32731
11483
5010
26661
15349
8586
15143
12918
25019
20390
7266
90
31503
9288
17184
11555
21786
12488
26052
7558
1284
13419
27139
23887
18437
7904
10699
18
294
4732
15409
8436
11425
12413
23737
5675
30973
230
25956
27865
19091
8125
5875
4122
28154
4919
21998
12717
24416
28587
27985
11283
15009
22350
16115
15230
22554
1044
7939
32617
31229
13132
2905
6413
4400
497
13633
32200
10678
22106
31292
28240
3718
7365
5602
32203
24207
6866
21603
5242
7075
10821
30235
8823
12867
12772
13168
6397
22190
6259
23137
3520
26023
29539
14533
17240
27315
1043
18391
26089
24008
32313
30483
5208
8718
29833
29117
25441
1441
28462
25359
31585
22247
27054
21958
27556
11991
18001
12037
27460
18267
21287
5421
32568
1088
22307
4563
12835
18306
30342
7396
19036
23280
19352
28293
32448
11859
8945
10893
6706
1229
1051
9962
14883
25522
2291
27555
24250
696
28589
20343
11834
29945
17318
4493
17563
5606
6839
17436
20015
16121
17343
27167
25632
14104
26225
14758
1147
5837
11057
24744
7117
30423
3379
24669
16214
487
29722
15461
25029
16445
9460
216
24253
17254
2752
23748
21293
365
31223
8227
21877
3382
3496
5889
14804
9263
24283
10819
26563
23605
25930
27953
15697
17999
19552
20143
15056
17085
6797
22420
18771
5547
28816
24371
21409
15307
9347
4501
8365
22570
15057
19005
12078
20815
19636
29143
7159
26397
16077
18084
1633
25418
26574
16533
24911
23044
7887
28592
14236
19579
504
24927
24302
10080
12009
1683
9821
20353
20058
30181
20773
449
12889
13935
10699
1077
29827
28518
17358
5048
22973
29732
26892
27954
13468
636
833
17914
25651
30672
828
17989
18803
4802
521
25095
7810
9126
32052
21445
14958
17714
4318
10116
21366
17382
4489
21748
14712
12582
12860
26944
8975
21068
31687
13584
28016
13997
18205
6379
2446
1504
22136
17636
3152
26879
26745
27871
11431
31495
12409
14474
1466
30578
8499
4671
24897
28419
20865
2656
23089
9101
25299
6321
30399
17442
5325
10354
11277
13301
14018
15123
11938
22223
21918
4208
17624
16295
20430
2795
30247
451
16432
19019
4131
8896
4009
5464
10960
32551
11315
608
18499
23542
30640
19985
32406
3646
288
13562
15021
22686
23207
5065
18387
22861
11350
29442
6621
20873
7202
13273
19628
5425
19325
16506
16645
14190
6445
10250
741
6221
19547
13541
17967
10562
5386
21007
15974
2831
17333
26072
12774
3872
26761
16047
24924
17522
9368
29669
20780
28678
13358
14248
28599
18883
31908
31668
24178
5139
7465
10778
17154
8215
1149
13844
25346
26186
29364
6096
31265
12692
13086
14243
23811
6416
19614
23002
19688
32751
5148
31169
24320
29344
32314
346
2648
26024
585
13224
25972
28964
26513
7204
3943
29466
10352
11524
4651
5209
15076
1798
14226
25678
25540
27639
6403
9335
22346
6817
22861
28396
4160
26367
24910
26173
9987
28875
15035
32353
30409
31278
30814
16683
108
9693
31833
27283
25276
32254
1514
18591
19464
23042
23604
4836
2148
10726
22185
14962
24486
13539
24865
24301
13615
8676
32595
31807
8457
31165
19771
32594
19750
17803
20895
17869
29058
23192
15019
25487
18093
8339
13155
2394
8701
16224
14648
16658
28443
17726
23810
3768
30396
32444
11080
27323
5416
31
22750
2276
21224
23353
9092
10559
31111
16653
15376
10463
9214
12435
30766
28166
22353
27929
20589
12775
25981
21991
20635
10497
487
7350
21949
31104
20577
3670
3068
24457
9417
12160
19033
19209
13665
29181
2140
23900
27442
30548
24631
7683
3962
31360
24003
32513
21006
13707
28750
12200
6844
13625
9930
10198
6236
25305
28742
27398
32399
6324
24376
23257
29612
5721
249
10593
17545
10528
26681
2606
27251
31406
32192
31157
14289
11063
20521
3309
26203
28998
8459
21293
29415
2153
10522
28
32042
2944
31976
6161
29240
18898
19248
12174
24492
18505
25949
16676
26232
10094
20217
6402
30922
32273
17583
22850
436
24700
16172
23311
6058
23602
24549
26540
30316
12890
2948
29936
25738
5977
20684
3046
14024
28265
374
26211
28119
20092
29715
5810
918
11640
26940
2851
19289
3613
14132
1856
4724
3255
24140
31937
24551
12809
3263
28654
27356
31126
2615
10654
2769
1650
29883
20508
1729
3020
2432
31025
16304
31656
10060
32006
30032
32047
15182
23369
19409
9356
13017
2750
17664
14835
11687
7685
25488
10698
16308
23512
7154
6098
30589
29807
26264
2740
27748
23273
3072
25981
24307
3158
32300
18891
25000
30961
29159
8744
22731
22271
24730
11466
7171
24597
29783
30161
20737
19056
3067
3162
29061
5826
28180
11972
23572
9647
1501
7278
3964
16282
494
4101
10608
8284
16206
5954
19721
22584
3373
8912
3550
14471
5289
29848
7150
25018
29960
9078
23553
17061
25777
17351
16392
26428
23412
5444
29334
24058
3815
18180
23629
20701
5459
21921
12366
28588
32631
21182
15023
17492
31533
17667
12211
14539
1895
23823
6893
18132
3152
24230
32758
14025
21408
26890
10666
28341
27101
10891
15347
648
15733
1859
26896
31114
25438
5860
2886
21975
25609
23145
17341
22756
4340
22275
6150
25988
4515
15084
22796
8619
19168
3848
6000
30980
18849
16046
19150
32465
25041
29616
30257
30653
13541
31136
11140
4811
17696
20065
22992
18779
28113
25510
31759
4159
11629
11851
4781
6273
9275
9299
5716
2940
26100
13596
29165
3152
26667
14389
28232
13153
10504
18971
595
14905
22831
29496
3656
12269
25350
30388
31727
31593
10473
19113
23551
28332
5129
23155
1888
14897
9497
5522
26433
4913
8135
8954
8973
6690
23812
29681
19927
17442
19395
13891
31368
256
18220
3059
13961
1631
9411
29327
18548
1301
21880
32618
27292
1993
10847
4495
3648
18423
13128
12292
14712
15178
13151
14880
28266
16213
32132
3338
16569
3381
13996
12416
26863
4384
9956
8866
23431
3774
25203
19007
392
20674
5424
7475
30017
14201
28669
16961
24937
27876
7572
16369
5719
9982
31505
8583
22812
27698
32278
7401
22279
438
28584
18333
7743
9563
10591
19947
12128
18965
15525
1001
25464
26763
9143
15247
5994
21546
32003
14232
31038
29212
4863
10719
18245
21882
25429
3326
15832
26799
21541
17669
10906
8345
12398
26621
20553
26231
12915
12676
6909
19104
18154
18839
28009
32697
26025
6116
5259
23256
29090
5365
8066
9517
17490
1511
10706
16986
4792
28547
13050
31442
3804
9740
5242
17192
25972
9902
2068
706
26726
28213
24823
26151
27441
4688
8347
4082
31500
9551
22647
12414
10184
590
16681
14359
3226
13433
23167
22662
11567
639
17144
7613
13307
9918
27240
14210
32670
27615
30769
27404
19273
32458
9607
21403
3491
16665
10665
21653
27837
12202
12172
10941
24651
2830
18065
21198
1712
19178
17371
11618
1522
10132
28204
23424
27457
8118
25186
19396
11967
26786
25567
15722
24758
8025
16478
24474
18517
21293
29925
13954
6242
8222
25517
4381
395
21626
27018
7684
29490
11823
14481
7580
25552
10898
12574
10761
23397
4726
10516
23274
16732
193
32454
11366
532
19964
21456
18601
25810
6328
28072
20477
4276
31406
24592
21516
4951
26658
25333
24774
799
31448
1689
15918
9927
5199
24336
5774
27235
18173
32199
29900
26128
7455
29658
29217
19270
9701
15991
7776
17772
1931
6769
12707
11052
9437
22754
20427
23146
353
2043
3937
13467
24641
12312
6317
27136
9840
11855
30198
25101
16761
28520
7643
16221
19459
28754
0
1117
17796
18616
24082
30815
12233
18942
30397
21602
18037
10690
9235
918
14406
3988
30885
10166
25180
21303
27357
31919
3465
22243
5352
8647
25948
23166
19345
3773
1994
3917
8505
27333
29897
2412
7624
16986
17987
12292
2072
7751
374
23605
22636
26092
20048
27401
3721
23452
8698
16485
31034
5140
29221
15464
24692
19931
22399
859
27862
25542
19853
25468
9694
111
29816
7291
15223
21733
32645
23580
7642
27916
13170
4997
16188
24154
25955
8706
3618
18568
29844
10773
24975
9856
31463
17518
10730
3769
9686
13846
13495
17168
22542
10867
30811
18322
30052
29627
32755
32230
31540
16804
6130
27773
27192
28030
16225
12731
18939
25182
8868
7530
9520
2374
23816
7298
20720
20467
21729
28596
26693
223
14296
19086
20796
26009
239
17645
24086
17366
8683
31002
26951
6772
15337
6550
6010
31624
19257
20135
18500
2362
22208
26290
28073
10517
2513
9819
12681
30704
27139
11288
10034
256
7591
9437
7900
29611
15876
3798
23519
401
32043
2631
31671
20045
2289
21461
1511
27534
18572
13349
2286
28003
2095
7538
30621
24459
14505
1820
16197
6984
20284
8622
19518
25530
2954
15624
12579
23957
27731
24773
6573
14512
20198
29491
4966
18345
843
8060
10612
13533
10861
19343
32037
26521
15138
14187
11323
30205
9187
6271
31892
19966
1328
31389
18756
12692
3082
7401
24048
17439
4599
30383
20293
6658
28509
1216
28507
2464
19452
7928
18668
12308
3753
14688
7928
4070
8940
30299
5417
5149
26083
21868
29440
26444
20023
20804
9018
10400
10098
22013
8144
8491
28029
21063
9901
29899
391
31024
27215
6458
10334
20653
28318
21900
9972
16353
9777
32090
21621
735
23910
12389
13482
31399
25657
23283
1969
19585
17149
21043
17116
10386
8558
20003
20466
17403
26134
22507
14511
8353
11193
6081
12088
6871
7649
1593
11687
14665
28046
6498
19936
7462
25387
27912
15490
882
25404
4609
30988
24808
8485
25680
22968
12246
31497
10797
12200
14721
17824
13859
5110
21772
24457
7460
11512
30163
28157
18891
712
20393
3417
21713
18545
18764
3044
12126
20107
29545
18929
7985
23694
26528
32458
13774
17321
17985
29648
29276
29458
2648
17988
16653
21431
5663
4168
875
28144
24548
6122
12177
31576
25426
21971
30731
15789
605
27184
15331
26623
4328
109
20558
31796
26568
19329
30989
26597
2526
8229
24622
5779
29522
16068
6646
14164
14795
22924
547
30591
10342
8855
242
9311
28156
24363
32181
15650
117
31253
19500
7311
14499
3535
29878
32053
22411
23159
9421
25925
29687
5931
15504
9123
5285
4547
28187
18199
21231
19838
12121
10579
10212
31783
7144
3961
15758
9708
18063
8203
30561
4495
17345
3030
16932
11908
29335
1395
13445
16508
15697
939
17905
30366
32222
21954
22419
20964
27652
2574
7453
12498
6847
7219
20321
8181
22222
17572
24917
15037
13770
2269
8738
29195
1485
6555
19902
27368
1394
10528
9930
17570
19112
25007
29414
18470
29332
9847
16450
25104
9955
8760
5676
11794
1301
22398
9674
13920
32760
8418
16098
29520
7648
13634
9116
31185
20587
26789
27920
19928
20247
31017
8593
20581
12310
993
25220
14502
23277
16756
1366
247
11949
26889
12336
27363
17735
3019
3146
22239
24294
25353
15454
24068
11152
808
22076
10776
26768
32731
13466
15662
31389
6286
1711
9351
12888
31187
2540
11228
30034
6122
31455
25254
23821
20479
6946
26620
30215
12223
6517
19453
29678
4170
3322
11191
23675
2500
8469
15651
23499
29316
1009
28382
14607
24399
26111
27717
2624
7899
12755
26694
4206
13450
27659
22212
8693
8173
4102
30225
19700
9591
997
27706
10746
31838
15889
10248
3126
15578
26406
24245
11156
21826
21525
13128
2672
26534
26725
31504
22038
15608
22895
30992
4341
13599
23396
16110
31832
9829
10622
26135
31358
6035
3241
9844
29982
4468
5618
16718
16501
15691
31005
2710
32358
2559
13998
29354
8616
1789
16656
32017
16758
20533
8319
4006
3106
9772
6280
28352
4927
28240
24710
8005
21694
3868
16254
10551
30076
2480
30668
20574
32432
5405
14048
26823
17770
4036
8108
5617
7536
3629
22406
15140
27642
27702
13429
28711
11352
7400
25586
16838
26171
14074
1701
28547
6961
21485
23097
8354
5107
4065
5826
2590
25085
6603
1059
2403
10388
31536
32382
9101
11650
11458
22570
26195
20744
26145
7113
7346
4980
31150
3415
26194
23344
29711
21059
4384
12227
6498
4441
21653
14558
4817
25536
4640
19200
15146
16595
31568
26556
27983
23187
13902
13226
8789
15368
2363
18538
8487
5016
31442
7114
14086
16908
20356
12241
17823
3015
20062
27966
2591
14725
28561
3159
18783
11345
8382
21778
981
876
3702
4636
18147
3585
766
32545
30191
6818
27101
14946
10578
18902
29718
20694
2680
21948
11361
2996
23028
1149
12008
4682
7369
29350
3022
13817
15980
7339
11627
8999
19040
898
14819
18726
11429
4208
3755
31494
29475
9309
20099
9962
11158
17445
17051
9726
26686
13172
16998
24353
25518
26399
12821
32322
1511
5241
20116
31122
2244
12696
27558
31778
25042
7587
114
26113
15440
22907
15907
26130
22173
23767
6545
23209
9475
28589
24830
11921
619
7051
18088
7781
20528
24879
29056
23441
15795
19766
11489
22372
706
29934
2328
3052
19507
12174
29293
2603
15345
19470
31576
13021
29104
779
13263
26199
10013
13130
30277
7268
26481
18916
28828
1676
32630
18272
12435
14247
19314
30826
3041
4693
29873
3168
25008
10909
18592
22000
9426
26417
24789
9220
12690
16655
8197
5257
1483
12389
25001
9969
6714
2112
13342
20005
4613
5681
2484
22537
26212
2985
17936
30804
3577
14424
30883
11149
6784
24563
23914
674
12699
18240
29785
21426
31716
25105
25852
29094
4007
11582
24949
20288
9492
27226
12530
18867
9331
12080
2007
17972
13250
13085
23627
21866
17366
14709
8190
19768
25349
2047
7724
19391
3858
21479
29764
10653
464
24070
16444
28901
8319
22452
6903
11033
12885
14606
15390
23790
29591
22322
10846
31855
9168
3119
12645
4084
2694
12828
20644
20685
32388
6888
19161
13054
24573
9319
28906
32730
3971
5331
11561
6596
21154
