4000
9912
3700
72
6490
11472
30199
28812
14035
26229
8358
5853
32300
9665
5877
22445
16676
2669
11562
15714
8640
23550
9918
9942
15218
24540
30490
29182
1479
7313
27317
14194
17487
31889
18249
15645
28188
8802
15651
24349
26757
2182
26524
21939
11594
1987
9029
8835
25378
16827
773
22026
28714
16713
11537
10408
27246
221
12565
7775
21009
13342
26276
494
296
19804
23930
13021
4263
23193
17276
4103
27473
10717
3938
15126
12792
29253
2359
13744
6107
14338
29459
15110
293
27809
31822
26144
11798
12195
21227
20318
8729
24170
12057
3866
16797
20417
10698
581
7571
224
12449
23668
7426
27954
17156
18479
7979
14379
9601
4085
12262
29066
25936
24352
1356
17911
11667
13224
9262
17046
13328
23559
23553
5677
15043
22948
32000
23123
3888
6716
3557
7500
5525
2150
4846
25750
29474
11281
23515
10932
25258
25273
27624
19200
23515
22665
14006
6604
17099
23407
6835
5200
20615
21272
11377
26815
15194
20746
10337
3287
20184
16689
30399
32224
10156
27141
29800
4149
21306
29175
9860
8978
30353
21763
25466
22784
24797
27432
15094
5662
11692
30527
26333
632
16924
17964
1994
11173
12877
15389
2742
14242
7652
32154
5250
19120
18951
2876
13555
21541
12657
16986
19009
3863
18634
9346
20481
16833
4758
16875
20055
3047
13628
31617
10177
19579
10648
7205
26305
4457
30115
16685
8928
17175
24161
15801
20664
11416
21594
31220
4900
9945
19505
25892
3134
2352
18137
31232
13810
17602
16967
22337
989
1503
21342
8172
28414
7532
30725
1368
20247
14403
22478
12330
9862
3852
24873
12476
738
28597
2489
1438
21615
6603
32717
28700
28995
24539
14829
1530
31685
25566
27310
32480
266
19838
32221
24650
3095
17841
115
9600
8560
6620
11244
25660
24352
2705
16704
6019
28274
6205
21909
14445
15696
5236
22227
11307
21551
3310
10347
2925
29521
27101
12208
12082
16627
23318
32317
28925
11211
295
2196
28454
12792
21789
6570
28008
1596
20369
31536
11625
5227
21504
19440
11828
26780
7418
28079
13580
28316
6296
16694
24560
18168
18831
18209
29148
4200
12419
23226
15362
24478
30946
9950
19341
5871
12094
10301
9590
11690
28844
22497
1432
26825
28440
17020
10471
9555
3618
19013
7380
31465
30668
20423
10178
4247
10136
23130
25307
3967
7875
14857
29875
26809
13143
23605
5416
32001
10381
18454
2314
11739
26277
10383
22247
2517
2134
28425
31947
29060
27794
4671
7542
24624
15076
9011
11692
20714
1414
18445
25378
18827
31638
336
25793
12877
25266
22194
16650
12191
21506
30102
20029
14725
12845
15565
4822
8452
5391
9744
30747
29876
1476
19179
509
17604
13459
17324
32005
20138
19931
1368
8578
17210
6539
14644
7611
29185
14302
6283
4253
20063
18734
25760
28143
10257
3276
26444
8848
12204
31412
14719
22395
24177
16242
17049
550
1603
5892
3281
7478
6281
16596
29002
30274
4875
14550
30637
10599
19625
12558
7757
15211
1352
3647
12104
16443
27252
8378
21387
18735
31760
31073
3143
8735
1562
10032
31636
29593
20550
7438
21860
32140
18680
15309
17119
15339
18641
9182
5904
5405
13410
13502
20680
11401
4306
25106
12667
5296
12107
28287
26535
30381
5779
24533
16712
11690
13054
2673
26058
29
23637
25344
31780
16495
26832
22790
8259
8417
11278
5567
20642
22708
18787
5991
23931
5960
6760
8093
12799
4724
11011
129
25453
21359
7682
24991
23791
1642
2738
17961
8808
343
28255
15711
19566
20423
11422
16283
30507
8729
29388
13127
30763
15218
25324
16875
19949
9522
15370
14084
25470
16818
27610
14971
8442
22940
23682
10830
15557
5243
10690
20819
5911
16471
32597
17836
16996
30748
32615
26049
10229
948
11451
28432
11256
12486
20460
6371
22084
4425
1444
7867
18914
10636
32756
15027
10977
28739
20885
2664
3178
30590
10560
29613
32200
18940
28550
22674
20825
10151
18344
16486
10101
16224
23176
25572
7598
6722
4072
18151
23266
10154
1698
25097
2533
28018
20998
30795
28868
7694
11639
3808
22389
10371
24683
22285
7820
29898
27476
21332
30817
26262
19209
31691
5660
13259
23529
23159
15856
24132
13479
6025
27772
14859
17567
32418
29103
19355
11203
18194
29013
32403
32629
24097
20835
27357
18578
17879
18769
13774
2305
24330
9352
9898
7772
25851
19075
14746
5488
10708
8024
25759
31606
24888
8265
7497
7141
12978
10096
6668
14148
30809
24748
14488
32493
13153
28220
5949
208
4935
27107
23310
1637
23168
26700
26122
5714
23929
27134
22421
30220
17019
14234
24250
30080
2559
17362
3976
13587
19921
11268
24238
15612
8778
15329
29670
17985
27418
26508
26646
9219
15680
12901
32
26359
28096
22061
27229
6930
11683
719
22243
8067
24408
23452
29402
8236
6640
31045
18899
19343
8592
16238
15206
9673
26354
26321
8929
10814
31231
10470
13535
12274
9254
12911
13895
25325
6655
29650
1228
1707
20230
13992
16649
2382
16014
20096
9350
4809
31357
32538
24742
5763
16014
1376
28266
7773
16615
11243
21572
19414
13170
30116
14919
30031
9846
28737
1558
20267
26675
822
18395
8293
10384
4294
13793
15205
24056
24459
16818
8160
29346
23708
10093
11758
9715
4565
8683
30432
11596
28265
27239
14604
2349
9024
7016
14550
26226
19287
8933
1823
13159
31757
20352
4170
2036
4104
3733
27332
7365
30920
8450
1962
3933
5076
6240
16065
27411
25606
15708
26603
23601
4821
4229
19103
17201
13629
29540
9911
23243
28686
5227
12727
16793
13624
29234
10418
20690
2848
241
12847
3132
21950
28320
2896
30859
17893
13648
5941
4393
9138
31079
24829
29872
5044
12715
30496
10736
14292
10142
5908
8123
6373
7809
9578
22550
32682
18363
29295
9741
22865
26334
8773
17702
28746
32025
26163
19216
12052
25111
7867
22536
28481
23107
15558
15553
15221
5166
17897
20730
28690
16666
24653
14709
12
2386
3655
16671
30063
19406
20997
32344
2085
16693
6951
28636
9359
8927
28403
10692
22568
9881
24020
13559
890
22934
4772
25607
27210
1901
12287
3435
27346
27638
32066
21271
1457
17847
10851
15806
23960
30473
25979
20463
27237
25013
25953
22779
6199
4877
23847
17258
11583
23073
9808
9186
25545
10305
28746
2045
32411
7856
15832
29894
6987
6211
1491
20285
2196
21547
18740
28359
9049
5977
2215
14558
8239
26329
15237
3184
30100
7710
1593
25622
17905
4907
28326
5941
16075
5638
25215
2507
32416
11692
30612
29908
11901
13210
14336
8693
9974
22782
19822
1900
21029
18975
14953
22711
5971
5508
22614
3819
26836
15714
26333
29033
28180
31820
7372
22484
7794
7998
29811
28761
5881
23287
6659
16787
16877
10405
29361
1657
22111
4316
32056
1683
17496
19596
19652
30071
26789
22798
25136
16049
3969
6989
2
1507
18509
20912
26844
21696
15165
14586
14230
29632
8257
32235
6192
14610
17441
26136
24929
30857
29380
19053
23343
1971
29373
27833
28909
11190
3412
27289
2889
4700
22506
19270
5089
13906
23213
970
7465
5822
22691
25707
31657
4992
6790
24388
28311
14096
89
24740
29934
11170
14872
15009
26721
22501
14044
22097
1805
27703
6864
9530
8665
30400
21241
22510
1502
21389
32009
11207
5693
27745
14073
11749
12259
10901
14942
7065
4963
26904
24709
14639
521
5609
3376
479
14861
13399
14635
6828
5695
4109
19250
7875
20564
693
1381
26575
19171
11326
29720
16980
13554
9774
20835
8527
20689
6502
22801
18003
24224
13163
1870
23095
18099
9087
29507
2110
14454
3246
26010
14845
32399
28374
13353
2449
24629
29460
9095
4019
29856
13761
9704
32340
27329
26055
22682
1972
3890
23429
32607
25822
19915
23622
16820
15312
10417
1703
8963
13029
23261
7492
23011
5993
6649
23934
10036
30901
17899
5136
11465
757
11983
6997
10818
25823
8206
8689
3844
12698
6122
15687
14077
10682
28958
15338
19958
30560
7357
26605
20263
11380
9742
32019
29595
9678
31167
23230
1161
24139
8903
9302
29854
15099
14421
4255
2590
31021
18764
12028
17206
337
25377
7306
3164
29943
21559
2518
28976
7104
32387
13816
19769
16265
25452
1715
32442
13381
18298
25650
8124
7864
9210
15255
3785
393
23860
16466
14670
9148
702
28045
4384
9342
11176
25850
6642
17691
8251
29302
13760
7095
27330
15731
14952
3355
12169
9357
26972
483
18740
22222
7027
32071
20347
20230
14979
29556
28578
1476
30225
1501
12573
10667
8137
20686
19804
7181
16909
18323
30608
30664
5500
10598
24263
19414
21255
9602
1916
2491
21380
858
7417
24512
1435
32636
29713
13675
14456
17590
27165
28122
16599
12032
4292
29120
11466
3817
31931
906
29552
6166
3708
21623
16573
24111
22287
18340
27184
27493
29864
161
21558
10294
8530
9407
3848
15048
18195
22055
28286
3473
23697
9372
27453
9115
8321
20397
20313
22612
22432
19951
2522
11219
14001
5917
1508
1807
31255
31733
29164
24524
29218
5467
13192
14992
7637
18593
24238
14080
13388
17566
63
24148
19047
6003
6133
4279
3202
24729
16726
19652
5677
24123
8315
11748
9923
15354
20223
10599
1455
32125
28658
8045
23510
7591
12324
29973
27574
23661
28168
13057
3963
286
6887
14426
23750
1109
22613
18206
22159
30086
18879
13809
10271
447
6665
26255
6488
12927
14597
31585
23105
11201
5153
25751
1075
14984
25902
26205
11357
28020
7023
24272
22175
2443
10018
6954
18744
25047
23483
1522
579
30292
10595
27282
15276
23516
8432
21762
11161
23046
21066
15629
9606
24313
21775
12187
11659
19600
5995
16735
19546
6793
16728
30492
19120
5147
10214
25016
20432
4403
17426
4776
26020
4399
1912
29593
15338
19208
25429
16286
8683
4417
16831
26777
26621
18443
22939
22196
27073
8170
30727
14795
1571
3747
20895
16063
10566
4888
24756
2937
6224
9172
31292
3217
16210
24943
18967
887
20157
32456
31119
30336
1614
2564
30176
7745
32612
21788
29450
14737
3693
24050
12433
14258
24110
8148
4463
30349
28031
17818
24789
6898
4576
31521
2663
1176
1725
30511
15751
17805
18042
11111
14222
19329
31029
26428
29681
8211
16587
23145
7354
1968
11469
24219
15513
6373
1283
23876
23176
9237
22767
28078
31451
26686
1836
25370
25446
6038
3435
17700
27435
26102
20063
29402
27569
18643
28741
27106
26584
8326
23847
12551
8907
8189
11076
15607
32389
4209
15796
15875
14794
21093
7569
6164
4913
17377
12408
139
6565
4761
8470
24455
16010
28662
15748
7991
4742
23613
8697
6542
18431
6476
26492
16276
23429
6732
22697
8371
1061
28785
13524
31217
2989
31164
31673
21824
11507
12081
13053
26386
11209
1032
24592
10877
29414
5691
32473
26223
19579
19849
14587
25351
23267
4063
28686
24775
4810
5625
22406
28124
10881
4682
24443
25197
12701
7027
32263
4001
27036
15221
23177
26532
2275
4680
29486
8207
26623
19575
31827
26129
3957
14870
2819
30579
30634
17894
29022
4116
16614
27940
18049
9167
17652
21590
10490
15239
20279
21763
28897
11934
24842
10638
11937
11740
32062
27448
2775
25741
6352
27048
4600
10910
19736
23513
31135
32046
2011
5716
15206
10400
3501
3235
20993
21789
32121
31248
9311
29321
14982
8923
19776
25220
7620
22759
22100
1200
6292
18329
29442
3879
15530
14051
20327
26447
27674
30836
26569
29312
3131
14071
30095
23305
24441
9694
26271
30643
24344
6489
23178
18860
110
24332
23032
32595
32323
25631
20362
8325
11609
21674
24742
32733
21556
3556
18896
10717
16175
13998
19978
9668
14892
29455
20066
3177
7473
9414
11312
1532
24122
1058
22201
9128
3692
31880
17024
6033
12855
8985
28223
24544
24434
26477
19807
1556
22880
14328
19064
12066
28302
11240
17160
11104
18519
22826
17593
16615
8847
29362
14450
12038
9367
24285
8693
14997
5144
7348
30602
6136
2032
21954
27266
7580
24201
7330
14908
30160
22050
32595
842
28224
979
27396
6107
22546
5950
16371
22664
10242
11006
1793
564
32162
26915
14606
26528
22777
26209
31887
21772
3386
25825
13437
29169
18143
25905
6077
5847
31844
7132
17115
15619
31842
26017
3307
8224
106
17786
18919
6940
32487
5712
14518
32123
15537
13918
2161
22830
5534
16082
14232
14379
32244
5333
16491
23786
21031
13650
24989
25865
19722
18533
27001
17971
7783
9716
6515
13176
7353
26594
5285
5915
15430
2334
9740
7301
15381
813
31199
5156
14954
30802
13832
22925
21457
7479
23184
15984
31385
29934
6738
23743
14437
14705
28758
12968
8650
13766
14462
10504
16961
2911
7725
29114
516
19815
32156
6280
28554
30790
19384
10663
16921
4106
12114
12897
5245
29362
3537
5998
24587
17610
1361
32426
17209
2646
20110
30536
32398
5729
29293
10804
21607
9086
20643
13003
1088
388
9416
30175
16298
25764
29988
10444
22038
20536
9101
10188
11707
21532
25193
26573
4390
29228
11430
19678
29181
16842
28847
14349
3181
12298
15562
28884
29972
24429
20473
1854
15884
12889
3732
14562
25706
10562
21593
28959
21078
1399
18804
11443
4291
20206
5300
9695
1898
3785
7346
32104
12858
28115
12153
6273
25483
12796
13006
26560
20290
16745
15627
25127
21019
11406
25865
2004
24406
764
29565
21736
31514
7109
29637
15787
29224
4957
30452
7833
4857
20995
16747
25859
12460
25336
13234
21797
2168
32633
21340
31402
22057
28013
641
17858
28402
12827
17377
26709
30099
25422
12390
25262
26230
29930
27643
5523
20534
21985
30416
12955
14286
11807
20552
8592
26240
31160
5443
1944
32615
8814
12796
9550
22794
32115
18834
10982
14294
6543
17802
16778
2869
26289
26981
23492
19547
29493
27081
22520
235
3311
841
30672
8258
20881
23879
4037
20638
15531
21869
18483
2021
991
20656
18754
23023
10427
8325
11300
18992
31904
10078
18561
12574
19706
8280
25383
28402
26427
8123
14178
21320
24960
15955
30527
31296
6233
18782
18032
14082
6199
21036
16477
26044
15266
2604
29120
11417
3176
14045
4199
5579
17079
27926
27707
23792
32436
340
18015
6165
23023
8032
5306
27237
20929
29357
32080
31210
25482
5774
11657
30999
28126
32307
12972
27379
9507
32286
25987
18481
4065
25460
31992
3701
4575
31375
2882
4469
24630
11736
20483
13494
5302
30825
12780
27550
26886
11627
22897
15734
2589
28843
14438
1919
22619
29333
13662
6189
11523
16324
4259
26225
799
10184
6354
9509
5298
3626
29389
5422
28746
13195
17651
12819
17753
2101
2455
5527
24100
29731
32692
13047
10866
21075
2211
24624
19675
10170
7301
7014
27374
29180
11871
10679
19555
27806
6950
27877
817
14673
15550
7356
23198
23606
13811
7151
29192
32715
17329
18811
13844
458
22252
28131
23936
17340
32320
31445
2940
12829
16650
21421
12986
1327
7780
4777
32415
8241
19570
19694
7033
25990
809
18704
27253
29606
12504
8849
17322
18301
11348
20042
22377
6710
17986
9585
12734
29445
25422
21145
5310
25737
20865
20186
9340
18848
19494
24663
29501
16031
2725
28698
8206
12577
27353
26276
28835
27454
15452
19411
5923
9019
27538
13762
32364
354
32102
16606
5447
3834
27443
30805
16396
12001
360
9367
410
5656
6768
19999
18271
31068
14614
28524
11889
3580
30497
31171
32186
5028
3899
22549
19017
21561
20214
4153
15360
4866
13685
13952
14969
26864
19792
11110
24711
14112
12279
3909
1989
7134
3512
4861
19221
2582
24463
18404
25971
29768
20724
21232
8996
18319
15193
9778
28489
29698
7335
15569
21593
13559
8326
792
4572
19726
7656
2847
11591
14387
4033
28615
23652
2096
28828
22944
31153
5412
15779
3297
5793
18789
24454
17282
13586
4813
16873
24079
23688
23427
31607
13891
4235
16621
31840
31954
27734
15377
3964
11062
21263
9468
11849
3886
17705
12683
11427
11348
25858
2890
2544
29664
28958
22022
16099
6159
14105
22226
22884
1451
24937
5204
15626
28381
18286
18545
145
19207
13891
4471
7875
14305
30998
23160
7458
4975
16627
22906
13187
24244
22060
13242
112
3170
28455
20542
22807
14462
5101
2237
3376
16803
11211
19653
6438
24109
14200
15064
24937
14862
382
864
27069
26225
1200
1872
17477
3265
20636
18926
9452
10442
26099
26552
24969
16543
17617
7010
29884
23152
11654
5131
14447
5883
8399
29102
10022
17141
23811
30935
2454
21211
26765
29737
11490
9609
12755
19767
26410
13828
11881
2407
29043
25543
14592
17736
13578
29156
10859
17200
3476
19159
12739
18339
22232
22617
18805
18917
32340
274
12604
15810
31454
6135
8475
24215
27477
27332
19117
21668
19908
13484
29349
29830
12327
26885
3833
25094
12245
32471
1988
10857
10376
6906
22830
14297
21003
7035
3070
31237
5346
14004
12011
20746
26923
28565
14147
23923
24903
27210
27025
3502
15654
8942
28568
13998
26724
15079
21738
4782
31331
8402
31073
23184
26405
28808
31908
4798
17191
3568
14674
7857
29432
6217
5137
29361
9816
29088
15867
10129
12666
11926
3734
16556
8132
12284
26787
29004
14607
19509
15425
4033
29347
9787
226
30768
18647
1309
9352
12758
1769
16501
11655
15487
14494
20861
32350
22063
10438
18840
15121
23282
6873
27826
13373
31049
3846
22187
29945
27580
2722
18682
24132
3819
17439
28539
29122
26520
22991
5808
11929
19911
30724
30283
11295
13101
11477
696
16084
1746
7251
16500
12931
15668
17602
27485
12563
16150
19592
11165
4725
29599
11633
9161
9418
8797
715
16053
13106
1285
16370
20690
8906
21638
15849
13406
19586
30875
27127
9914
20796
27763
14136
17824
25771
21712
32056
1046
26367
7576
30876
31793
2259
19862
13576
29382
4354
28009
9390
25403
11523
24443
19807
22112
8808
31721
816
30876
32500
18208
15131
31722
30988
25457
9614
25232
9520
30338
9765
83
2263
30091
24527
27320
3857
16988
2824
18640
7784
9968
29939
437
2789
10604
30700
17548
11207
20548
6998
3991
9980
14355
25968
7106
14620
10314
12141
14469
6345
24302
11288
23722
32212
9484
14435
32714
10813
25199
21233
21177
9586
24296
11529
9330
10958
5979
31225
28264
15730
14699
4153
1627
1204
23706
10359
16436
9061
5707
15382
31546
21147
10910
9314
7712
12652
20433
25873
6331
32340
31824
15985
18642
1156
13772
4850
10504
18610
32736
452
15631
14883
22053
26182
10605
11253
6419
2396
22984
40
17363
9823
13404
27903
28471
31652
7393
24605
22377
14526
19842
24161
4394
29262
10904
1544
26570
20931
8632
30765
25862
23317
24794
13903
15603
855
17989
28318
15503
16954
13485
7024
32043
12900
7846
5551
18591
22011
25026
27565
26410
12081
12202
15166
24236
24061
10499
23823
29707
31138
15803
32572
28343
27736
13717
5954
27115
22569
12889
15701
1294
12002
9049
21777
3696
22949
13945
2191
542
28121
1974
12303
11345
20724
26039
1420
18203
14406
24535
15226
21182
3435
8149
25458
26316
23688
19614
5965
29884
23812
26246
2594
28615
10410
22686
7267
25805
30121
26649
23984
6938
23826
24950
16142
5661
4330
31577
21359
14451
2673
16716
3480
17073
27968
23228
13502
21731
13918
5796
6563
18382
4909
10255
18534
6923
12083
10990
26257
31183
30280
19567
16721
22864
1612
7741
23881
14060
4944
31989
1650
13652
6112
18467
4902
8876
20067
25753
21546
9649
30348
27964
29570
32046
17745
6466
906
20788
1665
5784
12114
17485
22416
10914
7158
25038
30632
4116
5001
22653
13465
28951
16203
9380
27334
28481
12789
32058
13501
19717
9034
31194
7021
21077
1815
23368
29271
19728
16584
266
12504
25935
1882
19995
5784
13653
8596
8989
29474
26406
7348
30072
18641
11773
22004
1635
25538
6909
28234
12827
20704
12517
4498
13662
26468
10236
15735
14979
16068
13922
16885
18223
17187
16278
17236
24980
18724
2656
25345
21907
28467
6416
21697
13839
2146
24171
10337
5779
9025
31882
24796
22149
6072
18276
30282
26853
12644
20159
8803
11800
11019
27521
31383
21199
11442
11905
12947
20222
16830
13855
11328
28262
24858
32053
7600
8216
21644
13748
24881
14446
1923
21443
17263
14109
11829
30251
1387
22456
9970
86
25250
30023
19471
8076
8928
21635
23282
7780
29791
29930
9936
17966
14752
24755
6764
6315
14627
19930
30120
14424
3672
27188
14432
31774
31841
30558
8999
31234
30630
12563
31030
2011
12433
25928
23258
19065
23379
26217
10067
8969
24823
30399
6259
19494
15890
5482
9007
16280
2204
15504
17034
20683
16481
4517
29449
31741
27782
1600
30602
23621
24983
23542
9173
7043
11494
3232
11163
31610
5089
5521
23315
14233
3256
25153
11040
26253
16396
16645
8660
30204
691
1347
23361
9009
32664
18242
30037
19512
27506
27499
16318
6184
32357
14488
15729
21565
10528
136
32063
31096
16251
22721
31626
9407
11952
3685
27008
321
4458
1223
20679
20251
7824
23253
25694
8207
3090
30834
1484
13829
11370
10110
6775
22242
18453
8867
2667
15835
22052
15929
5465
23733
223
1444
322
23770
7118
7461
1838
1161
26181
1280
4675
4246
32420
15115
14442
25919
866
317
179
5524
28464
29922
13112
21525
27884
13882
6181
9769
26752
305
4239
21069
9109
1650
15574
1327
22948
25319
15297
15388
25159
9429
9442
26793
8089
9527
9534
24267
23974
9901
3792
14825
15598
24612
13798
919
31090
20084
20386
2578
3573
24103
3027
28008
20234
9175
25704
16988
12873
31112
3950
1045
16376
24016
14601
24302
31479
15025
16138
9568
1250
30506
16460
7083
18077
3799
28061
21350
18778
11318
6001
22626
4347
3627
29337
15185
2175
14706
21840
18277
6111
17987
23324
27374
8817
19208
8044
22930
28256
11030
16739
13943
18154
21809
8918
21304
20916
23752
10374
11528
30791
30671
10524
16368
12756
11689
8947
8691
29124
21182
30692
14692
7060
11508
9377
5434
10516
23183
15883
1800
1566
3475
13603
1169
6246
2003
30898
22364
24642
8483
313
15941
27185
17099
1859
3347
24442
22804
14345
26147
15738
6436
28813
6771
31293
18812
27699
6427
8831
19609
1764
32162
28794
22805
4354
14490
728
7683
7715
31385
18879
24787
21367
31608
17979
10564
28922
4566
15267
115
10432
13561
4249
29339
15739
18150
9633
29844
25871
20948
20456
19454
29468
31292
19628
25949
5006
15213
20765
8989
15769
22558
7039
4768
24066
25438
27237
7809
5150
19452
27182
16012
31049
24266
908
24431
14563
11176
1556
337
3207
15281
14534
27327
9679
26082
9856
32307
16732
21414
15618
626
10246
13845
22153
27483
18975
8347
19847
10347
9229
11471
12337
16860
29973
9042
23936
11666
17403
14618
18065
8603
7543
19074
10377
20291
20784
6156
22990
7003
12341
32234
32206
1849
17311
20755
357
8070
30928
28902
16836
12044
10972
8281
9461
3794
24747
23653
31608
6691
17638
14453
8236
7243
16328
8869
17907
6677
27171
15383
15322
22586
7551
25610
18002
31668
28246
3156
15412
20581
27118
17991
10644
28316
28859
178
11546
13740
17934
13821
28939
11860
13091
21894
24563
5183
21262
15881
10618
14169
24815
58
27188
1989
9848
14397
5031
9546
30457
31744
2855
10142
10850
30259
2367
10824
9480
7742
22090
10299
27247
22737
728
30192
22153
27689
31944
10981
32592
4470
22374
11517
1949
11337
3635
5585
16034
6228
3176
26340
23609
9187
6460
8537
15611
15310
27173
28602
5577
32755
5697
7363
32534
9373
26326
1543
28240
3043
25950
4268
20717
25430
8522
15886
18659
1665
14203
32197
7895
18643
5231
7971
8356
11083
192
28176
32201
32756
18199
2692
1511
13218
28544
25246
9988
11240
25176
14335
21019
4111
31994
29854
7697
16962
25190
4628
10565
22911
9209
15167
32396
22644
7883
17544
15474
20700
24150
8549
2454
30589
29025
21732
20892
10740
1144
7649
816
7579
4271
11190
2680
1296
19992
23296
4208
5881
326
27958
18499
14032
13456
4972
12494
8866
22852
1520
7032
30860
3575
10760
14402
1231
1572
26927
30004
2651
5557
11921
29988
29336
22921
20822
11613
785
20913
24556
28552
22396
18495
28864
18560
23913
17324
25599
6858
22266
32163
27127
18917
15771
15251
30106
28008
20208
30951
26132
7695
4605
5006
10026
28118
13326
10375
1886
6576
21340
4724
16615
13109
10941
14349
17973
10797
10346
26935
16049
3397
6609
7249
7043
19422
8977
24671
6969
9862
23618
20681
25583
6507
10061
24584
28414
9170
20707
7695
2722
25774
9238
11966
2968
1677
31807
26583
27109
24891
445
25201
27812
5508
12453
32284
31324
16594
12853
15428
21187
32331
8223
28813
4639
8000
23001
4881
16000
3529
9426
27989
19271
26283
32609
17892
12391
19282
31944
25294
25255
7774
14923
15625
20178
30422
19844
29742
10080
19051
27730
5605
8520
25323
6232
28088
32535
8485
5712
8223
13912
18929
24852
9047
13795
3326
16711
32710
27373
23597
31105
12883
4207
6393
1630
16166
2401
16668
3823
24372
20511
13935
1759
15014
10471
30105
9551
17306
28325
16713
13349
17318
10130
29648
3073
24256
21903
27787
15014
14661
9127
13823
168
13151
4287
8777
21739
8794
15027
837
18210
20297
5719
7983
32200
22526
9326
29481
18376
11127
29573
7690
18720
24373
10361
17321
29094
22559
30223
28
6220
23519
10872
11462
26008
25082
23054
18535
1356
22464
26958
12329
