57928
58420
58468
58516
58555
58656
58660
58743
58866
58869
58938
58971
59019
59081
59092
59097
59166
59167
59187
59198
59205
59221
59225
59230
59250
59326
59342
59358
59368
59427
59460
59486
59488
59493
59505
59508
59523
59524
59530
59531
59548
59548
59572
59584
59607
59610
59623
59624
59643
59673
59692
59704
59714
59742
59742
59753
59757
59762
59765
59771
59796
59803
59803
59804
59810
59816
59823
59824
59824
59841
59848
59852
59864
59867
59869
59876
59877
59886
59887
59889
59889
59893
59900
59902
59903
59907
59922
59923
59927
59936
59964
59970
59972
59973
59974
59974
59981
59983
59988
59995
60005
60032
60040
60044
60047
60076
60080
60084
60109
60125
60129
60131
60135
60138
60142
60152
60163
60165
60178
60179
60180
60184
60185
60196
60212
60232
60233
60257
60267
60274
60275
60275
60280
60289
60292
60297
60299
60307
60312
60315
60327
60331
60331
60333
60338
60346
60347
60351
60358
60388
60405
60416
60417
60427
60434
60438
60470
60473
60483
60490
60490
60497
60498
60512
60513
60519
60563
60578
60586
60587
60588
60588
60591
60592
60597
60601
60610
60613
60619
60631
60631
60639
60645
60657
60658
60662
60663
60673
60679
60696
60701
60705
60711
60714
60716
60720
60721
60724
60725
60732
60733
60740
60741
60748
60749
60756
60770
60771
60774
60776
60788
60803
60804
60808
60815
60819
60823
60825
60829
60831
60834
60838
60840
60847
60849
60854
60857
60858
60865
60869
60871
60883
60890
60891
60906
60909
60912
60914
60916
60919
60936
60938
60938
60946
60947
60959
60960
60974
60976
60986
60993
60995
60996
60996
61001
61005
61007
61011
61013
61019
61025
61025
61028
61030
61037
61049
61051
61054
61056
61059
61063
61075
61075
61075
61077
61078
61079
61087
61087
61093
61095
61096
61100
61100
61103
61106
61118
61119
61128
61130
61131
61133
61143
61144
61149
61151
61157
61158
61159
61162
61171
61177
61182
61185
61193
61197
61203
61204
61213
61214
61219
61219
61224
61225
61230
61230
61231
61232
61236
61239
61247
61249
61256
61259
61267
61271
61274
61274
61276
61279
61292
61295
61295
61297
61301
61302
61305
61311
61312
61313
61327
61329
61329
61331
61334
61338
61341
61341
61342
61348
61358
61360
61372
61377
61378
61381
61385
61385
61390
61400
61404
61405
61406
61411
61412
61420
61422
61436
61441
61449
61451
61453
61457
61468
61469
61469
61476
61478
61482
61491
61492
61505
61515
61517
61525
61529
61541
61542
61546
61563
61568
61574
61576
61578
61587
61592
61592
61599
61601
61602
61603
61609
61610
61615
61615
61616
61619
61621
61621
61627
61635
61635
61638
61639
61640
61641
61643
61643
61645
61646
61648
61650
61653
61656
61661
61662
61673
61673
61679
61680
61682
61683
61683
61689
61692
61692
61693
61695
61704
61709
61717
61718
61722
61731
61732
61733
61735
61736
61738
61752
61755
61760
61761
61763
61763
61768
61768
61768
61771
61778
61785
61787
61797
61798
61803
61806
61808
61809
61815
61824
61828
61834
61839
61839
61843
61845
61847
61848
61848
61852
61853
61859
61863
61864
61867
61868
61870
61871
61872
61875
61881
61891
61895
61897
61904
61905
61912
61913
61918
61920
61932
61933
61933
61936
61941
61945
61945
61945
61949
61951
61956
61977
61977
61979
61981
61986
61987
61987
61989
62004
62011
62018
62019
62027
62043
62049
62049
62053
62053
62055
62065
62066
62069
62070
62071
62072
62072
62077
62079
62083
62088
62090
62093
62099
62100
62104
62108
62119
62124
62128
62130
62140
62156
62158
62168
62171
62185
62186
62194
62196
62215
62217
62224
62227
62228
62238
62244
62245
62248
62249
62256
62269
62273
62274
62275
62286
62301
62306
62309
62319
62320
62326
62330
62336
62336
62340
62348
62352
62354
62359
62360
62361
62369
62370
62371
62375
62379
62389
62389
62396
62397
62400
62401
62402
62402
62414
62414
62417
62418
62421
62423
62426
62434
62440
62448
62448
62452
62480
62480
62483
62484
62494
62500
62503
62508
62508
62510
62521
62526
62528
62537
62540
62542
62546
62548
62563
62563
62566
62573
62582
62587
62587
62596
62611
62614
62616
62617
62619
62622
62622
62625
62628
62628
62631
62641
62650
62652
62654
62655
62664
62665
62672
62685
62699
62702
62706
62711
62714
62723
62724
62726
62727
62727
62728
62728
62729
62750
62751
62757
62757
62762
62765
62767
62774
62780
62787
62787
62787
62794
62796
62802
62808
62825
62825
62826
62832
62865
62870
62873
62875
62888
62892
62893
62903
62904
62908
62917
62927
62965
62974
62976
62982
62983
62996
63006
63018
63027
63028
63038
63039
63043
63057
63058
63076
63082
63084
63088
63102
63107
63108
63121
63122
63125
63154
63157
63162
63167
63172
63181
63183
63186
63189
63190
63193
63199
63200
63208
63209
63229
63242
63251
63260
63262
63276
63290
63294
63298
63311
63314
63325
63331
63337
63341
63341
63344
63360
63363
63371
63375
63388
63390
63396
63401
63401
63407
63411
63425
63426
63428
63434
63436
63439
63441
63463
63469
63470
63473
63485
63502
63503
63522
63523
63537
63541
63545
63559
63561
63565
63566
63576
63587
63588
63592
63603
63603
63615
63616
63623
63633
63654
63660
63671
63676
63682
63684
63687
63689
63704
63705
63712
63717
63717
63737
63737
63742
63747
63751
63757
63761
63765
63770
63773
63788
63790
63791
63805
63809
63813
63813
63816
63825
63830
63836
63842
63842
63864
63874
63886
63892
63918
63918
63924
63942
63947
63960
63988
63988
63991
63996
64006
64016
64023
64033
64043
64055
64072
64082
64097
64100
64105
64119
64126
64134
64170
64171
64172
64184
64210
64218
64230
64231
64237
64261
64277
64281
64301
64303
64315
64327
64332
64345
64346
64368
64435
64440
64447
64456
64466
64467
64499
64507
64513
64515
64534
64544
64548
64564
64565
64576
64582
64591
64595
64661
64673
64677
64702
64747
64758
64767
64767
64781
64791
64817
64824
64829
64846
64858
64876
64953
64985
64998
65042
65049
65055
65074
65156
65165
65172
65195
65222
65226
65259
65262
65298
65363
65412
65427
65464
65498
65519
65541
65549
65591
65614
65709
65736
65744
65778
65822
65836
65934
65951
65989
65994
66008
66041
66058
66065
66070
66073
66106
66154
66166
66172
66330
66332
66345
66558
66783
66829
66944
66959
67007
67088
67395
67492
67792
67833
67881
68317
68604
69054
69148
69840
70526
72606
72735
73038
83664
88429
