72
72
73
74
77
77
77
79
79
80
81
81
81
81
81
81
81
81
81
81
81
81
82
82
82
82
82
82
82
82
83
83
83
83
83
83
83
83
83
83
83
83
84
84
84
84
84
84
84
84
84
84
84
85
85
85
85
85
85
85
85
85
85
85
86
86
86
86
86
86
86
86
86
86
86
86
87
87
87
87
87
87
87
87
87
87
88
88
89
89
89
89
90
90
91
91
92
93
93
93
93
94
95
96
96
96
97
97
97
98
98
100
101
104
105
105
105
105
107
107
108
109
109
109
109
110
111
111
111
112
112
114
114
114
116
116
116
117
118
119
120
120
120
122
122
122
122
123
123
123
123
123
123
123
124
124
124
124
126
126
128
129
129
129
129
130
130
130
131
131
131
131
132
132
132
133
133
133
133
133
133
134
134
135
135
135
136
136
136
136
136
136
137
137
137
137
137
137
137
137
138
138
139
139
139
139
139
140
140
140
140
140
140
141
141
141
141
141
141
141
141
141
141
142
142
142
142
142
142
143
143
143
143
143
143
143
143
143
144
144
144
144
144
144
144
144
144
145
145
145
145
145
145
145
145
146
146
146
146
146
146
146
146
146
146
146
146
146
147
147
147
147
147
147
147
147
147
148
148
148
148
148
148
148
149
149
149
149
149
149
149
149
149
149
149
150
150
150
150
150
150
150
150
150
150
150
150
150
151
151
151
151
151
151
151
151
151
151
151
151
151
151
151
151
152
152
152
152
152
152
152
152
152
152
152
152
152
152
152
152
152
152
152
153
153
153
153
153
153
153
153
153
153
153
153
153
153
153
153
153
153
153
153
154
154
154
154
154
154
154
154
154
154
154
154
154
154
154
154
154
154
154
154
154
154
154
154
154
154
154
154
154
155
155
155
155
155
155
155
155
155
155
155
155
155
155
155
155
155
155
155
155
155
155
155
155
155
155
155
155
156
156
156
156
156
156
156
156
156
156
156
156
156
156
156
156
156
156
156
156
156
156
156
157
157
157
157
157
157
157
157
157
157
157
157
157
157
157
157
157
157
157
157
157
157
157
157
157
157
157
157
157
157
157
157
157
157
158
158
158
158
158
158
158
158
158
158
158
158
158
158
158
158
158
158
158
158
158
158
158
158
158
158
158
158
158
158
158
158
158
159
159
159
159
159
159
159
159
159
159
159
159
159
159
159
159
159
159
159
159
159
159
159
159
159
159
159
159
159
159
159
159
159
159
160
160
160
160
160
160
160
160
160
160
160
160
160
160
160
160
160
160
160
160
160
160
160
160
160
160
160
160
160
160
160
160
160
160
160
160
160
160
160
160
160
160
160
161
161
161
161
161
161
161
161
161
161
161
161
161
161
161
161
161
161
161
161
161
161
161
161
161
161
161
161
161
161
161
161
161
161
161
161
161
161
161
161
161
161
161
161
162
162
162
162
162
162
162
162
162
162
162
162
162
162
162
162
162
162
162
162
162
162
162
162
162
162
162
162
162
162
162
162
162
162
162
162
162
162
162
162
162
163
163
163
163
163
163
163
163
163
163
163
163
163
163
163
163
163
163
163
163
163
163
163
163
163
164
164
164
164
164
164
164
164
164
164
164
164
164
164
164
164
164
164
164
164
164
164
164
164
164
164
164
164
164
164
164
164
165
165
165
165
165
165
165
165
165
165
165
165
165
165
165
165
165
165
165
165
165
166
166
166
166
166
166
166
166
166
166
166
166
166
166
167
167
167
167
167
167
167
167
167
167
167
167
168
168
168
168
168
168
168
168
168
168
169
169
169
169
169
169
169
169
169
169
169
170
170
170
170
170
170
170
171
171
171
171
171
171
172
172
172
172
172
172
172
173
173
173
173
173
174
174
175
175
175
175
175
176
176
176
177
177
178
179
179
179
179
181
181
181
182
183
183
183
183
184
184
185
185
186
186
187
187
187
188
189
189
189
189
190
190
191
191
191
192
193
193
193
194
194
196
196
196
197
198
199
199
199
199
200
200
201
201
201
203
204
205
205
206
207
208
208
209
209
210
211
212
212
212
213
213
213
214
214
214
215
215
215
215
215
216
217
218
219
219
219
220
220
220
221
221
221
221
221
221
221
221
222
222
222
222
222
223
223
223
223
224
224
224
225
225
225
226
226
226
226
226
226
227
227
228
228
228
229
230
230
230
230
231
231
231
231
232
232
232
232
232
233
233
233
233
233
233
235
235
235
235
240
241
241
242
243
245
259
271
276
276
280
330
336
344
354
362
377
472
523
683
2144
