122825
123126
123195
123247
123422
123426
123453
123467
123498
123504
123516
123560
123633
123651
123657
123672
123678
123702
123704
123711
123742
123764
123785
123829
123831
123850
123859
123883
123892
123896
123944
123971
124007
124054
124088
124112
124118
124168
124169
124187
124193
124215
124245
124263
124282
124329
124344
124350
124359
124392
124407
124418
124460
124480
124484
124502
124518
124519
124521
124552
124597
124611
124612
124617
124626
124629
124637
124646
124646
124655
124687
124723
124729
124730
124751
124752
124768
124819
124827
124828
124846
124878
124886
124911
124918
124926
124952
124958
124960
124967
124996
125014
125015
125022
125061
125076
125084
125093
125100
125134
125135
125180
125185
125188
125217
125222
125228
125229
125293
125296
125315
125319
125323
125335
125371
125372
125390
125396
125407
125421
125426
125426
125446
125447
125498
125514
125515
125520
125532
125546
125562
125568
125584
125589
125609
125614
125619
125630
125633
125660
125682
125698
125710
125714
125740
125771
125804
125810
125861
125866
125917
125925
125936
125946
125954
125965
125970
126014
126036
126042
126048
126055
126057
126073
126079
126090
126107
126111
126124
126128
126142
126142
126148
126164
126214
126222
126236
126250
126265
126292
126295
126314
126323
126336
126339
126344
126363
126372
126392
126403
126404
126408
126418
126419
126464
126467
126480
126490
126494
126507
126513
126517
126523
126529
126532
126534
126542
126549
126566
126567
126570
126571
126594
126647
126671
126674
126677
126694
126711
126715
126719
126751
126754
126756
126762
126762
126764
126784
126806
126850
126868
126873
126890
126896
126906
126926
126933
126933
126936
126943
126970
126991
126997
127005
127008
127012
127017
127035
127043
127048
127061
127064
127064
127113
127130
127149
127152
127175
127177
127178
127199
127210
127211
127246
127250
127253
127281
127315
127362
127377
127384
127397
127414
127427
127434
127468
127482
127493
127514
127573
127600
127623
127624
127629
127659
127677
127701
127807
127809
127833
127847
127874
127886
127893
127974
128010
128019
128021
128030
128083
128084
128107
128129
128153
128163
128166
128197
128227
128234
128258
128266
128267
128270
128273
128312
128316
128336
128372
128374
128375
128384
128401
128441
128455
128495
128539
128559
128588
128592
128618
128622
128635
128646
128650
128654
128689
128702
128707
128714
128737
128759
128768
128813
128816
128847
128852
128854
128872
128910
128919
128938
128943
128953
128965
128989
129010
129011
129018
129054
129069
129096
129108
129123
129132
129143
129153
129180
129207
129235
129302
129325
129343
129359
129368
129369
129380
129398
129419
129460
129525
129538
129555
129577
129579
129615
129646
129740
129811
129923
129949
129977
130010
130011
130080
130088
130107
130112
130127
130145
130151
130162
130174
130174
130266
130271
130277
130282
130283
130294
130368
130401
130435
130507
130549
130565
130579
130595
130614
130620
130622
130690
130699
130718
130778
130813
130930
130930
130966
131175
131185
131191
131198
131248
131254
131271
131277
131327
131339
131355
131372
131383
131412
131425
131458
131463
131538
131546
131573
131601
131616
131616
131630
131632
131639
131641
131647
131665
131686
131694
131704
131737
131757
131772
131784
131813
131832
131843
131878
131890
131903
131909
131965
131985
132056
132065
132068
132091
132093
132099
132107
132108
132127
132131
132166
132174
132187
132188
132230
132245
132264
132266
132274
132286
132292
132296
132297
132314
132329
132347
132348
132350
132351
132353
132363
132376
132379
132382
132391
132421
132444
132446
132459
132460
132479
132486
132486
132526
132554
132558
132574
132576
132599
132604
132615
132632
132657
132661
132667
132669
132683
132705
132710
132725
132749
132777
132778
132795
132798
132805
132807
132818
132824
132825
132825
132826
132830
132835
132838
132847
132857
132870
132876
132880
132885
132886
132900
132908
132913
132919
132922
132943
132945
132945
132947
132971
132985
133013
133015
133053
133063
133082
133095
133097
133116
133142
133144
133153
133154
133165
133168
133172
133174
133175
133190
133213
133241
133242
133251
133255
133269
133287
133292
133310
133318
133337
133343
133368
133381
133383
133401
133415
133416
133428
133438
133441
133446
133456
133460
133483
133484
133496
133505
133508
133514
133530
133544
133548
133553
133560
133565
133567
133573
133576
133602
133602
133610
133616
133648
133664
133670
133689
133694
133697
133708
133709
133710
133718
133734
133738
133743
133755
133762
133773
133780
133782
133794
133795
133800
133803
133814
133816
133835
133844
133848
133854
133862
133864
133866
133868
133877
133883
133885
133904
133947
133960
133972
133980
133980
133997
134050
134051
134058
134081
134081
134087
134098
134099
134107
134123
134131
134139
134148
134149
134166
134177
134186
134189
134201
134203
134205
134207
134214
134217
134237
134258
134267
134269
134284
134300
134307
134312
134323
134331
134339
134343
134346
134355
134376
134378
134379
134392
134397
134398
134402
134410
134418
134420
134430
134432
134458
134460
134463
134466
134482
134484
134487
134496
134501
134506
134528
134529
134547
134548
134561
134566
134584
134588
134591
134597
134599
134607
134610
134623
134646
134650
134684
134691
134694
134709
134725
134729
134739
134751
134752
134759
134801
134803
134836
134840
134860
134865
134880
134888
134897
134908
134912
134937
134940
134943
134974
134978
134981
134992
134995
134997
135010
135045
135057
135074
135075
135089
135090
135127
135150
135163
135169
135172
135175
135187
135194
135204
135223
135254
135291
135304
135305
135324
135327
135343
135359
135386
135457
135460
135462
135464
135468
135475
135486
135535
135536
135537
135546
135568
135575
135613
135615
135615
135621
135640
135657
135659
135666
135670
135684
135715
135740
135753
135772
135772
135772
135777
135789
135798
135816
135819
135901
135915
135926
135941
135969
135971
135978
135984
135989
135998
136003
136008
136065
136066
136074
136080
136086
136095
136104
136120
136153
136154
136158
136160
136216
136250
136252
136264
136271
136274
136276
136303
136318
136322
136334
136341
136370
136370
136385
136401
136408
136414
136437
136441
136460
136464
136509
136519
136525
136533
136533
136534
136535
136561
136567
136582
136583
136583
136617
136625
136641
136687
136704
136742
136758
136788
136805
136806
136854
136893
136924
136931
136938
136941
136978
136983
137009
137017
137056
137068
137094
137117
137156
137169
137192
137194
137199
137227
137262
137326
137412
137430
137495
137513
137519
137548
137554
137576
137596
137601
137604
137621
137656
137661
137662
137733
137740
137769
137779
137799
137841
137902
137907
138033
138124
138168
138225
138272
138365
138425
138433
138494
138853
138891
138982
139020
139260
139329
139397
139436
139468
139476
139594
139743
139977
139999
140090
140097
140344
140496
140945
140969
141007
141062
141339
141745
141822
141975
142885
143573
143905
144053
144098
144349
146042
146450
146790
151268
152704
153054
163334
163510
164312
165702
167040
