70907
71481
71483
71521
71605
71655
71696
71728
71743
71789
71816
71863
71872
71874
71943
71970
71997
72051
72085
72085
72095
72107
72120
72152
72152
72159
72161
72181
72194
72198
72220
72225
72226
72275
72277
72278
72297
72300
72304
72325
72328
72351
72360
72391
72392
72395
72420
72431
72433
72440
72455
72461
72462
72466
72476
72476
72478
72485
72486
72488
72490
72504
72531
72545
72545
72549
72553
72563
72590
72590
72593
72603
72613
72619
72621
72626
72629
72633
72639
72644
72649
72660
72661
72668
72681
72682
72686
72692
72693
72696
72705
72726
72728
72729
72735
72750
72757
72760
72768
72770
72777
72779
72781
72784
72784
72792
72796
72802
72802
72807
72810
72819
72823
72837
72839
72854
72855
72860
72868
72877
72877
72885
72885
72886
72903
72908
72912
72916
72922
72924
72926
72931
72931
72935
72937
72947
72949
72950
72951
72968
72968
72974
72989
72991
72993
72995
72996
73002
73006
73008
73023
73023
73026
73028
73047
73050
73056
73072
73073
73094
73111
73112
73120
73136
73141
73143
73143
73157
73160
73160
73162
73172
73187
73188
73191
73191
73195
73209
73216
73219
73234
73236
73239
73243
73245
73245
73248
73249
73251
73254
73255
73258
73259
73269
73274
73275
73278
73279
73283
73284
73285
73285
73293
73295
73301
73304
73307
73317
73321
73324
73326
73327
73332
73336
73338
73338
73351
73354
73357
73362
73367
73371
73371
73374
73376
73382
73383
73388
73398
73403
73405
73408
73409
73417
73424
73424
73428
73431
73461
73466
73466
73472
73474
73483
73491
73502
73508
73510
73514
73521
73524
73527
73544
73544
73549
73550
73556
73557
73558
73560
73563
73568
73572
73579
73585
73587
73587
73591
73599
73609
73610
73611
73612
73612
73613
73631
73633
73635
73643
73646
73646
73664
73670
73671
73672
73674
73676
73679
73682
73694
73699
73703
73706
73712
73712
73714
73720
73721
73725
73726
73727
73735
73738
73741
73746
73748
73750
73753
73755
73757
73763
73772
73782
73783
73788
73790
73797
73801
73804
73808
73814
73820
73820
73824
73826
73834
73839
73842
73848
73851
73858
73860
73867
73881
73882
73891
73903
73904
73907
73908
73910
73916
73922
73931
73934
73936
73939
73940
73944
73944
73950
73950
73955
73959
73959
73971
73982
74002
74007
74010
74012
74013
74025
74032
74034
74041
74050
74055
74057
74061
74064
74071
74071
74083
74084
74096
74096
74102
74112
74117
74129
74129
74132
74139
74141
74148
74152
74157
74161
74163
74169
74173
74183
74185
74186
74187
74187
74188
74198
74202
74203
74203
74204
74204
74222
74222
74228
74229
74233
74252
74255
74259
74259
74272
74274
74280
74283
74285
74289
74291
74291
74291
74291
74295
74297
74299
74302
74303
74303
74304
74311
74315
74316
74321
74324
74326
74332
74343
74347
74350
74356
74357
74357
74358
74362
74364
74381
74381
74384
74386
74403
74404
74407
74409
74409
74414
74416
74419
74421
74431
74432
74435
74436
74436
74439
74442
74456
74468
74472
74477
74477
74485
74492
74493
74494
74496
74506
74506
74511
74514
74516
74518
74524
74530
74532
74533
74533
74533
74536
74544
74554
74558
74558
74565
74582
74584
74587
74599
74599
74603
74604
74605
74606
74610
74617
74617
74623
74626
74635
74642
74650
74652
74655
74664
74670
74679
74690
74691
74691
74698
74706
74708
74710
74713
74713
74714
74720
74726
74731
74741
74757
74764
74766
74766
74772
74774
74782
74783
74799
74801
74804
74805
74809
74814
74829
74830
74839
74842
74844
74845
74849
74853
74856
74864
74866
74872
74876
74879
74879
74888
74888
74898
74906
74909
74914
74920
74925
74931
74935
74946
74954
74965
74969
74984
74985
74987
74989
74993
75000
75004
75006
75007
75017
75021
75024
75024
75031
75036
75042
75045
75063
75067
75071
75072
75085
75089
75099
75103
75121
75145
75147
75157
75158
75163
75163
75163
75170
75170
75172
75183
75184
75186
75191
75206
75213
75216
75216
75219
75225
75228
75232
75234
75237
75239
75239
75242
75251
75268
75286
75295
75297
75300
75300
75301
75301
75308
75319
75320
75328
75346
75346
75350
75353
75354
75357
75368
75371
75374
75374
75375
75376
75376
75380
75380
75381
75396
75398
75405
75409
75409
75440
75441
75446
75453
75461
75482
75483
75485
75487
75494
75494
75500
75508
75511
75520
75540
75541
75544
75544
75553
75555
75592
75594
75598
75611
75612
75620
75621
75629
75633
75644
75660
75666
75667
75668
75684
75685
75688
75694
75694
75704
75717
75723
75731
75732
75735
75753
75753
75754
75763
75770
75773
75773
75777
75778
75793
75806
75806
75811
75843
75844
75852
75854
75855
75855
75857
75861
75869
75874
75891
75892
75893
75896
75901
75901
75916
75916
75928
75938
75940
75942
75942
75981
75988
76000
76006
76010
76011
76013
76026
76026
76050
76055
76057
76059
76085
76085
76092
76092
76093
76103
76112
76126
76136
76138
76143
76144
76153
76157
76178
76185
76190
76205
76229
76236
76250
76263
76279
76296
76298
76298
76303
76336
76339
76340
76344
76346
76365
76368
76379
76385
76395
76400
76404
76405
76405
76406
76407
76417
76419
76424
76430
76439
76443
76453
76455
76460
76467
76475
76490
76504
76509
76515
76527
76545
76564
76564
76564
76573
76585
76591
76593
76593
76604
76608
76614
76617
76621
76647
76651
76669
76682
76683
76686
76702
76704
76713
76714
76722
76725
76743
76744
76745
76748
76755
76756
76758
76765
76780
76793
76799
76822
76822
76828
76847
76853
76855
76868
76891
76896
76897
76936
76936
76942
76975
76995
76995
76997
76997
77014
77053
77055
77060
77068
77070
77073
77103
77106
77107
77107
77109
77118
77132
77132
77132
77141
77161
77173
77180
77197
77209
77246
77247
77258
77273
77283
77285
77294
77296
77309
77316
77325
77367
77397
77405
77405
77415
77427
77431
77444
77473
77484
77511
77526
77536
77554
77569
77576
77589
77599
77610
77668
77670
77728
77732
77759
77764
77783
77800
77805
77830
77854
77861
77862
77863
77868
77873
77895
77898
77905
77925
77925
77927
77932
77938
78008
78128
78134
78134
78159
78166
78171
78179
78185
78190
78201
78223
78225
78230
78275
78433
78451
78520
78544
78565
78635
78666
78688
78725
78756
78758
78857
78885
78953
78962
78982
79049
79124
79257
79437
79660
79764
79811
79821
79857
79975
79993
79997
80107
80390
80472
80566
80804
80981
81203
82554
83051
84330
84388
86695
