95739
95802
95805
95966
95990
96000
96075
96124
96192
96286
96306
96468
96522
96531
96548
96554
96579
96668
96676
96680
96740
96771
96804
96823
96878
96883
96888
96919
96919
96978
96986
96991
96998
97079
97110
97151
97168
97173
97175
97180
97192
97195
97229
97230
97258
97277
97278
97286
97296
97316
97352
97373
97390
97398
97422
97428
97447
97450
97473
97517
97537
97551
97553
97559
97571
97573
97638
97694
97699
97716
97720
97759
97762
97767
97781
97796
97814
97820
97829
97864
97873
97878
97898
97906
97911
97912
97925
97989
98008
98029
98039
98048
98120
98123
98159
98162
98165
98195
98195
98225
98236
98267
98283
98292
98293
98300
98304
98312
98317
98342
98345
98363
98370
98376
98382
98384
98387
98394
98420
98420
98433
98435
98443
98458
98527
98528
98535
98557
98573
98600
98613
98623
98641
98647
98663
98667
98676
98693
98714
98723
98734
98741
98745
98794
98820
98828
98848
98849
98869
98871
98918
98931
98946
98948
98964
98985
98987
99010
99063
99065
99078
99082
99087
99099
99144
99152
99173
99192
99205
99208
99226
99249
99263
99272
99274
99292
99298
99314
99327
99329
99364
99377
99388
99402
99404
99466
99475
99479
99499
99504
99515
99531
99533
99540
99566
99566
99572
99580
99582
99582
99585
99597
99605
99608
99627
99634
99637
99677
99742
99772
99791
99793
99797
99807
99849
99851
99851
99855
99870
99871
99910
99929
99942
100001
100004
100055
100063
100065
100070
100110
100178
100181
100184
100186
100189
100202
100218
100253
100254
100322
100383
100386
100392
100434
100436
100445
100449
100454
100478
100489
100500
100521
100525
100531
100549
100571
100580
100598
100626
100647
100648
100658
100661
100663
100699
100704
100724
100724
100734
100762
100764
100774
100784
100799
100805
100808
100837
100841
100865
100885
100922
100944
100957
100974
100977
100996
101024
101031
101033
101067
101099
101128
101134
101143
101157
101171
101173
101182
101185
101198
101198
101207
101220
101231
101250
101277
101307
101329
101343
101366
101445
101492
101601
101605
101615
101616
101659
101659
101692
101705
101724
101725
101737
101738
101748
101754
101760
101764
101770
101771
101776
101779
101808
101810
101814
101818
101835
101852
101884
101900
101911
101936
101965
101974
101983
102023
102025
102027
102034
102076
102100
102115
102136
102152
102156
102158
102164
102174
102199
102231
102271
102297
102316
102347
102350
102374
102380
102384
102388
102410
102415
102417
102422
102425
102429
102467
102467
102492
102511
102520
102522
102547
102555
102565
102573
102579
102580
102584
102609
102627
102642
102643
102646
102652
102664
102668
102682
102684
102715
102721
102726
102731
102739
102773
102793
102793
102810
102823
102824
102828
102847
102856
102858
102881
102891
102891
102891
102893
102898
102910
102935
102939
102960
102961
102976
102994
102994
102998
103002
103011
103034
103038
103048
103054
103055
103072
103074
103076
103086
103093
103094
103098
103107
103123
103136
103145
103146
103148
103151
103166
103169
103175
103177
103196
103197
103206
103245
103248
103249
103251
103253
103267
103269
103283
103286
103291
103299
103312
103317
103341
103343
103347
103349
103356
103376
103417
103431
103449
103452
103452
103459
103478
103480
103482
103498
103499
103501
103504
103510
103513
103517
103518
103521
103530
103536
103545
103547
103553
103553
103576
103600
103606
103617
103618
103624
103626
103633
103646
103647
103653
103655
103661
103665
103674
103686
103687
103718
103721
103726
103728
103745
103763
103766
103781
103799
103806
103810
103811
103811
103817
103817
103823
103836
103838
103853
103875
103876
103877
103881
103882
103897
103908
103920
103924
103952
103954
103957
103974
103979
103983
104007
104019
104023
104034
104049
104049
104081
104090
104099
104110
104117
104135
104137
104147
104150
104155
104160
104189
104193
104226
104257
104260
104260
104275
104276
104278
104329
104330
104335
104339
104380
104387
104396
104396
104411
104417
104418
104432
104460
104491
104505
104512
104517
104536
104540
104544
104548
104570
104581
104593
104600
104607
104622
104630
104633
104645
104650
104657
104668
104698
104706
104719
104758
104761
104764
104768
104801
104801
104820
104839
104875
104876
104895
104898
104909
104915
104920
104923
104924
104931
104944
104946
104952
104962
104973
104981
104990
105014
105020
105022
105048
105073
105081
105130
105130
105170
105173
105179
105204
105221
105241
105261
105265
105274
105283
105286
105289
105290
105291
105296
105298
105318
105328
105344
105345
105354
105362
105368
105369
105389
105419
105419
105421
105423
105446
105452
105457
105486
105491
105491
105506
105513
105530
105536
105537
105544
105550
105579
105582
105584
105588
105588
105596
105598
105610
105629
105630
105637
105644
105651
105657
105659
105663
105686
105694
105707
105709
105722
105730
105734
105750
105753
105755
105759
105767
105773
105781
105795
105819
105840
105874
105878
105882
105905
105927
105943
105944
105961
105964
105964
105996
106005
106020
106086
106124
106131
106135
106143
106146
106166
106167
106171
106175
106181
106203
106210
106211
106222
106226
106228
106238
106259
106263
106284
106286
106297
106297
106307
106335
106337
106370
106406
106408
106410
106420
106427
106469
106469
106540
106550
106570
106581
106591
106602
106674
106679
106683
106687
106690
106754
106756
106792
106858
106860
106862
106879
106916
106941
106956
106957
106963
106963
107006
107021
107056
107066
107086
107093
107097
107138
107143
107148
107157
107163
107173
107176
107183
107186
107188
107233
107313
107314
107316
107328
107357
107393
107427
107458
107469
107473
107475
107478
107495
107538
107588
107606
107614
107616
107640
107650
107662
107664
107679
107694
107710
107713
107714
107736
107745
107770
107787
107816
107818
107825
107838
107843
107866
107889
107902
107926
107957
107958
107991
108017
108024
108039
108041
108055
108063
108069
108085
108091
108108
108116
108128
108156
108157
108178
108182
108186
108203
108238
108251
108252
108259
108280
108293
108309
108451
108457
108471
108474
108497
108505
108525
108536
108590
108621
108624
108626
108648
108648
108689
108691
108713
108780
108790
108801
108805
108826
108872
108940
108961
108965
109031
109039
109059
109079
109084
109125
109130
109132
109147
109177
109201
109240
109261
109292
109328
109333
109335
109337
109353
109362
109364
109376
109446
109448
109464
109491
109520
109529
109532
109551
109559
109581
109605
109691
109697
109708
109757
109762
109781
109889
109964
109965
110007
110032
110041
110075
110090
110123
110155
110195
110205
110275
110276
110277
110369
110377
110401
110651
110653
110738
110821
110834
110851
111031
111120
111213
111266
111401
111525
111610
111632
111633
111872
112754
112825
112901
113269
113308
113344
113469
114126
114270
115062
115173
115254
115323
120663
122544
125727
125843
126171
126842
127300
127807
132958
136964
