42213
42296
42297
42491
42494
42723
42868
42921
42952
42984
42995
43068
43256
43269
43290
43298
43325
43353
43363
43449
43508
43565
43583
43628
43715
43722
43746
43767
43773
43784
43790
43795
43817
43877
43896
43910
43916
43986
43987
43990
43991
44014
44053
44065
44079
44100
44109
44138
44140
44163
44190
44212
44213
44255
44268
44276
44285
44301
44318
44336
44338
44347
44350
44383
44389
44403
44433
44444
44454
44465
44473
44474
44507
44523
44523
44531
44535
44539
44558
44580
44590
44596
44606
44623
44629
44632
44643
44653
44663
44672
44695
44726
44736
44740
44750
44758
44761
44790
44794
44798
44813
44814
44818
44821
44828
44835
44839
44841
44843
44849
44850
44853
44854
44868
44870
44883
44917
44930
44944
44953
44955
44962
44967
44970
44970
44973
44980
44985
45012
45029
45036
45040
45042
45054
45055
45057
45063
45065
45066
45075
45085
45089
45091
45093
45102
45113
45120
45123
45127
45128
45136
45163
45170
45173
45177
45179
45193
45222
45225
45238
45239
45247
45262
45265
45267
45271
45277
45296
45305
45305
45306
45319
45322
45325
45332
45348
45351
45363
45396
45405
45407
45421
45422
45422
45429
45438
45445
45450
45457
45466
45466
45468
45496
45500
45509
45510
45510
45520
45523
45523
45534
45547
45552
45555
45557
45565
45566
45570
45585
45594
45596
45609
45610
45616
45619
45622
45632
45649
45660
45662
45670
45674
45675
45677
45677
45677
45678
45684
45686
45693
45701
45705
45712
45715
45718
45720
45722
45730
45732
45741
45742
45746
45758
45795
45795
45803
45807
45809
45809
45811
45821
45823
45823
45844
45849
45851
45857
45861
45879
45882
45907
45911
45925
45925
45926
45934
45938
45944
45955
45958
45964
45969
45972
45973
45982
45984
45995
46001
46002
46011
46018
46024
46034
46038
46039
46041
46043
46044
46045
46049
46051
46051
46056
46087
46094
46102
46105
46112
46113
46123
46126
46130
46152
46168
46169
46182
46183
46185
46189
46199
46199
46200
46206
46220
46226
46227
46238
46239
46246
46246
46254
46256
46257
46260
46262
46264
46276
46279
46285
46286
46289
46292
46294
46297
46305
46307
46313
46328
46331
46335
46336
46342
46349
46350
46353
46360
46365
46374
46381
46385
46386
46393
46401
46402
46402
46406
46410
46410
46410
46423
46425
46432
46434
46438
46440
46441
46468
46469
46472
46474
46478
46483
46490
46494
46495
46502
46511
46512
46513
46514
46523
46532
46534
46539
46542
46544
46555
46558
46562
46569
46571
46580
46582
46587
46603
46609
46613
46616
46619
46631
46631
46632
46639
46640
46642
46650
46655
46661
46666
46673
46673
46675
46684
46687
46688
46690
46691
46693
46700
46702
46702
46707
46720
46742
46746
46747
46748
46751
46752
46753
46764
46765
46768
46768
46770
46777
46778
46781
46790
46792
46793
46794
46795
46795
46796
46805
46807
46810
46812
46818
46819
46822
46826
46827
46829
46836
46836
46838
46839
46842
46844
46845
46848
46848
46848
46860
46865
46867
46867
46869
46874
46890
46897
46909
46910
46913
46921
46923
46941
46943
46945
46965
46968
46968
46979
46980
46984
46990
46991
46994
46997
47000
47009
47019
47030
47040
47043
47051
47058
47062
47075
47080
47083
47084
47085
47088
47095
47095
47098
47100
47103
47104
47110
47111
47119
47132
47141
47142
47146
47157
47159
47172
47172
47173
47181
47185
47188
47190
47207
47212
47229
47238
47242
47242
47246
47249
47250
47253
47262
47264
47277
47279
47281
47283
47285
47297
47303
47307
47311
47316
47317
47325
47328
47335
47340
47342
47350
47356
47357
47362
47365
47370
47371
47372
47374
47377
47378
47382
47388
47392
47402
47405
47411
47415
47425
47425
47427
47428
47430
47438
47441
47444
47445
47453
47453
47456
47462
47467
47476
47480
47486
47492
47495
47498
47500
47513
47528
47529
47538
47538
47540
47545
47547
47547
47548
47556
47563
47566
47567
47569
47576
47577
47577
47577
47578
47579
47582
47584
47584
47585
47596
47599
47601
47614
47615
47622
47622
47623
47625
47627
47638
47659
47660
47666
47667
47672
47677
47684
47693
47698
47707
47718
47720
47725
47730
47730
47732
47753
47756
47776
47819
47823
47825
47828
47836
47838
47847
47847
47857
47858
47863
47896
47896
47903
47910
47915
47916
47950
47954
47958
47980
47980
47982
47983
47995
48054
48058
48062
48063
48074
48087
48095
48102
48110
48131
48137
48151
48152
48158
48158
48162
48167
48180
48184
48184
48189
48192
48199
48200
48200
48209
48210
48220
48233
48237
48241
48242
48249
48252
48253
48256
48261
48262
48264
48266
48273
48274
48276
48284
48297
48307
48308
48312
48342
48344
48348
48355
48359
48378
48383
48397
48401
48404
48412
48413
48417
48420
48438
48445
48454
48461
48467
48471
48473
48473
48480
48482
48485
48494
48496
48500
48503
48507
48519
48535
48539
48544
48580
48581
48586
48603
48606
48615
48615
48616
48648
48657
48672
48694
48705
48714
48721
48722
48726
48727
48729
48748
48749
48769
48770
48771
48777
48795
48803
48806
48809
48809
48823
48830
48838
48843
48847
48854
48863
48877
48892
48903
48904
48908
48943
48969
48971
48974
49012
49015
49049
49049
49052
49073
49082
49083
49091
49108
49113
49114
49125
49136
49140
49168
49192
49205
49212
49230
49235
49235
49240
49240
49255
49259
49279
49280
49294
49298
49339
49363
49380
49393
49394
49411
49422
49424
49433
49436
49445
49451
49464
49472
49473
49498
49510
49511
49522
49530
49537
49545
49550
49560
49567
49573
49575
49606
49620
49652
49657
49659
49692
49695
49702
49709
49726
49744
49746
49748
49748
49784
49786
49794
49813
49813
49813
49820
49826
49829
49844
49882
49887
49894
49933
49934
49953
49980
49995
50003
50006
50020
50046
50049
50067
50085
50090
50097
50104
50113
50119
50120
50167
50171
50176
50186
50213
50215
50223
50275
50280
50285
50287
50287
50293
50311
50337
50348
50361
50375
50456
50461
50470
50484
50490
50517
50523
50541
50556
50602
50609
50614
50642
50661
50676
50706
50732
50741
50750
50753
50774
50788
50821
50827
50882
50885
50933
50963
51013
51023
51025
51028
51032
51059
51084
51138
51228
51242
51296
51347
51355
51407
51415
51424
51453
51453
51473
51479
51532
51621
51637
51670
51697
51702
51797
51963
52087
52456
52564
52590
52604
52854
52859
52887
52898
53049
53421
53618
54499
55167
55441
55848
56239
56746
57403
58161
61811
