64363
64502
64567
64664
64729
64737
64770
64898
64904
64980
64987
65006
65011
65015
65042
65192
65196
65219
65248
65269
65280
65306
65320
65332
65368
65373
65374
65380
65381
65382
65392
65410
65435
65435
65444
65448
65475
65526
65527
65536
65537
65545
65557
65557
65570
65579
65590
65594
65608
65610
65611
65612
65617
65619
65623
65628
65633
65635
65638
65645
65650
65653
65661
65665
65688
65689
65695
65699
65700
65705
65707
65710
65728
65737
65746
65748
65750
65751
65753
65785
65787
65790
65792
65793
65794
65796
65802
65805
65806
65818
65828
65830
65846
65856
65879
65885
65912
65913
65913
65914
65921
65928
65929
65930
65931
65933
65939
65943
65944
65948
65950
65952
65953
65956
65956
65960
65967
65970
65970
65971
65974
65976
65981
65984
65985
65988
65995
65996
65998
66010
66015
66017
66019
66023
66025
66029
66032
66041
66042
66045
66046
66047
66051
66052
66052
66052
66054
66055
66058
66058
66062
66063
66063
66071
66083
66084
66091
66099
66107
66114
66118
66130
66136
66139
66141
66144
66145
66146
66151
66153
66153
66155
66155
66158
66163
66170
66175
66179
66183
66186
66193
66193
66197
66209
66220
66220
66227
66227
66227
66238
66240
66245
66250
66251
66256
66261
66264
66265
66268
66275
66279
66279
66282
66283
66285
66297
66300
66306
66309
66311
66319
66330
66336
66340
66341
66342
66342
66351
66354
66354
66359
66368
66377
66379
66381
66381
66386
66395
66402
66403
66412
66413
66415
66416
66416
66421
66423
66426
66428
66431
66432
66434
66440
66442
66443
66447
66454
66455
66463
66465
66466
66467
66468
66477
66479
66480
66481
66488
66496
66499
66500
66500
66504
66509
66513
66520
66523
66527
66529
66530
66531
66532
66538
66550
66556
66560
66564
66575
66579
66580
66586
66587
66593
66600
66601
66603
66603
66605
66607
66607
66609
66611
66612
66614
66618
66620
66622
66623
66623
66625
66627
66628
66628
66632
66632
66632
66633
66634
66636
66638
66639
66642
66643
66643
66645
66657
66661
66663
66663
66665
66667
66676
66681
66685
66686
66693
66694
66699
66700
66705
66706
66710
66711
66711
66716
66716
66724
66727
66728
66729
66730
66730
66735
66741
66741
66743
66749
66749
66752
66752
66758
66762
66763
66765
66771
66772
66775
66776
66778
66778
66781
66782
66784
66786
66803
66805
66809
66811
66815
66834
66838
66843
66844
66846
66849
66853
66854
66859
66867
66872
66874
66878
66878
66881
66888
66888
66888
66889
66891
66891
66902
66917
66918
66919
66924
66924
66929
66932
66944
66945
66947
66949
66952
66953
66954
66963
66965
66969
66976
66984
66990
66993
66999
67000
67000
67001
67003
67003
67004
67007
67012
67016
67016
67020
67026
67032
67034
67036
67036
67051
67052
67056
67060
67060
67060
67061
67061
67063
67064
67066
67075
67083
67084
67085
67086
67086
67087
67092
67101
67101
67112
67115
67119
67124
67127
67127
67129
67131
67136
67140
67142
67147
67155
67155
67163
67167
67170
67172
67174
67178
67179
67180
67183
67200
67202
67204
67204
67214
67217
67218
67220
67229
67229
67241
67242
67251
67253
67254
67258
67263
67268
67269
67282
67293
67305
67310
67312
67317
67317
67318
67321
67323
67325
67329
67339
67344
67345
67354
67367
67370
67372
67374
67375
67375
67376
67383
67389
67392
67394
67395
67405
67410
67411
67412
67422
67422
67424
67426
67430
67433
67438
67443
67456
67459
67459
67459
67468
67468
67469
67476
67481
67510
67519
67519
67519
67520
67523
67524
67529
67534
67548
67556
67571
67572
67576
67584
67584
67588
67595
67597
67608
67622
67623
67626
67628
67631
67642
67651
67665
67671
67675
67680
67696
67706
67712
67718
67719
67719
67728
67731
67739
67741
67742
67743
67743
67753
67759
67759
67767
67777
67783
67784
67787
67788
67792
67807
67810
67812
67814
67815
67825
67831
67832
67842
67851
67856
67858
67866
67868
67871
67880
67886
67888
67890
67893
67897
67900
67905
67906
67906
67906
67909
67911
67911
67914
67919
67931
67937
67937
67938
67941
67943
67945
67947
67950
67951
67955
67966
67973
67977
67978
67987
67989
68001
68002
68003
68006
68016
68020
68021
68024
68032
68048
68061
68067
68080
68085
68088
68097
68100
68103
68117
68124
68143
68153
68153
68155
68156
68160
68161
68167
68175
68199
68200
68206
68213
68220
68229
68256
68276
68281
68283
68288
68298
68300
68303
68303
68308
68315
68316
68319
68324
68327
68328
68333
68341
68345
68365
68369
68377
68379
68381
68383
68397
68401
68415
68415
68419
68419
68427
68428
68430
68457
68457
68458
68460
68465
68469
68470
68478
68484
68494
68496
68497
68500
68514
68529
68533
68540
68542
68557
68571
68577
68581
68597
68601
68611
68611
68613
68619
68624
68629
68632
68638
68643
68646
68652
68656
68659
68659
68661
68670
68673
68689
68693
68700
68705
68710
68719
68730
68733
68738
68759
68761
68777
68780
68781
68782
68801
68803
68812
68815
68822
68839
68842
68843
68845
68849
68864
68865
68869
68892
68905
68910
68912
68920
68937
68963
68969
68983
68993
68995
69001
69004
69024
69032
69037
69056
69057
69065
69066
69069
69085
69089
69091
69093
69123
69128
69129
69147
69153
69162
69164
69184
69210
69215
69240
69240
69241
69313
69355
69357
69420
69428
69432
69439
69443
69453
69463
69467
69474
69479
69479
69487
69489
69496
69504
69509
69522
69548
69554
69575
69577
69600
69612
69613
69628
69632
69640
69659
69663
69680
69692
69727
69741
69744
69763
69768
69786
69821
69823
69827
69843
69845
69853
69856
69871
69885
69887
69888
69896
69896
69904
69919
69921
69924
69933
69938
69939
69946
69995
70023
70033
70084
70096
70111
70113
70120
70130
70152
70152
70159
70181
70197
70199
70205
70213
70221
70227
70238
70241
70259
70263
70274
70276
70305
70329
70339
70375
70381
70389
70396
70427
70440
70475
70481
70568
70572
70586
70609
70632
70634
70637
70639
70645
70673
70676
70699
70707
70710
70716
70733
70773
70800
70824
70894
70942
70945
70981
71014
71057
71076
71085
71107
71129
71172
71196
71201
71279
71293
71319
71331
71350
71417
71420
71479
71493
71558
71593
71594
71676
71683
71693
71701
71702
71704
71783
71874
71900
71946
72042
72126
72194
72195
72342
72365
72385
72398
72430
72510
72605
72746
72773
72786
72937
72937
73133
73359
73449
73559
73640
74922
75284
75518
75671
76248
76376
77792
78531
91808
