189590
189757
189798
189806
189822
189837
189856
189897
189918
189977
190005
190007
190096
190118
190150
190232
190243
190244
190249
190251
190264
190302
190305
190318
190340
190347
190379
190404
190419
190474
190478
190485
190489
190498
190499
190552
190573
190610
190640
190649
190687
190703
190728
190729
190734
190742
190758
190770
190778
190779
190795
190805
190835
190848
190851
190863
190873
190876
190877
190900
190909
190913
190916
190920
190934
190940
190964
190985
190987
191003
191006
191020
191022
191025
191028
191036
191046
191060
191070
191075
191082
191095
191099
191099
191104
191112
191121
191132
191135
191145
191157
191163
191163
191174
191177
191181
191185
191188
191201
191216
191219
191225
191234
191237
191243
191255
191262
191281
191289
191297
191300
191301
191304
191314
191317
191332
191338
191352
191359
191366
191368
191368
191368
191371
191383
191405
191410
191411
191411
191415
191426
191431
191433
191434
191436
191441
191451
191452
191452
191453
191456
191459
191468
191470
191475
191487
191503
191503
191505
191511
191513
191519
191525
191527
191529
191531
191531
191535
191559
191562
191567
191570
191577
191586
191596
191596
191602
191604
191607
191613
191626
191627
191629
191641
191646
191647
191658
191668
191668
191669
191669
191679
191680
191686
191702
191715
191719
191728
191735
191740
191747
191755
191771
191788
191798
191799
191806
191812
191816
191821
191824
191829
191832
191838
191839
191843
191861
191862
191864
191875
191877
191882
191884
191895
191896
191899
191905
191907
191911
191922
191926
191928
191928
191930
191949
191951
191953
191955
191958
191960
191969
191970
191973
191977
191979
191981
191992
192005
192009
192016
192019
192019
192033
192036
192041
192071
192078
192081
192082
192090
192091
192092
192099
192103
192104
192106
192107
192113
192119
192125
192133
192150
192152
192157
192162
192167
192177
192201
192201
192206
192226
192230
192242
192246
192249
192250
192251
192258
192260
192262
192287
192301
192306
192314
192318
192320
192323
192343
192359
192363
192390
192392
192396
192445
192479
192498
192541
192546
192558
192573
192588
192589
192589
192593
192610
192611
192624
192683
192686
192694
192695
192704
192705
192724
192745
192788
192803
192803
192813
192820
192828
192831
192856
192886
192891
192898
192906
192906
192940
192952
192958
192981
192986
192991
193016
193054
193088
193134
193136
193151
193172
193173
193175
193223
193268
193296
193308
193308
193349
193357
193383
193387
193437
193452
193522
193557
193562
193622
193710
193752
193752
193752
193768
193797
193797
193823
193957
193983
193990
194062
194084
194111
194194
194318
194335
194417
194424
194523
194560
194561
194566
194591
194693
194738
194743
194766
194915
195000
195041
195129
195173
195189
195431
195506
195787
195875
195886
195898
196319
196370
196600
196633
196812
196955
197252
197377
197426
197583
197699
197905
198010
198317
198459
198531
198671
198832
198855
198978
199177
199442
199751
200413
200797
200844
200895
200991
201133
201162
201432
201653
201774
201781
201823
201824
201993
202048
202120
202439
202456
202672
202692
202778
202860
202870
202913
203015
203039
203056
203059
203104
203185
203197
203205
203223
203224
203230
203239
203246
203250
203273
203298
203321
203332
203333
203334
203352
203355
203356
203376
203377
203379
203380
203396
203415
203416
203431
203433
203457
203470
203486
203491
203491
203498
203526
203532
203538
203541
203542
203547
203559
203562
203564
203589
203590
203591
203606
203607
203622
203624
203643
203644
203650
203652
203653
203655
203658
203661
203663
203665
203665
203680
203682
203687
203695
203709
203734
203743
203746
203757
203758
203760
203760
203775
203779
203781
203788
203794
203798
203799
203809
203817
203819
203823
203831
203834
203843
203847
203853
203865
203873
203875
203876
203889
203892
203896
203905
203906
203913
203914
203925
203926
203927
203930
203937
203941
203943
203945
203950
203950
203952
203954
203959
203964
203968
203971
203975
203977
203984
203992
203995
203997
203998
204006
204013
204019
204022
204023
204030
204043
204044
204046
204052
204072
204083
204083
204090
204093
204095
204100
204102
204108
204108
204109
204114
204115
204121
204123
204123
204125
204131
204131
204135
204142
204145
204148
204149
204160
204161
204167
204173
204173
204176
204177
204180
204180
204185
204190
204190
204194
204204
204205
204209
204210
204214
204214
204219
204220
204225
204227
204230
204235
204235
204243
204244
204246
204250
204264
204272
204280
204289
204290
204295
204298
204300
204302
204303
204315
204318
204319
204325
204331
204334
204335
204336
204339
204340
204347
204352
204352
204354
204373
204373
204380
204381
204384
204393
204395
204396
204401
204410
204418
204423
204423
204429
204438
204445
204452
204453
204453
204455
204457
204458
204465
204466
204471
204471
204472
204473
204474
204479
204490
204497
204498
204511
204515
204515
204516
204531
204533
204546
204549
204550
204560
204564
204567
204571
204574
204575
204578
204579
204580
204589
204592
204597
204599
204600
204604
204604
204612
204622
204622
204627
204628
204628
204640
204640
204641
204645
204652
204653
204663
204667
204675
204679
204680
204686
204694
204700
204701
204707
204712
204716
204716
204719
204719
204720
204723
204731
204736
204738
204743
204745
204745
204749
204759
204768
204769
204774
204777
204781
204781
204781
204783
204787
204800
204800
204801
204807
204812
204825
204831
204832
204841
204845
204849
204856
204861
204862
204863
204871
204876
204876
204877
204878
204887
204889
204889
204895
204909
204920
204920
204931
204932
204939
204944
204949
204949
204955
204956
204956
204958
204958
204961
204966
204968
204999
205005
205006
205008
205012
205017
205018
205018
205020
205022
205032
205045
205048
205048
205052
205057
205085
205085
205115
205116
205117
205124
205129
205135
205144
205154
205163
205203
205207
205215
205237
205275
205276
205293
205309
205386
205393
205423
205427
205436
205459
205461
205474
205476
205479
205512
205538
205539
205539
205543
205553
205564
205571
205580
205588
205603
205609
205614
205619
205623
205628
205637
205650
205654
205673
205684
205697
205706
205731
205758
205761
205773
205782
205810
205834
205876
205882
205896
205902
205905
205931
205936
205937
205974
206005
206008
206031
206068
206082
206092
206149
206191
206227
206235
206239
206240
206304
206341
206352
206397
206400
206465
206478
206483
206494
206518
206583
206592
206621
206644
206659
206679
206786
206829
206844
207006
207110
207247
207366
207405
207406
207418
207590
207619
207717
207782
207801
207877
207903
207905
207960
208000
208012
208046
208120
208192
208230
208270
208292
208325
208497
208529
208809
208829
208888
208935
208980
209091
209112
209148
209163
209248
209319
209341
209369
209449
209610
209678
209719
210065
210115
210152
210397
210435
210468
210586
210721
210838
211052
211608
211812
211866
212388
212582
213708
214025
214911
215018
215509
215901
216203
217688
219930
220273
224020
246390
253771
254772
256485
257206
257361
257746
257873
258987
259060
