38203
38227
38383
38628
38695
38730
38804
38821
38850
38943
38958
38971
38992
39015
39048
39172
39177
39210
39259
39262
39300
39306
39393
39422
39437
39640
39666
39697
39724
39746
39768
39793
39824
39841
39846
39897
39899
39988
40006
40031
40046
40062
40088
40095
40100
40111
40112
40139
40189
40215
40263
40268
40277
40279
40280
40292
40309
40342
40393
40416
40420
40432
40433
40448
40459
40487
40498
40511
40518
40523
40528
40542
40543
40565
40576
40578
40579
40595
40598
40609
40620
40624
40626
40634
40660
40664
40672
40680
40726
40731
40731
40732
40734
40752
40758
40791
40792
40797
40803
40826
40843
40843
40843
40846
40851
40852
40861
40865
40865
40871
40883
40893
40896
40899
40908
40909
40932
40957
40971
40977
40990
40995
40997
41001
41010
41037
41043
41050
41050
41058
41061
41071
41076
41076
41087
41101
41104
41107
41116
41117
41120
41124
41130
41130
41139
41142
41142
41143
41146
41158
41170
41174
41203
41213
41215
41223
41226
41236
41249
41252
41253
41258
41280
41280
41285
41292
41294
41296
41299
41300
41308
41311
41312
41313
41324
41331
41346
41354
41365
41376
41376
41383
41399
41406
41407
41416
41434
41437
41441
41445
41464
41481
41493
41502
41511
41526
41529
41532
41534
41535
41536
41560
41579
41585
41590
41606
41612
41619
41620
41636
41638
41650
41653
41664
41665
41673
41683
41684
41689
41696
41720
41727
41732
41736
41737
41745
41748
41754
41766
41786
41799
41804
41808
41818
41818
41820
41820
41827
41827
41831
41845
41849
41851
41854
41856
41859
41864
41868
41868
41871
41871
41876
41887
41890
41895
41917
41919
41929
41930
41935
41947
41948
41950
41957
41969
41974
41978
41978
41986
41992
41999
42004
42005
42006
42017
42023
42031
42038
42038
42048
42056
42059
42064
42067
42069
42074
42081
42094
42115
42123
42124
42125
42145
42146
42150
42154
42158
42175
42175
42183
42185
42187
42187
42193
42197
42213
42214
42216
42218
42221
42221
42226
42239
42248
42249
42275
42280
42285
42299
42299
42305
42308
42312
42324
42328
42331
42334
42338
42361
42365
42371
42375
42383
42387
42391
42392
42399
42402
42409
42409
42413
42416
42450
42452
42459
42460
42461
42466
42468
42472
42474
42477
42479
42480
42482
42487
42488
42491
42493
42500
42513
42514
42515
42515
42517
42521
42525
42528
42532
42537
42540
42541
42549
42549
42551
42568
42568
42570
42580
42587
42604
42614
42618
42618
42621
42624
42636
42637
42642
42643
42652
42652
42653
42657
42658
42660
42667
42674
42677
42685
42686
42692
42693
42699
42704
42712
42714
42725
42726
42735
42751
42764
42768
42771
42776
42787
42789
42795
42804
42806
42807
42811
42817
42818
42819
42826
42836
42843
42851
42852
42863
42863
42867
42871
42874
42874
42876
42877
42877
42878
42879
42880
42883
42884
42889
42892
42894
42896
42900
42906
42906
42908
42917
42920
42921
42927
42930
42932
42937
42945
42949
42950
42952
42953
42954
42975
42981
42982
42985
42986
42990
42991
42997
43000
43004
43007
43019
43024
43024
43030
43036
43049
43050
43062
43062
43068
43070
43071
43072
43072
43093
43095
43095
43096
43100
43101
43106
43112
43115
43116
43123
43123
43127
43131
43131
43132
43134
43134
43140
43143
43146
43146
43151
43157
43159
43161
43164
43166
43173
43182
43184
43192
43195
43197
43201
43201
43202
43203
43204
43204
43222
43223
43235
43238
43241
43241
43244
43248
43251
43251
43256
43261
43271
43272
43276
43288
43298
43303
43308
43309
43309
43316
43321
43326
43328
43333
43333
43334
43341
43352
43358
43359
43361
43363
43363
43369
43372
43377
43385
43388
43388
43391
43393
43394
43395
43399
43409
43417
43436
43436
43438
43444
43448
43460
43463
43475
43478
43482
43485
43486
43486
43488
43489
43489
43504
43508
43511
43517
43521
43521
43529
43540
43542
43543
43546
43554
43555
43574
43583
43586
43593
43599
43610
43621
43623
43626
43626
43628
43630
43632
43632
43635
43637
43638
43657
43658
43660
43662
43668
43669
43671
43671
43676
43676
43680
43683
43686
43697
43699
43707
43713
43720
43720
43726
43742
43746
43764
43771
43771
43773
43777
43777
43784
43801
43809
43811
43826
43832
43839
43845
43876
43876
43881
43884
43885
43890
43896
43897
43904
43913
43922
43929
43930
43931
43932
43941
43961
43976
43979
43980
43989
43990
43991
43992
44002
44005
44014
44015
44020
44027
44045
44045
44049
44052
44055
44076
44086
44099
44100
44105
44111
44130
44160
44161
44164
44173
44210
44210
44226
44243
44243
44249
44256
44257
44274
44283
44284
44299
44313
44315
44323
44329
44332
44334
44334
44335
44338
44355
44368
44369
44369
44376
44378
44384
44390
44395
44399
44401
44430
44432
44456
44462
44477
44478
44487
44489
44502
44505
44541
44543
44547
44550
44561
44578
44578
44580
44597
44597
44628
44636
44637
44640
44644
44660
44670
44673
44678
44683
44686
44686
44689
44691
44696
44705
44706
44718
44719
44722
44722
44730
44731
44741
44742
44760
44762
44769
44781
44787
44791
44792
44796
44799
44807
44809
44814
44817
44820
44830
44834
44838
44840
44842
44847
44847
44868
44880
44883
44930
44939
44943
44958
44962
44966
44979
45011
45022
45030
45031
45068
45076
45079
45088
45090
45091
45097
45097
45110
45112
45120
45122
45138
45146
45149
45152
45158
45165
45172
45173
45181
45191
45203
45204
45209
45237
45265
45267
45300
45306
45308
45310
45315
45330
45349
45361
45384
45393
45404
45407
45412
45421
45425
45455
45465
45472
45495
45507
45521
45521
45522
45526
45537
45540
45546
45552
45557
45559
45560
45567
45598
45602
45612
45613
45623
45674
45698
45699
45711
45726
45731
45752
45768
45777
45793
45837
45852
45857
45872
45873
45892
45893
45910
45912
45925
45930
45946
45953
45975
45981
45983
46011
46040
46044
46058
46064
46067
46071
46087
46089
46095
46106
46118
46127
46188
46193
46237
46255
46263
46279
46285
46302
46310
46317
46360
46381
46400
46408
46410
46438
46480
46480
46513
46535
46548
46552
46573
46610
46616
46630
46666
46675
46686
46749
46784
46791
46815
46835
46859
46863
46907
46917
46954
46971
47001
47005
47008
47061
47074
47086
47228
47361
47374
47519
47563
47585
47619
47664
47695
47718
47760
47965
48060
48102
48122
48136
48141
48310
48482
48514
48605
48606
48631
48829
48954
49114
49699
50116
50510
51220
53745
53998
