52194
52243
52501
52737
52784
52889
52905
52959
52984
53094
53164
53202
53209
53224
53229
53231
53241
53287
53295
53322
53409
53423
53466
53481
53543
53578
53583
53598
53606
53641
53646
53657
53681
53681
53683
53691
53695
53763
53776
53799
53834
53870
53871
53919
53929
53947
53951
53966
53966
53970
53977
53979
53989
53994
53997
54001
54032
54044
54055
54056
54060
54067
54068
54078
54107
54110
54135
54166
54169
54180
54183
54202
54206
54210
54211
54221
54227
54227
54233
54238
54241
54246
54251
54261
54263
54285
54290
54291
54302
54313
54314
54318
54333
54335
54343
54367
54371
54381
54391
54393
54395
54417
54418
54419
54430
54437
54452
54455
54461
54471
54498
54499
54499
54504
54519
54521
54527
54531
54532
54551
54562
54566
54570
54572
54576
54577
54585
54590
54604
54608
54614
54617
54618
54623
54628
54630
54631
54631
54634
54651
54652
54653
54653
54661
54662
54663
54666
54669
54676
54686
54689
54699
54699
54709
54710
54712
54720
54727
54728
54731
54732
54732
54737
54743
54745
54753
54781
54785
54786
54793
54807
54816
54817
54819
54819
54823
54830
54831
54833
54843
54845
54847
54849
54849
54850
54853
54854
54855
54858
54863
54865
54866
54869
54873
54875
54886
54887
54894
54898
54899
54908
54918
54919
54929
54935
54946
54953
54957
54963
54963
54968
54976
54976
54978
54978
54979
54980
54981
54992
54998
54998
54998
54999
55001
55007
55010
55010
55012
55021
55022
55027
55031
55032
55034
55035
55035
55036
55037
55042
55048
55049
55049
55051
55051
55056
55056
55056
55059
55070
55070
55071
55073
55077
55077
55079
55082
55086
55091
55091
55093
55096
55100
55101
55101
55103
55103
55111
55111
55115
55116
55117
55126
55129
55135
55145
55151
55153
55168
55171
55172
55176
55176
55185
55190
55194
55199
55199
55200
55205
55220
55224
55229
55234
55243
55245
55246
55248
55255
55256
55259
55260
55260
55262
55265
55270
55273
55274
55276
55282
55287
55291
55293
55294
55294
55303
55303
55311
55312
55318
55323
55323
55328
55332
55334
55338
55344
55345
55345
55355
55356
55359
55360
55360
55362
55364
55366
55368
55370
55372
55374
55375
55380
55382
55387
55390
55394
55400
55403
55403
55409
55409
55412
55416
55425
55427
55461
55464
55464
55469
55471
55472
55474
55477
55478
55487
55490
55491
55493
55496
55498
55500
55502
55504
55505
55510
55511
55512
55512
55513
55513
55515
55527
55529
55536
55538
55541
55548
55548
55550
55550
55551
55560
55561
55566
55572
55576
55586
55587
55596
55601
55608
55613
55619
55619
55621
55627
55627
55637
55638
55639
55646
55656
55657
55657
55663
55666
55667
55671
55671
55675
55678
55679
55682
55683
55687
55688
55689
55690
55692
55703
55707
55709
55710
55710
55714
55715
55716
55718
55724
55731
55734
55739
55741
55743
55744
55744
55747
55749
55759
55760
55761
55764
55771
55771
55772
55783
55785
55788
55798
55799
55802
55805
55806
55812
55820
55821
55823
55824
55824
55824
55827
55829
55829
55830
55831
55836
55836
55836
55837
55838
55843
55848
55849
55850
55850
55850
55854
55854
55854
55861
55862
55866
55868
55868
55870
55874
55875
55877
55886
55887
55888
55893
55897
55900
55902
55905
55905
55906
55909
55924
55927
55935
55937
55940
55940
55941
55959
55960
55967
55968
55971
55979
55984
55986
55989
55990
55994
55995
55996
56001
56013
56015
56017
56019
56021
56031
56033
56040
56041
56041
56043
56044
56047
56047
56055
56056
56056
56062
56065
56067
56067
56072
56078
56078
56080
56084
56089
56090
56092
56095
56095
56099
56105
56110
56117
56122
56130
56135
56139
56144
56152
56154
56154
56160
56164
56165
56171
56172
56173
56174
56177
56178
56187
56190
56194
56194
56195
56199
56204
56205
56207
56207
56207
56211
56215
56219
56224
56229
56229
56231
56231
56236
56241
56257
56262
56266
56272
56275
56277
56280
56285
56288
56289
56300
56306
56311
56315
56319
56322
56322
56327
56332
56332
56347
56349
56352
56353
56361
56364
56371
56371
56373
56376
56379
56384
56391
56392
56393
56394
56396
56397
56405
56406
56411
56419
56422
56422
56423
56425
56428
56438
56438
56444
56446
56452
56466
56466
56467
56478
56486
56491
56492
56495
56496
56503
56506
56509
56512
56513
56522
56524
56525
56531
56538
56538
56540
56540
56544
56554
56561
56562
56570
56571
56572
56573
56577
56585
56586
56595
56600
56602
56612
56618
56620
56621
56626
56631
56638
56639
56639
56642
56651
56653
56657
56659
56669
56673
56675
56683
56685
56686
56692
56693
56701
56706
56709
56714
56719
56720
56734
56749
56752
56757
56758
56760
56764
56768
56780
56784
56788
56798
56810
56829
56837
56838
56841
56848
56849
56852
56855
56856
56862
56865
56870
56872
56879
56883
56886
56892
56895
56923
56928
56942
56949
56956
56958
56966
56977
56982
56986
56988
56996
57000
57002
57014
57014
57015
57017
57034
57046
57053
57054
57057
57060
57065
57077
57082
57095
57100
57110
57119
57141
57142
57148
57157
57158
57160
57162
57186
57188
57208
57208
57217
57232
57246
57253
57255
57258
57262
57265
57274
57290
57296
57302
57303
57304
57305
57311
57327
57342
57355
57373
57375
57376
57376
57382
57385
57410
57412
57413
57425
57425
57434
57480
57484
57489
57496
57510
57511
57521
57528
57539
57547
57556
57556
57578
57580
57588
57611
57615
57621
57625
57628
57629
57632
57638
57671
57675
57682
57707
57723
57738
57742
57757
57772
57790
57819
57819
57842
57847
57866
57877
57888
57890
57910
57911
57919
57919
57921
57932
57944
57972
57989
57999
58040
58046
58084
58085
58091
58105
58110
58144
58171
58181
58182
58201
58202
58211
58214
58218
58234
58253
58260
58268
58273
58279
58319
58340
58348
58356
58371
58380
58387
58396
58418
58424
58428
58449
58451
58473
58484
58505
58570
58591
58603
58626
58637
58651
58676
58685
58694
58705
58715
58754
58766
58791
58810
58830
58838
58856
58888
58901
59004
59022
59071
59091
59099
59106
59153
59202
59225
59292
59296
59318
59345
59363
59377
59388
59421
59422
59438
59480
59504
59544
59566
59709
59835
59924
59943
59956
59961
59965
60177
60231
60281
60308
60319
60397
60443
60487
60489
60541
60904
61004
61020
61107
61114
61167
61228
61306
61593
61687
61703
61783
61991
62105
62638
63385
63694
63851
63876
64067
64145
64872
66521
72930
73488
73857
75127
80367
