18226
18481
18514
18560
18822
18881
18911
19286
19333
19335
19428
19519
19519
19532
19574
19590
19630
19634
19651
19725
19736
19757
19766
19767
19787
19802
19845
19863
19874
19878
19886
19904
19908
19918
19920
19927
19938
19944
19947
19953
19957
19962
19984
19985
19986
19990
20010
20010
20018
20021
20031
20048
20057
20058
20066
20067
20068
20071
20085
20092
20111
20128
20129
20130
20139
20143
20152
20155
20155
20192
20198
20198
20212
20213
20222
20230
20233
20234
20236
20242
20247
20254
20257
20266
20283
20309
20319
20328
20330
20332
20333
20347
20370
20390
20396
20412
20418
20419
20420
20426
20430
20432
20432
20457
20472
20476
20477
20484
20486
20489
20494
20500
20503
20513
20514
20519
20521
20527
20539
20543
20544
20546
20547
20551
20552
20556
20560
20562
20568
20575
20586
20586
20588
20592
20594
20596
20612
20620
20622
20622
20627
20650
20656
20657
20659
20665
20665
20667
20668
20668
20670
20680
20684
20694
20702
20707
20707
20714
20722
20728
20728
20728
20739
20740
20746
20749
20761
20762
20771
20771
20775
20784
20789
20792
20805
20811
20811
20836
20837
20851
20863
20867
20878
20879
20902
20942
20950
20952
20953
20959
20970
20975
20980
20994
21000
21006
21008
21041
21054
21054
21068
21069
21071
21076
21078
21090
21105
21112
21118
21125
21130
21134
21138
21140
21152
21154
21160
21162
21168
21172
21176
21186
21192
21198
21199
21202
21202
21219
21230
21231
21235
21242
21245
21258
21260
21261
21262
21266
21273
21282
21282
21293
21298
21306
21308
21311
21312
21314
21314
21329
21333
21336
21336
21337
21340
21340
21342
21353
21353
21354
21359
21364
21372
21383
21391
21398
21409
21416
21418
21425
21425
21429
21432
21435
21437
21439
21440
21446
21451
21475
21476
21478
21480
21493
21494
21501
21504
21506
21507
21508
21509
21511
21512
21513
21520
21524
21529
21540
21544
21545
21546
21548
21560
21573
21576
21581
21586
21587
21592
21593
21603
21609
21616
21617
21619
21641
21644
21644
21652
21653
21653
21653
21656
21662
21673
21678
21681
21681
21696
21703
21711
21712
21716
21720
21721
21724
21739
21743
21758
21775
21775
21785
21790
21793
21797
21799
21800
21811
21819
21824
21825
21826
21838
21844
21845
21846
21849
21856
21859
21860
21863
21865
21869
21876
21890
21909
21923
21923
21939
21942
21945
21946
21948
21949
21953
21954
21956
21956
21963
21974
21974
21980
22000
22004
22005
22009
22018
22018
22018
22025
22030
22030
22032
22039
22044
22049
22052
22062
22064
22075
22077
22088
22091
22091
22093
22095
22110
22110
22130
22133
22140
22153
22153
22179
22190
22190
22219
22219
22221
22222
22225
22231
22231
22235
22240
22245
22250
22271
22272
22278
22279
22292
22293
22293
22295
22296
22297
22309
22310
22313
22324
22335
22348
22349
22364
22372
22374
22391
22402
22412
22426
22430
22431
22444
22449
22458
22465
22466
22469
22475
22491
22491
22500
22504
22513
22513
22523
22525
22525
22526
22544
22546
22546
22547
22556
22561
22567
22567
22567
22569
22588
22590
22593
22596
22614
22616
22620
22628
22631
22633
22642
22643
22652
22652
22660
22664
22667
22667
22679
22680
22697
22700
22703
22719
22720
22727
22737
22741
22742
22754
22757
22759
22760
22765
22766
22770
22773
22775
22777
22781
22782
22784
22788
22792
22793
22794
22796
22799
22808
22811
22819
22820
22824
22831
22832
22836
22840
22856
22857
22863
22872
22882
22883
22888
22895
22896
22897
22901
22920
22920
22923
22925
22925
22926
22935
22935
22949
22956
22967
22970
22970
22971
22973
22981
22981
22985
22991
23015
23019
23031
23035
23050
23052
23055
23056
23062
23066
23067
23069
23076
23077
23080
23081
23085
23091
23107
23112
23113
23115
23120
23126
23137
23140
23140
23141
23147
23154
23158
23159
23164
23170
23176
23184
23185
23193
23207
23209
23212
23214
23219
23232
23234
23234
23235
23238
23238
23247
23252
23253
23254
23257
23261
23263
23266
23267
23282
23284
23288
23306
23317
23327
23330
23333
23336
23337
23346
23354
23368
23375
23379
23381
23395
23402
23404
23405
23417
23418
23419
23421
23432
23435
23444
23448
23453
23453
23460
23477
23481
23486
23491
23494
23495
23496
23497
23501
23502
23505
23505
23519
23522
23526
23528
23545
23555
23572
23576
23576
23587
23588
23595
23596
23597
23602
23621
23621
23624
23626
23627
23635
23636
23637
23643
23643
23645
23649
23652
23655
23657
23661
23663
23668
23668
23686
23687
23690
23697
23710
23711
23723
23728
23732
23732
23734
23737
23741
23742
23745
23745
23751
23753
23756
23759
23759
23759
23770
23770
23773
23779
23781
23783
23786
23790
23796
23797
23798
23801
23808
23810
23812
23812
23821
23831
23838
23842
23844
23853
23863
23866
23868
23873
23875
23886
23890
23898
23904
23909
23920
23921
23921
23925
23926
23929
23930
23930
23940
23941
23943
23945
23945
23947
23948
23949
23951
23952
23959
23966
23967
23979
23990
23991
24000
24001
24010
24016
24027
24028
24039
24040
24043
24045
24051
24053
24059
24068
24072
24073
24084
24089
24093
24099
24100
24109
24111
24112
24113
24131
24140
24162
24165
24179
24183
24184
24194
24209
24215
24218
24236
24239
24240
24241
24244
24256
24264
24267
24267
24269
24272
24273
24274
24275
24277
24283
24303
24304
24313
24316
24328
24329
24334
24343
24345
24352
24352
24357
24358
24359
24364
24375
24387
24387
24391
24398
24419
24425
24428
24432
24436
24444
24450
24455
24460
24463
24473
24473
24491
24492
24496
24500
24504
24505
24512
24521
24525
24530
24539
24540
24552
24557
24581
24615
24616
24624
24625
24647
24648
24653
24655
24682
24692
24703
24705
24715
24730
24731
24734
24744
24745
24755
24780
24799
24802
24804
24807
24809
24813
24822
24826
24833
24856
24863
24896
24915
24939
24949
24960
24977
24978
24978
24980
25003
25009
25015
25017
25062
25073
25100
25105
25105
25139
25181
25232
25240
25253
25261
25266
25295
25300
25301
25313
25314
25355
25364
25364
25366
25366
25373
25397
25407
25408
25410
25439
25450
25462
25474
25475
25489
25516
25518
25565
25655
25729
25739
25739
25741
25766
25767
25776
25816
25870
25876
25928
25986
26053
26066
26202
26265
26278
26291
26356
26367
26371
26425
26433
26670
26742
26745
26921
26987
27038
27062
27235
27286
27352
27373
27420
27525
27996
28395
28481
29254
