29492
29682
29683
29902
29914
29943
30228
30358
30536
30707
30749
30821
30971
31012
31060
31193
31225
31290
31345
31432
31443
31451
31452
31578
31585
31629
31629
31683
31735
31749
31789
31828
31866
31875
31910
31925
31951
31962
32014
32018
32049
32080
32099
32105
32124
32128
32144
32192
32195
32200
32201
32224
32281
32336
32344
32346
32361
32395
32471
32483
32508
32518
32525
32528
32529
32529
32561
32561
32565
32568
32596
32608
32622
32688
32711
32713
32717
32720
32730
32741
32741
32752
32763
32778
32821
32829
32865
32886
32909
32913
32923
32923
32925
32933
32936
32937
32964
32971
32976
32995
33001
33003
33015
33043
33054
33057
33058
33071
33081
33084
33084
33105
33122
33130
33133
33152
33156
33178
33186
33191
33203
33220
33243
33248
33264
33279
33288
33296
33297
33303
33304
33333
33342
33345
33350
33351
33351
33360
33364
33374
33386
33389
33391
33395
33420
33430
33430
33436
33446
33447
33447
33452
33465
33466
33472
33482
33486
33487
33488
33488
33514
33531
33533
33540
33545
33554
33563
33572
33577
33578
33595
33600
33602
33603
33604
33612
33619
33633
33648
33653
33660
33661
33671
33673
33701
33712
33730
33734
33745
33746
33748
33752
33755
33759
33760
33760
33767
33771
33784
33786
33786
33792
33798
33806
33808
33816
33837
33860
33872
33898
33906
33915
33918
33940
33944
33963
33968
33968
33978
34000
34007
34009
34025
34027
34034
34044
34048
34050
34083
34088
34098
34100
34101
34103
34107
34107
34112
34118
34119
34125
34129
34130
34134
34139
34140
34143
34144
34149
34150
34167
34171
34172
34178
34178
34180
34185
34187
34195
34196
34225
34244
34258
34261
34263
34271
34278
34291
34299
34311
34333
34355
34358
34376
34391
34391
34395
34396
34399
34413
34420
34425
34436
34438
34449
34451
34455
34465
34469
34474
34477
34484
34490
34492
34505
34510
34510
34510
34524
34536
34536
34539
34543
34544
34548
34561
34567
34567
34568
34586
34587
34604
34635
34647
34651
34661
34677
34678
34679
34684
34692
34693
34695
34706
34708
34720
34756
34760
34773
34775
34780
34782
34820
34820
34832
34840
34842
34853
34859
34862
34866
34870
34880
34885
34889
34890
34900
34902
34909
34919
34920
34922
34932
34945
34945
34946
34959
34960
34966
34973
34973
34974
34976
34981
34988
34990
34993
35017
35018
35019
35026
35026
35032
35034
35034
35038
35055
35061
35067
35074
35078
35085
35088
35097
35098
35099
35100
35101
35102
35103
35108
35112
35115
35137
35140
35141
35148
35159
35163
35170
35174
35177
35179
35182
35184
35195
35201
35218
35222
35228
35235
35235
35242
35246
35247
35248
35263
35265
35267
35272
35278
35293
35299
35304
35307
35311
35319
35319
35319
35323
35326
35326
35334
35353
35364
35364
35368
35373
35374
35377
35381
35391
35402
35404
35408
35408
35409
35410
35412
35425
35425
35428
35430
35430
35437
35437
35454
35458
35470
35476
35482
35483
35484
35493
35507
35511
35513
35525
35526
35548
35549
35556
35563
35572
35580
35580
35585
35586
35589
35595
35606
35622
35634
35637
35655
35660
35663
35667
35681
35684
35689
35689
35699
35700
35701
35714
35723
35741
35746
35761
35762
35769
35773
35780
35784
35785
35791
35795
35808
35826
35827
35829
35841
35845
35845
35847
35847
35850
35857
35861
35869
35869
35873
35873
35875
35884
35886
35892
35895
35898
35899
35901
35903
35907
35923
35924
35931
35932
35933
35936
35945
35950
35952
35956
35965
35969
35984
35985
35987
36001
36004
36006
36014
36017
36022
36024
36026
36028
36029
36037
36037
36046
36053
36056
36056
36065
36069
36074
36076
36080
36084
36090
36095
36096
36123
36124
36132
36139
36140
36141
36155
36161
36163
36168
36172
36173
36180
36180
36192
36192
36193
36194
36195
36195
36196
36201
36201
36207
36211
36213
36215
36217
36245
36251
36263
36284
36291
36296
36316
36318
36324
36327
36331
36335
36366
36374
36377
36384
36385
36397
36397
36399
36403
36408
36409
36415
36416
36416
36437
36438
36452
36461
36462
36463
36464
36482
36490
36492
36501
36503
36504
36507
36507
36513
36514
36514
36517
36529
36537
36539
36568
36571
36571
36571
36581
36585
36595
36601
36614
36633
36638
36640
36644
36648
36650
36653
36659
36659
36660
36660
36662
36667
36698
36699
36703
36707
36711
36716
36720
36730
36750
36759
36763
36764
36781
36787
36790
36795
36795
36797
36798
36801
36803
36807
36816
36817
36821
36824
36860
36867
36867
36872
36872
36873
36877
36885
36888
36891
36892
36893
36898
36908
36909
36915
36918
36934
36941
36941
36944
36948
36966
36973
36975
36982
36987
36993
37007
37015
37028
37033
37035
37041
37041
37042
37046
37054
37054
37070
37092
37096
37111
37116
37127
37127
37129
37131
37141
37142
37145
37172
37184
37188
37189
37191
37196
37218
37218
37221
37231
37237
37239
37242
37248
37269
37278
37280
37297
37298
37311
37321
37326
37350
37353
37358
37360
37363
37363
37368
37372
37381
37383
37387
37409
37425
37428
37432
37433
37450
37453
37462
37472
37490
37492
37494
37499
37517
37527
37532
37533
37548
37551
37551
37558
37569
37597
37616
37643
37645
37656
37663
37683
37695
37704
37710
37710
37717
37721
37722
37722
37725
37733
37734
37756
37760
37779
37788
37799
37799
37812
37812
37843
37845
37866
37867
37868
37875
37890
37892
37929
37935
37944
37958
37977
37978
37979
37985
38000
38002
38017
38054
38058
38060
38062
38067
38072
38093
38097
38125
38130
38149
38154
38171
38182
38186
38190
38205
38210
38212
38243
38247
38249
38252
38266
38271
38275
38292
38315
38373
38377
38380
38404
38430
38461
38467
38470
38470
38478
38478
38495
38519
38529
38548
38560
38595
38617
38623
38633
38634
38663
38663
38685
38699
38706
38721
38725
38740
38756
38761
38771
38786
38817
38830
38872
38884
38898
38901
38908
38927
38973
38981
38989
39017
39027
39122
39164
39186
39187
39210
39211
39212
39221
39242
39276
39293
39294
39299
39317
39376
39378
39406
39413
39422
39427
39448
39453
39473
39475
39512
39520
39524
39569
39586
39716
39800
39804
39830
39852
39886
39895
39934
39967
40052
40108
40174
40179
40199
40244
40313
40351
40352
40437
40493
40516
40557
40573
40644
40720
40848
40848
40848
41037
41048
41090
41129
41237
41274
41426
41440
41668
41702
41730
41749
41811
41967
42031
42728
43078
43685
43691
45325
46794
