82000
82132
82187
82276
82347
82377
82378
82397
82401
82412
82466
82475
82509
82528
82578
82623
82634
82752
82831
82831
82856
82910
82951
82953
82978
82984
83033
83036
83039
83060
83087
83088
83105
83119
83144
83213
83230
83233
83241
83254
83262
83294
83297
83356
83363
83399
83426
83468
83475
83488
83504
83505
83514
83520
83529
83529
83546
83548
83563
83582
83594
83606
83612
83612
83618
83631
83649
83657
83661
83662
83669
83684
83718
83726
83735
83742
83762
83766
83774
83794
83807
83819
83819
83854
83869
83877
83912
83913
83936
83952
83956
83975
84013
84013
84015
84028
84041
84043
84060
84071
84124
84137
84203
84222
84244
84278
84309
84311
84321
84326
84341
84349
84393
84397
84419
84425
84439
84466
84468
84483
84496
84513
84537
84540
84608
84639
84671
84705
84719
84723
84724
84732
84751
84760
84780
84794
84809
84810
84814
84848
84863
84878
84887
84889
84918
84949
84955
84965
85002
85011
85021
85047
85052
85063
85088
85124
85126
85155
85177
85178
85185
85200
85231
85258
85266
85268
85305
85310
85334
85340
85369
85393
85397
85418
85419
85434
85437
85443
85496
85506
85521
85545
85547
85586
85630
85636
85682
85688
85699
85728
85751
85752
85786
85825
85843
85861
85864
85884
85893
85895
85896
85910
85933
85947
85963
85986
85992
85994
86021
86032
86035
86037
86100
86106
86138
86164
86173
86177
86195
86203
86222
86231
86232
86235
86286
86302
86320
86322
86362
86371
86372
86376
86396
86404
86437
86455
86458
86489
86499
86515
86566
86600
86620
86652
86661
86695
86712
86722
86744
86753
86771
86787
86797
86802
86815
86823
86844
86863
86895
86899
86907
86929
86930
86937
86948
86969
86982
86984
86992
87001
87019
87045
87050
87061
87069
87105
87116
87121
87137
87144
87158
87167
87174
87185
87187
87195
87202
87210
87236
87248
87259
87285
87304
87307
87319
87320
87339
87344
87362
87368
87372
87377
87379
87388
87432
87442
87442
87448
87457
87461
87463
87465
87470
87487
87519
87521
87526
87557
87600
87601
87620
87637
87639
87642
87643
87650
87688
87741
87745
87751
87753
87756
87774
87774
87807
87826
87827
87835
87839
87853
87854
87864
87869
87894
87899
87906
87936
87961
87972
87975
87988
87992
88001
88013
88033
88034
88063
88064
88064
88069
88074
88085
88099
88104
88109
88119
88123
88125
88131
88134
88152
88156
88164
88190
88192
88201
88204
88208
88253
88254
88260
88260
88269
88278
88280
88291
88291
88304
88306
88310
88310
88321
88326
88337
88340
88343
88344
88349
88360
88360
88362
88366
88376
88377
88386
88386
88391
88406
88411
88414
88417
88424
88427
88428
88434
88436
88449
88480
88483
88487
88487
88489
88490
88494
88509
88510
88514
88516
88519
88523
88548
88549
88552
88555
88564
88588
88610
88621
88624
88632
88639
88652
88654
88655
88661
88662
88679
88684
88687
88708
88719
88732
88738
88751
88753
88773
88791
88793
88814
88817
88823
88838
88838
88850
88850
88886
88900
88920
88921
88922
88927
88928
88939
88942
88947
88949
88956
88967
88970
88974
88986
89002
89021
89038
89054
89056
89060
89072
89096
89098
89108
89110
89118
89125
89134
89134
89134
89149
89151
89157
89167
89175
89212
89223
89224
89253
89256
89256
89272
89295
89298
89298
89304
89304
89305
89308
89318
89328
89329
89363
89367
89375
89379
89380
89390
89393
89403
89405
89407
89425
89426
89426
89436
89437
89449
89462
89467
89478
89480
89482
89485
89486
89490
89494
89497
89508
89534
89543
89554
89560
89562
89562
89562
89566
89583
89621
89637
89653
89655
89660
89661
89662
89673
89695
89700
89701
89709
89716
89729
89742
89745
89748
89762
89778
89798
89800
89810
89822
89838
89843
89848
89856
89857
89859
89883
89901
89926
89928
89937
89945
89945
89976
89982
89993
89993
89997
90007
90037
90064
90076
90079
90108
90111
90115
90137
90149
90166
90171
90197
90214
90215
90222
90241
90253
90274
90275
90282
90287
90291
90300
90304
90308
90322
90349
90367
90368
90381
90386
90395
90397
90397
90397
90401
90403
90404
90419
90428
90432
90432
90474
90476
90483
90484
90498
90515
90525
90542
90560
90567
90587
90602
90604
90643
90649
90653
90658
90659
90672
90702
90705
90713
90745
90755
90756
90760
90779
90790
90793
90795
90798
90803
90803
90805
90807
90823
90825
90828
90829
90854
90857
90875
90879
90880
90891
90892
90904
90911
90913
90915
90916
90945
90984
91042
91042
91043
91064
91071
91097
91118
91124
91124
91158
91162
91162
91172
91181
91184
91187
91204
91207
91220
91237
91267
91268
91269
91281
91281
91296
91304
91311
91328
91332
91341
91369
91378
91416
91427
91433
91438
91446
91454
91457
91459
91493
91505
91510
91522
91524
91539
91561
91582
91595
91608
91616
91627
91646
91711
91727
91748
91748
91752
91763
91768
91790
91820
91839
91847
91857
91865
91912
91935
91954
91959
91967
91986
92009
92029
92039
92060
92065
92075
92092
92105
92134
92160
92160
92171
92171
92179
92183
92214
92216
92222
92227
92233
92239
92265
92269
92275
92294
92303
92304
92305
92307
92342
92344
92351
92352
92361
92362
92374
92397
92412
92413
92415
92428
92451
92473
92527
92529
92541
92542
92545
92553
92561
92566
92585
92599
92611
92625
92652
92656
92665
92676
92709
92711
92713
92734
92735
92745
92754
92756
92758
92782
92786
92787
92795
92802
92840
92863
92897
92995
93029
93031
93067
93068
93068
93071
93072
93083
93097
93126
93260
93264
93280
93305
93307
93308
93354
93392
93394
93484
93498
93502
93505
93583
93592
93604
93609
93614
93632
93647
93666
93684
93706
93709
93718
93806
93835
93914
93925
94004
94026
94029
94093
94112
94166
94176
94229
94253
94286
94290
94303
94308
94341
94342
94346
94376
94382
94383
94393
94425
94437
94440
94473
94487
94489
94496
94502
94514
94617
94678
94691
94738
94740
94741
94797
94819
94846
94859
94863
94881
94891
94925
94983
95002
95016
95037
95112
95123
95129
95154
95158
95213
95271
95307
95310
95335
95362
95370
95465
95467
95530
95624
95676
95723
95762
95806
95806
95820
95989
96066
96081
96118
96158
96194
96208
96249
96255
96291
96425
96434
96523
96561
96594
96893
96994
97190
97206
97217
97243
97390
97413
97648
97880
97915
98274
98521
98548
98917
100471
101021
101573
101730
102997
103332
105110
105382
105680
106765
106946
107387
108138
108743
108908
109370
111823
114752
115133
123182
