19224
19709
19718
19721
19855
19858
19995
20122
20128
20133
20145
20166
20174
20209
20279
20319
20373
20387
20508
20539
20575
20577
20578
20584
20588
20605
20691
20707
20710
20713
20725
20733
20742
20743
20745
20749
20768
20842
20859
20874
20874
20888
20891
20909
20909
20915
20918
20921
20922
20929
20940
20949
20960
20988
20996
21038
21041
21051
21099
21123
21150
21161
21170
21186
21186
21192
21197
21207
21275
21277
21291
21293
21307
21362
21378
21387
21399
21401
21405
21416
21419
21420
21428
21435
21485
21508
21509
21517
21523
21531
21533
21536
21538
21540
21557
21566
21568
21569
21581
21586
21592
21604
21605
21610
21631
21636
21638
21639
21639
21644
21653
21659
21662
21663
21681
21690
21691
21695
21697
21712
21712
21716
21720
21724
21727
21731
21731
21732
21742
21746
21758
21760
21762
21762
21781
21791
21797
21799
21800
21803
21806
21815
21838
21844
21855
21862
21867
21880
21889
21890
21896
21900
21905
21907
21910
21914
21914
21916
21924
21924
21937
21940
21942
21946
21951
21954
21955
21955
21976
21983
22001
22003
22016
22016
22017
22034
22038
22056
22070
22072
22078
22082
22086
22088
22088
22103
22104
22113
22124
22129
22139
22146
22149
22151
22156
22157
22165
22166
22170
22177
22190
22192
22194
22202
22209
22210
22221
22223
22225
22232
22234
22236
22237
22241
22248
22250
22257
22261
22263
22269
22270
22279
22282
22283
22283
22286
22297
22298
22299
22303
22304
22305
22308
22308
22310
22310
22314
22322
22340
22347
22359
22360
22361
22367
22379
22384
22384
22385
22388
22393
22394
22398
22398
22399
22401
22401
22405
22411
22418
22419
22421
22424
22425
22433
22435
22439
22449
22449
22454
22456
22476
22478
22483
22485
22499
22505
22506
22507
22519
22521
22525
22527
22528
22530
22530
22536
22537
22539
22556
22566
22567
22570
22571
22576
22581
22582
22583
22583
22585
22586
22592
22593
22594
22599
22610
22612
22616
22616
22618
22628
22635
22637
22643
22644
22648
22649
22659
22660
22663
22676
22681
22687
22699
22700
22704
22714
22714
22724
22724
22734
22734
22734
22761
22775
22775
22779
22784
22784
22829
22830
22833
22835
22843
22849
22861
22865
22865
22866
22870
22880
22880
22880
22884
22887
22896
22898
22907
22925
22928
22931
22943
22956
22957
22959
22969
22972
22979
22981
22988
22989
22996
23000
23001
23013
23014
23019
23020
23025
23030
23035
23036
23045
23046
23047
23051
23052
23053
23054
23059
23061
23063
23064
23077
23077
23084
23085
23085
23086
23097
23098
23104
23109
23113
23123
23129
23132
23133
23136
23141
23142
23143
23153
23155
23165
23166
23169
23170
23171
23171
23178
23183
23186
23191
23197
23199
23218
23229
23231
23236
23245
23253
23254
23262
23264
23265
23265
23265
23267
23303
23309
23320
23323
23325
23330
23332
23334
23337
23338
23340
23350
23357
23363
23368
23369
23370
23376
23383
23384
23390
23396
23409
23411
23414
23415
23420
23420
23423
23431
23439
23441
23445
23448
23453
23468
23468
23468
23480
23485
23486
23488
23503
23508
23508
23521
23523
23528
23531
23533
23535
23536
23545
23551
23552
23554
23556
23559
23563
23567
23572
23575
23575
23580
23580
23587
23588
23590
23590
23595
23604
23606
23609
23616
23630
23638
23639
23640
23646
23648
23649
23651
23654
23663
23665
23676
23677
23679
23688
23692
23692
23695
23699
23703
23711
23715
23718
23720
23722
23723
23730
23731
23741
23744
23747
23748
23748
23765
23766
23767
23772
23790
23796
23806
23807
23811
23811
23813
23818
23821
23826
23828
23847
23847
23848
23852
23863
23865
23873
23876
23880
23882
23884
23891
23893
23894
23896
23899
23899
23910
23914
23915
23918
23918
23927
23929
23930
23932
23932
23935
23948
23948
23955
23958
23966
23967
23980
23983
23984
23991
23994
23994
24000
24000
24003
24009
24014
24029
24038
24039
24041
24044
24050
24051
24051
24058
24078
24083
24084
24087
24088
24090
24095
24096
24096
24106
24106
24126
24138
24139
24147
24147
24156
24161
24162
24170
24171
24176
24176
24179
24180
24182
24182
24187
24196
24197
24198
24201
24206
24209
24210
24211
24217
24217
24219
24221
24221
24221
24221
24228
24231
24232
24234
24238
24263
24264
24267
24282
24287
24288
24293
24303
24307
24317
24317
24319
24336
24340
24340
24345
24353
24355
24362
24365
24368
24369
24373
24378
24380
24383
24385
24385
24392
24393
24396
24398
24403
24411
24413
24416
24417
24420
24420
24427
24428
24451
24457
24460
24468
24480
24480
24490
24494
24495
24503
24503
24509
24516
24516
24537
24550
24554
24574
24575
24582
24591
24591
24594
24600
24604
24617
24620
24625
24631
24649
24652
24661
24682
24686
24690
24697
24700
24707
24708
24708
24712
24715
24720
24724
24727
24729
24734
24740
24756
24758
24760
24765
24792
24793
24800
24818
24820
24826
24828
24828
24838
24838
24840
24842
24842
24843
24844
24851
24864
24869
24871
24880
24894
24895
24899
24901
24908
24918
24926
24936
24944
24945
24947
24958
24979
24982
24991
24998
24999
25005
25006
25007
25018
25027
25032
25034
25043
25052
25056
25061
25071
25075
25099
25099
25103
25124
25156
25160
25162
25165
25165
25175
25183
25188
25204
25204
25206
25211
25225
25225
25244
25257
25260
25293
25305
25310
25318
25322
25331
25333
25342
25342
25354
25371
25387
25410
25411
25414
25423
25428
25440
25444
25444
25446
25463
25477
25508
25511
25522
25526
25532
25540
25554
25558
25559
25564
25586
25605
25628
25664
25666
25681
25695
25697
25715
25718
25727
25748
25751
25754
25756
25787
25798
25801
25832
25868
25880
25882
25920
25925
25934
25938
25954
25964
25986
25993
26000
26004
26012
26019
26027
26049
26052
26061
26063
26067
26070
26072
26083
26091
26094
26105
26134
26141
26150
26153
26162
26169
26186
26232
26233
26236
26236
26289
26303
26316
26325
26327
26335
26335
26343
26382
26383
26391
26426
26441
26444
26449
26454
26455
26461
26486
26490
26505
26508
26508
26513
26557
26573
26580
26589
26642
26650
26672
26680
26697
26709
26741
26764
26779
26795
26803
26849
26857
26866
26869
26871
26883
26956
27025
27029
27068
27084
27162
27167
27218
27219
27224
27249
27256
27295
27301
27307
27421
27506
27535
27578
27749
28154
28158
28176
28199
28202
28213
28494
28586
28620
28925
29026
29315
29589
29648
29957
30086
30853
31355
32154
