27488
27521
27616
27663
27722
27770
27798
27800
27822
27832
27847
27884
27899
27917
27921
27931
27957
27970
28028
28057
28061
28066
28067
28104
28107
28115
28128
28130
28130
28145
28150
28152
28156
28175
28182
28201
28206
28213
28219
28231
28239
28255
28264
28317
28320
28333
28340
28350
28362
28368
28376
28426
28470
28472
28490
28497
28548
28549
28579
28585
28591
28593
28596
28599
28600
28602
28631
28633
28642
28658
28685
28700
28702
28714
28720
28733
28749
28771
28779
28812
28829
28844
28848
28859
28877
28885
28891
28898
28925
28959
29012
29020
29042
29102
29134
29198
29265
29465
29723
29795
30062
30108
30119
30270
30271
30405
30509
30521
30538
30747
30757
30793
30828
30895
30905
31009
31015
31050
31068
31126
31139
31159
31163
31166
31189
31217
31231
31234
31254
31279
31301
31357
31366
31372
31375
31378
31394
31408
31437
31444
31445
31449
31449
31457
31461
31494
31537
31570
31576
31577
31590
31594
31617
31618
31628
31698
31702
31706
31712
31734
31735
31744
31752
31756
31765
31799
31806
31808
31814
31824
31829
31840
31854
31906
31921
31963
31966
31993
32002
32021
32022
32038
32044
32052
32055
32056
32085
32097
32101
32107
32109
32151
32172
32224
32231
32236
32255
32277
32305
32312
32321
32328
32353
32358
32362
32363
32363
32382
32392
32410
32415
32424
32433
32434
32440
32443
32464
32466
32477
32483
32490
32491
32491
32502
32505
32511
32512
32518
32541
32558
32558
32559
32560
32567
32570
32574
32577
32585
32592
32615
32616
32616
32622
32629
32635
32643
32645
32648
32653
32656
32656
32658
32669
32673
32676
32683
32686
32687
32695
32697
32702
32702
32704
32705
32709
32710
32710
32713
32716
32718
32718
32728
32734
32738
32740
32740
32741
32754
32754
32758
32760
32761
32761
32770
32771
32777
32780
32780
32782
32787
32793
32793
32794
32808
32808
32809
32810
32813
32816
32821
32821
32821
32822
32826
32829
32830
32832
32848
32861
32871
32871
32873
32875
32876
32877
32878
32885
32888
32900
32902
32906
32909
32910
32912
32915
32918
32920
32921
32923
32928
32928
32930
32931
32933
32935
32939
32944
32946
32946
32949
32954
32956
32959
32961
32962
32967
32970
32971
32972
32973
32973
32979
32983
32988
32988
32989
32990
32992
32993
32996
32997
33003
33004
33008
33010
33016
33021
33021
33022
33031
33035
33037
33037
33038
33041
33043
33046
33047
33048
33055
33057
33060
33061
33065
33065
33068
33070
33071
33072
33080
33081
33081
33082
33083
33089
33098
33100
33102
33103
33105
33107
33108
33110
33110
33111
33114
33116
33116
33119
33127
33128
33129
33132
33135
33135
33139
33139
33141
33142
33143
33145
33147
33147
33152
33154
33154
33156
33157
33159
33162
33163
33165
33166
33166
33166
33167
33170
33173
33179
33184
33188
33188
33193
33195
33197
33198
33201
33202
33203
33203
33204
33206
33206
33208
33209
33210
33210
33214
33214
33216
33217
33218
33218
33220
33221
33224
33227
33228
33232
33232
33233
33233
33234
33236
33237
33237
33238
33241
33242
33244
33246
33247
33248
33249
33253
33253
33262
33263
33266
33266
33266
33267
33269
33271
33276
33282
33283
33284
33285
33287
33288
33293
33294
33296
33297
33297
33298
33300
33301
33302
33305
33306
33315
33318
33318
33318
33321
33323
33323
33326
33326
33327
33327
33333
33334
33335
33336
33340
33343
33346
33346
33346
33346
33348
33348
33349
33350
33350
33353
33353
33355
33359
33363
33364
33364
33368
33372
33373
33375
33381
33383
33386
33386
33394
33394
33395
33397
33400
33401
33403
33404
33406
33408
33409
33409
33413
33414
33416
33418
33424
33425
33428
33429
33431
33432
33434
33437
33442
33443
33450
33461
33461
33469
33471
33472
33473
33474
33477
33479
33482
33487
33488
33489
33489
33491
33496
33497
33498
33498
33500
33502
33507
33510
33512
33513
33513
33513
33516
33521
33521
33523
33524
33525
33527
33527
33529
33530
33535
33535
33537
33539
33540
33546
33551
33551
33552
33554
33555
33556
33556
33560
33561
33564
33565
33565
33569
33571
33572
33572
33576
33577
33578
33580
33582
33584
33586
33589
33590
33592
33596
33603
33606
33607
33608
33609
33614
33617
33619
33623
33625
33632
33634
33634
33637
33639
33639
33642
33647
33651
33660
33661
33664
33668
33671
33675
33675
33677
33677
33680
33683
33684
33685
33686
33686
33689
33690
33694
33695
33700
33704
33706
33714
33718
33724
33724
33735
33736
33736
33742
33742
33743
33749
33754
33756
33766
33773
33779
33803
33804
33807
33812
33820
33822
33829
33833
33834
33836
33839
33840
33843
33847
33857
33859
33869
33871
33872
33877
33900
33900
33906
33909
33913
33913
33914
33922
33923
33925
33935
33947
33969
33976
33981
33987
33991
34001
34001
34004
34007
34008
34008
34009
34030
34038
34054
34056
34059
34060
34066
34068
34073
34076
34080
34087
34092
34100
34104
34115
34116
34118
34118
34125
34126
34135
34146
34153
34154
34170
34177
34177
34182
34182
34186
34196
34209
34217
34222
34223
34235
34243
34250
34255
34256
34256
34258
34265
34271
34299
34302
34309
34318
34346
34377
34392
34406
34410
34415
34415
34422
34438
34444
34447
34448
34469
34472
34480
34480
34488
34492
34494
34498
34499
34512
34521
34546
34555
34555
34583
34596
34623
34626
34630
34685
34763
34766
34775
34779
34841
34869
34878
34885
34901
34916
34953
34984
35000
35028
35049
35053
35125
35133
35163
35177
35178
35180
35184
35190
35192
35202
35209
35211
35246
35265
35266
35279
35339
35361
35366
35370
35374
35396
35398
35407
35425
35493
35511
35564
35597
35616
35625
35647
35719
35729
35732
35753
35764
35787
35803
35840
35841
35845
35894
35906
35923
35941
35954
35983
36016
36026
36040
36060
36061
36072
36074
36083
36150
36153
36180
36182
36187
36195
36209
36224
36225
36269
36269
36353
36358
36359
36366
36369
36371
36372
36405
36429
36467
36480
36508
36555
36569
36571
36592
36592
36619
36630
36639
36641
36649
36673
36697
36702
36710
36719
36749
36753
36763
36765
36833
36857
36867
36895
37022
37066
37131
37176
37208
37274
37334
37383
37438
37502
37660
37788
37833
37890
37895
37920
38124
38216
38242
38470
38677
38726
38856
38979
39070
39120
39314
39399
39399
39944
39978
40482
40764
40822
40850
41194
41417
41497
41724
41809
42075
42235
43183
43305
43914
44218
45497
47136
47336
47966
