1185
1190
1196
1202
1209
1211
1212
1214
1214
1216
1216
1218
1219
1219
1220
1234
1234
1235
1236
1237
1239
1241
1242
1242
1244
1247
1248
1249
1253
1255
1256
1256
1256
1257
1258
1260
1260
1261
1262
1262
1263
1264
1266
1267
1269
1270
1270
1270
1270
1271
1272
1272
1273
1273
1273
1274
1274
1275
1275
1276
1276
1277
1278
1278
1279
1281
1282
1282
1282
1282
1283
1283
1284
1284
1285
1286
1286
1287
1287
1288
1288
1289
1290
1290
1290
1290
1291
1292
1292
1292
1293
1293
1293
1294
1294
1294
1296
1297
1297
1297
1297
1297
1298
1298
1298
1299
1299
1300
1302
1303
1303
1304
1304
1305
1306
1307
1308
1308
1309
1309
1309
1309
1310
1310
1311
1312
1313
1313
1313
1314
1314
1316
1316
1317
1317
1317
1318
1318
1318
1319
1320
1320
1321
1322
1322
1323
1323
1323
1324
1324
1325
1325
1326
1326
1326
1327
1327
1327
1328
1329
1329
1330
1331
1331
1331
1332
1334
1335
1335
1335
1337
1337
1338
1338
1338
1338
1339
1339
1339
1339
1340
1340
1341
1341
1343
1343
1343
1344
1345
1346
1347
1348
1348
1348
1348
1348
1350
1350
1350
1351
1351
1352
1352
1355
1356
1356
1356
1357
1358
1358
1359
1360
1360
1360
1361
1362
1362
1362
1363
1363
1363
1364
1364
1365
1365
1365
1366
1367
1367
1368
1368
1369
1370
1371
1371
1372
1373
1374
1377
1377
1378
1379
1379
1381
1384
1385
1385
1386
1387
1387
1387
1389
1389
1390
1391
1392
1393
1394
1395
1395
1397
1398
1400
1400
1400
1400
1401
1401
1401
1402
1403
1403
1403
1405
1406
1407
1407
1408
1408
1410
1411
1413
1413
1413
1414
1414
1414
1417
1417
1420
1421
1421
1423
1423
1424
1425
1425
1426
1426
1427
1429
1430
1430
1430
1431
1432
1432
1432
1432
1432
1434
1435
1437
1437
1437
1438
1440
1440
1442
1443
1443
1444
1444
1445
1449
1450
1450
1451
1454
1454
1457
1457
1458
1458
1459
1459
1460
1460
1461
1461
1464
1464
1465
1466
1466
1467
1468
1469
1471
1471
1471
1471
1472
1473
1473
1477
1477
1478
1479
1480
1482
1485
1486
1486
1486
1486
1489
1490
1490
1491
1498
1500
1501
1501
1502
1503
1503
1506
1508
1509
1510
1510
1511
1511
1511
1511
1513
1514
1515
1515
1516
1517
1517
1518
1518
1518
1518
1519
1519
1520
1520
1521
1523
1523
1523
1525
1525
1526
1526
1526
1528
1528
1528
1530
1531
1531
1533
1534
1534
1535
1535
1535
1536
1536
1536
1537
1537
1537
1537
1537
1539
1540
1541
1541
1542
1542
1543
1543
1544
1544
1545
1546
1547
1547
1547
1547
1548
1550
1552
1553
1554
1555
1557
1557
1558
1559
1559
1559
1560
1560
1561
1561
1561
1561
1562
1562
1563
1564
1564
1565
1565
1565
1566
1567
1567
1567
1568
1568
1568
1568
1569
1569
1569
1570
1570
1570
1570
1570
1570
1571
1574
1574
1575
1576
1576
1578
1578
1578
1579
1579
1580
1581
1581
1581
1581
1581
1581
1581
1582
1582
1582
1584
1584
1584
1584
1584
1586
1586
1587
1587
1587
1588
1588
1588
1589
1589
1590
1592
1593
1593
1594
1594
1594
1595
1596
1596
1596
1597
1597
1597
1598
1599
1599
1599
1600
1601
1601
1602
1602
1603
1603
1604
1604
1605
1605
1605
1605
1606
1606
1607
1608
1608
1609
1609
1610
1610
1610
1610
1610
1611
1611
1611
1612
1612
1613
1613
1613
1614
1614
1615
1615
1616
1617
1618
1618
1618
1619
1619
1619
1619
1619
1620
1621
1621
1622
1622
1622
1623
1623
1623
1623
1624
1625
1627
1627
1629
1630
1630
1630
1631
1631
1633
1633
1633
1633
1634
1635
1635
1635
1635
1636
1636
1636
1637
1637
1637
1637
1637
1637
1637
1637
1638
1638
1640
1642
1643
1643
1645
1645
1646
1646
1646
1646
1646
1647
1647
1647
1648
1648
1649
1649
1649
1649
1650
1650
1651
1651
1651
1651
1652
1653
1653
1653
1653
1653
1653
1654
1654
1655
1655
1655
1656
1656
1656
1657
1657
1657
1658
1658
1659
1659
1659
1660
1660
1661
1662
1662
1662
1662
1662
1662
1663
1664
1664
1664
1664
1665
1665
1665
1666
1667
1667
1667
1667
1667
1667
1668
1668
1668
1670
1670
1670
1670
1671
1671
1671
1671
1672
1672
1672
1673
1673
1673
1674
1675
1676
1676
1676
1676
1678
1678
1678
1679
1679
1679
1680
1680
1680
1681
1681
1681
1681
1682
1683
1683
1683
1684
1685
1685
1686
1687
1687
1687
1687
1687
1689
1689
1689
1690
1690
1690
1690
1691
1691
1691
1691
1692
1692
1692
1693
1694
1694
1694
1694
1694
1694
1696
1696
1696
1696
1697
1698
1698
1698
1699
1699
1699
1699
1699
1700
1701
1701
1702
1703
1703
1704
1704
1705
1705
1706
1706
1707
1708
1709
1709
1709
1709
1710
1710
1711
1712
1712
1713
1713
1714
1714
1714
1714
1715
1715
1716
1717
1717
1718
1718
1718
1719
1719
1720
1720
1720
1720
1720
1720
1722
1722
1723
1723
1727
1727
1728
1729
1729
1729
1731
1732
1732
1733
1733
1734
1734
1737
1737
1738
1738
1738
1740
1740
1741
1742
1743
1744
1744
1745
1746
1748
1748
1750
1750
1750
1750
1750
1751
1753
1754
1754
1754
1755
1755
1755
1755
1756
1757
1758
1758
1759
1759
1759
1759
1759
1761
1761
1761
1762
1763
1765
1766
1769
1769
1770
1771
1772
1773
1774
1774
1775
1775
1775
1776
1778
1778
1779
1780
1781
1784
1784
1785
1785
1788
1790
1791
1791
1791
1793
1794
1794
1795
1795
1797
1797
1804
1806
1806
1811
1813
1814
1816
1817
1818
1820
1825
1825
1827
1829
1831
1831
1834
1834
1839
1843
1845
1845
1847
1851
1858
1863
1866
1866
1867
1867
1870
1870
1873
1880
1887
1889
1903
1904
1908
1909
1920
1928
1935
1936
1964
1964
1966
1982
1985
2009
2020
2023
2042
2051
2051
2060
2126
2172
2182
2192
2271
2281
2290
2317
2347
2587
2636
3752
3913
4148
