62303
62321
62324
62331
62342
62354
62376
62458
62498
62519
62532
62542
62579
62585
62596
62597
62598
62602
62626
62632
62636
62645
62654
62657
62660
62663
62668
62670
62683
62683
62685
62693
62693
62694
62697
62708
62709
62711
62712
62724
62726
62727
62728
62728
62732
62735
62737
62739
62745
62746
62746
62752
62754
62774
62777
62783
62806
62808
62816
62822
62829
62831
62832
62833
62835
62836
62841
62858
62860
62874
62875
62878
62879
62879
62890
62907
62908
62911
62911
62917
62918
62925
62926
62928
62928
62956
62962
62966
62969
63007
63019
63025
63026
63033
63039
63041
63049
63049
63050
63054
63055
63063
63070
63072
63082
63098
63100
63102
63102
63114
63124
63133
63151
63152
63155
63159
63160
63162
63168
63178
63187
63187
63192
63197
63222
63228
63234
63235
63259
63271
63283
63288
63290
63290
63291
63294
63300
63303
63306
63308
63327
63328
63339
63349
63362
63362
63376
63388
63391
63392
63393
63401
63414
63421
63432
63446
63448
63449
63452
63452
63467
63468
63471
63478
63481
63506
63506
63517
63522
63534
63535
63540
63541
63541
63544
63575
63576
63579
63586
63587
63594
63596
63598
63599
63602
63612
63618
63628
63630
63637
63637
63641
63651
63654
63658
63659
63659
63667
63672
63683
63690
63691
63700
63703
63704
63705
63720
63726
63729
63732
63751
63764
63765
63767
63773
63779
63786
63788
63803
63812
63821
63824
63826
63830
63840
63842
63842
63851
63852
63855
63860
63861
63869
63871
63879
63880
63885
63886
63891
63899
63910
63915
63921
63924
63946
63955
63973
63974
63978
63981
63984
64017
64020
64021
64024
64032
64041
64063
64071
64073
64075
64075
64086
64091
64098
64103
64107
64111
64111
64128
64128
64140
64145
64148
64153
64169
64169
64174
64181
64182
64189
64196
64199
64207
64217
64225
64227
64233
64257
64267
64270
64276
64286
64292
64295
64314
64332
64338
64340
64344
64357
64363
64370
64381
64392
64392
64396
64397
64402
64407
64418
64425
64432
64436
64442
64442
64450
64453
64459
64486
64487
64489
64490
64495
64498
64500
64504
64504
64506
64513
64514
64522
64529
64529
64535
64536
64541
64543
64547
64550
64551
64574
64575
64580
64582
64583
64594
64605
64608
64609
64614
64615
64616
64618
64620
64632
64636
64637
64642
64647
64648
64655
64655
64674
64675
64684
64691
64695
64695
64696
64705
64714
64718
64727
64728
64730
64731
64732
64739
64743
64747
64752
64754
64760
64762
64763
64768
64770
64785
64788
64789
64791
64800
64805
64806
64810
64822
64822
64835
64836
64840
64841
64845
64853
64855
64857
64863
64865
64866
64866
64874
64877
64879
64887
64887
64896
64913
64914
64923
64931
64936
64940
64942
64943
64961
64962
64964
64988
64991
64991
64992
64993
65001
65007
65009
65012
65018
65028
65029
65030
65036
65037
65055
65056
65057
65061
65065
65071
65072
65073
65084
65086
65086
65090
65101
65101
65114
65118
65120
65122
65123
65124
65126
65130
65136
65141
65153
65154
65155
65156
65156
65157
65157
65159
65168
65172
65173
65186
65198
65199
65208
65215
65216
65221
65223
65223
65224
65226
65232
65239
65249
65256
65264
65269
65269
65281
65283
65284
65287
65300
65305
65316
65318
65328
65331
65332
65335
65342
65345
65346
65349
65356
65360
65370
65371
65376
65385
65398
65401
65404
65407
65408
65425
65426
65428
65430
65431
65432
65435
65435
65435
65441
65443
65457
65461
65461
65467
65476
65480
65483
65483
65484
65490
65500
65507
65507
65508
65515
65516
65522
65524
65526
65532
65534
65537
65537
65544
65545
65546
65547
65558
65558
65561
65569
65570
65571
65587
65594
65596
65597
65599
65611
65614
65625
65629
65632
65650
65663
65671
65675
65684
65691
65697
65706
65719
65743
65749
65752
65760
65761
65762
65770
65773
65775
65776
65781
65786
65810
65816
65819
65825
65834
65841
65846
65846
65871
65871
65877
65881
65886
65900
65907
65910
65915
65919
65920
65929
65933
65965
65973
65974
65984
65990
66002
66003
66004
66004
66010
66024
66024
66028
66036
66036
66053
66063
66066
66073
66073
66075
66075
66082
66098
66099
66100
66102
66107
66108
66113
66122
66122
66145
66147
66160
66186
66188
66192
66194
66218
66220
66221
66236
66239
66245
66267
66275
66281
66293
66296
66303
66328
66332
66342
66348
66358
66361
66388
66391
66396
66404
66413
66417
66421
66426
66434
66452
66481
66484
66493
66495
66499
66509
66512
66513
66514
66542
66545
66552
66565
66572
66577
66579
66583
66585
66589
66599
66612
66614
66617
66625
66631
66635
66637
66642
66653
66656
66658
66664
66666
66669
66682
66684
66696
66707
66712
66718
66720
66727
66734
66741
66746
66749
66772
66773
66776
66786
66800
66800
66800
66808
66808
66810
66815
66817
66844
66850
66861
66866
66904
66905
66917
66919
66924
66926
66939
66942
66948
66963
66964
66965
66987
66990
66991
66992
67002
67003
67013
67020
67038
67052
67057
67057
67057
67060
67069
67070
67110
67128
67130
67139
67142
67167
67173
67181
67195
67204
67211
67235
67265
67270
67270
67278
67288
67305
67318
67334
67339
67366
67387
67404
67405
67415
67421
67465
67466
67482
67491
67501
67503
67533
67535
67550
67554
67560
67565
67568
67570
67571
67584
67587
67606
67626
67653
67684
67688
67701
67704
67708
67730
67750
67758
67773
67795
67818
67820
67877
67925
67949
67971
68034
68045
68098
68106
68108
68123
68133
68148
68157
68181
68197
68327
68350
68395
68453
68463
68504
68512
68531
68535
68554
68555
68591
68646
68669
68777
68850
68868
68870
69054
69165
69172
69191
69197
69281
69321
69332
69403
69426
69519
69566
69584
69621
69685
69702
69727
69754
69805
69809
69920
69963
69985
70014
70111
70158
70188
70199
70216
70270
70528
70571
70580
70590
70637
70688
70808
70827
70854
71077
71168
71257
71362
71400
71537
71708
71838
71901
71929
71990
72433
72611
72612
72991
73596
74186
74200
74906
75065
75939
76463
76944
77305
77485
77545
77660
77717
77818
77888
78465
78485
78717
78818
79031
79311
79395
79400
79478
79660
79753
79775
79782
79843
80130
80429
80473
80597
80816
80916
81071
81118
81296
81329
81403
81431
81514
81575
81577
81644
81668
81698
81709
81819
81856
81919
81945
82046
82173
82257
82384
82390
82400
82526
82546
82711
82774
82791
83051
83241
83359
83387
83604
83806
85901
85932
86397
88758
88765
89025
95545
97319
97357
100501
