1176
1176
1183
1187
1190
1201
1209
1213
1217
1225
1227
1227
1232
1232
1243
1243
1248
1248
1250
1251
1251
1251
1252
1256
1257
1259
1259
1259
1259
1260
1263
1264
1266
1266
1267
1267
1267
1270
1271
1272
1273
1274
1274
1275
1277
1278
1278
1278
1278
1281
1282
1283
1283
1283
1283
1284
1284
1284
1285
1286
1289
1290
1291
1291
1291
1292
1293
1293
1294
1294
1295
1296
1296
1296
1297
1297
1297
1297
1297
1297
1297
1298
1298
1299
1299
1300
1300
1300
1301
1301
1301
1303
1303
1304
1304
1305
1306
1306
1307
1307
1307
1308
1308
1309
1309
1311
1311
1313
1313
1314
1316
1317
1317
1318
1318
1318
1318
1319
1320
1320
1321
1322
1322
1323
1324
1324
1324
1324
1325
1326
1327
1327
1327
1327
1327
1327
1327
1327
1328
1328
1328
1329
1329
1330
1330
1330
1331
1331
1332
1332
1332
1333
1333
1333
1334
1334
1334
1334
1335
1335
1336
1336
1337
1337
1337
1337
1338
1338
1338
1339
1340
1341
1341
1342
1342
1343
1343
1343
1344
1344
1345
1346
1346
1346
1347
1347
1347
1347
1348
1350
1353
1353
1353
1353
1354
1354
1355
1355
1356
1357
1357
1358
1359
1359
1359
1359
1360
1360
1361
1362
1363
1364
1364
1365
1365
1366
1367
1367
1367
1367
1367
1367
1368
1368
1370
1370
1370
1371
1372
1372
1373
1373
1374
1374
1375
1376
1376
1377
1377
1378
1379
1380
1380
1380
1381
1383
1383
1384
1384
1385
1385
1386
1386
1389
1389
1389
1390
1390
1392
1393
1394
1394
1394
1395
1395
1396
1396
1398
1399
1399
1402
1402
1403
1404
1405
1407
1408
1409
1412
1413
1415
1416
1418
1421
1422
1422
1423
1424
1424
1424
1430
1430
1434
1435
1436
1438
1438
1440
1441
1443
1446
1446
1447
1450
1450
1451
1452
1453
1457
1457
1458
1458
1459
1460
1460
1461
1462
1463
1463
1464
1464
1464
1465
1466
1466
1466
1467
1467
1467
1468
1469
1470
1471
1471
1471
1472
1474
1474
1480
1481
1482
1483
1486
1487
1487
1487
1488
1488
1489
1492
1492
1492
1493
1493
1494
1494
1495
1495
1496
1499
1500
1502
1502
1504
1504
1507
1509
1510
1511
1511
1512
1512
1512
1514
1514
1514
1515
1515
1515
1517
1517
1518
1518
1519
1520
1521
1521
1521
1523
1525
1525
1526
1527
1527
1528
1529
1529
1530
1530
1531
1531
1531
1531
1532
1532
1533
1535
1536
1537
1538
1538
1541
1542
1542
1543
1543
1543
1545
1545
1547
1547
1548
1548
1549
1549
1549
1551
1551
1553
1554
1554
1555
1555
1555
1557
1557
1558
1559
1560
1560
1561
1561
1562
1562
1563
1564
1564
1565
1565
1566
1567
1567
1568
1568
1568
1569
1570
1573
1574
1574
1575
1576
1576
1576
1577
1577
1577
1577
1580
1580
1580
1580
1580
1581
1582
1583
1585
1585
1585
1586
1586
1586
1587
1587
1587
1587
1587
1587
1588
1588
1590
1590
1590
1590
1591
1591
1591
1592
1593
1593
1593
1594
1594
1594
1595
1598
1598
1598
1599
1599
1599
1599
1601
1601
1602
1602
1603
1605
1606
1607
1607
1607
1608
1608
1608
1609
1610
1610
1610
1611
1611
1612
1612
1613
1613
1613
1614
1615
1615
1615
1616
1617
1617
1618
1618
1618
1618
1619
1619
1619
1620
1620
1620
1621
1622
1623
1623
1624
1625
1625
1625
1626
1626
1627
1627
1627
1627
1628
1628
1629
1629
1629
1631
1632
1632
1632
1633
1633
1633
1634
1635
1635
1635
1635
1635
1636
1636
1636
1636
1636
1637
1637
1637
1637
1639
1640
1641
1642
1642
1642
1642
1642
1642
1643
1643
1643
1644
1644
1644
1645
1645
1646
1646
1646
1646
1647
1647
1648
1648
1649
1649
1649
1650
1651
1651
1651
1651
1652
1652
1652
1652
1654
1654
1654
1654
1654
1655
1655
1655
1655
1656
1656
1656
1657
1657
1658
1658
1658
1659
1659
1659
1660
1660
1661
1661
1661
1662
1662
1663
1663
1663
1664
1665
1665
1665
1665
1665
1666
1666
1666
1666
1666
1668
1668
1669
1669
1669
1670
1670
1670
1670
1670
1671
1672
1672
1673
1673
1673
1673
1674
1675
1676
1677
1678
1678
1679
1679
1679
1679
1680
1680
1680
1681
1681
1681
1681
1681
1682
1682
1682
1682
1683
1684
1684
1685
1686
1686
1686
1687
1687
1687
1687
1688
1688
1690
1690
1690
1691
1692
1692
1692
1692
1692
1693
1693
1693
1694
1694
1695
1695
1695
1696
1696
1696
1696
1697
1698
1698
1699
1699
1699
1700
1701
1701
1701
1702
1702
1702
1703
1703
1704
1704
1705
1705
1706
1707
1707
1708
1708
1708
1708
1709
1709
1709
1711
1711
1711
1712
1712
1712
1712
1712
1713
1713
1713
1714
1716
1716
1716
1716
1717
1718
1719
1720
1720
1721
1721
1721
1722
1722
1722
1724
1724
1724
1724
1724
1725
1725
1725
1726
1726
1726
1726
1726
1727
1729
1730
1731
1731
1731
1732
1732
1733
1733
1734
1734
1734
1734
1734
1735
1735
1735
1737
1737
1738
1739
1740
1740
1742
1742
1743
1743
1745
1746
1746
1747
1748
1748
1749
1749
1750
1751
1753
1753
1753
1753
1754
1755
1755
1758
1758
1759
1760
1761
1762
1763
1765
1766
1767
1768
1771
1772
1773
1773
1774
1776
1776
1778
1780
1780
1780
1782
1782
1783
1784
1785
1786
1787
1787
1787
1787
1789
1789
1789
1790
1792
1792
1794
1795
1795
1797
1798
1800
1803
1803
1804
1807
1808
1808
1808
1809
1811
1811
1813
1814
1816
1816
1817
1818
1820
1820
1821
1822
1823
1827
1830
1832
1838
1841
1844
1847
1849
1850
1850
1853
1856
1860
1861
1861
1863
1864
1864
1872
1877
1881
1882
1886
1891
1898
1902
1914
1923
1938
1947
1966
1972
1983
1983
1993
2003
2008
2017
2033
2048
2050
2055
2060
2088
2098
2103
2115
2140
2142
2185
2196
2207
2211
2223
2244
2291
2294
2298
2307
2309
2371
2381
2405
2418
2436
2473
2477
2521
2531
2552
2588
2737
3045
3630
4160
4380
