35038
35110
35271
35314
35319
35320
35395
35407
35510
35538
35570
35668
35718
35766
35778
35799
35816
35828
35849
35864
35932
35946
35947
35949
35951
35978
35978
36000
36047
36079
36080
36089
36097
36103
36111
36114
36115
36116
36119
36122
36124
36146
36156
36159
36179
36209
36223
36265
36269
36272
36274
36280
36281
36285
36293
36295
36325
36351
36351
36352
36363
36394
36397
36402
36406
36421
36439
36444
36466
36474
36478
36482
36483
36483
36493
36493
36496
36497
36505
36509
36530
36531
36537
36543
36544
36550
36553
36566
36572
36574
36577
36583
36599
36607
36637
36641
36641
36645
36664
36670
36674
36682
36691
36697
36701
36712
36720
36721
36725
36728
36729
36731
36742
36744
36745
36749
36753
36754
36755
36755
36759
36786
36786
36793
36794
36796
36809
36813
36816
36818
36837
36851
36874
36876
36886
36886
36887
36894
36895
36896
36927
36928
36929
36939
36940
36946
36949
36958
36971
36986
36993
37002
37005
37012
37013
37024
37027
37032
37033
37033
37038
37038
37041
37043
37069
37071
37074
37079
37080
37086
37088
37090
37097
37098
37108
37113
37116
37116
37119
37119
37121
37124
37129
37140
37150
37150
37153
37154
37156
37159
37164
37164
37174
37176
37181
37193
37206
37210
37220
37224
37229
37229
37231
37235
37240
37244
37247
37253
37262
37266
37266
37267
37268
37270
37280
37282
37297
37300
37304
37308
37318
37320
37321
37322
37328
37336
37340
37346
37352
37357
37365
37372
37372
37374
37381
37382
37383
37390
37396
37407
37407
37415
37418
37421
37427
37429
37433
37435
37435
37440
37444
37460
37460
37461
37476
37476
37479
37484
37499
37503
37507
37508
37509
37511
37513
37515
37517
37519
37525
37535
37549
37552
37566
37570
37573
37574
37580
37588
37592
37597
37616
37617
37617
37623
37647
37658
37659
37660
37660
37662
37687
37694
37698
37700
37701
37704
37713
37716
37724
37728
37738
37742
37757
37770
37775
37785
37786
37789
37795
37797
37810
37814
37820
37823
37828
37830
37831
37844
37854
37858
37876
37877
37893
37899
37905
37911
37912
37913
37915
37915
37922
37925
37929
37931
37949
37962
37971
37976
37985
37993
37999
38000
38004
38014
38015
38015
38017
38018
38031
38035
38061
38064
38088
38092
38099
38101
38102
38118
38120
38120
38123
38135
38143
38152
38155
38168
38169
38177
38177
38212
38224
38225
38230
38237
38239
38263
38267
38270
38285
38292
38305
38308
38348
38357
38358
38362
38363
38364
38365
38398
38400
38414
38416
38421
38433
38441
38442
38443
38478
38486
38487
38497
38500
38533
38560
38574
38598
38608
38642
38646
38665
38683
38694
38708
38758
38771
38816
38836
38854
38856
38911
38948
38973
38978
39118
39127
39142
39150
39158
39170
39213
39227
39236
39264
39271
39271
39288
39327
39338
39349
39350
39360
39363
39365
39373
39375
39379
39386
39387
39404
39419
39420
39420
39434
39452
39461
39469
39472
39479
39483
39515
39516
39520
39529
39545
39552
39555
39557
39573
39577
39588
39596
39599
39601
39604
39604
39604
39605
39607
39608
39616
39619
39625
39627
39628
39648
39652
39656
39657
39659
39668
39670
39671
39672
39676
39681
39684
39693
39693
39697
39698
39723
39724
39726
39728
39730
39733
39736
39737
39750
39750
39758
39765
39767
39769
39774
39780
39782
39784
39786
39793
39796
39796
39799
39802
39806
39807
39816
39817
39817
39827
39836
39840
39841
39846
39857
39857
39860
39861
39865
39866
39868
39871
39871
39877
39882
39884
39885
39888
39902
39904
39915
39916
39917
39933
39935
39940
39942
39944
39957
39958
39960
39960
39970
39971
39977
39978
39984
39986
39987
39990
39990
39993
39994
39998
40001
40006
40008
40010
40015
40021
40024
40027
40028
40030
40031
40032
40036
40038
40040
40042
40043
40054
40057
40059
40073
40075
40076
40078
40087
40092
40094
40096
40097
40106
40109
40116
40124
40125
40125
40127
40128
40130
40131
40137
40137
40137
40139
40143
40143
40146
40151
40151
40153
40154
40154
40156
40157
40163
40165
40165
40167
40181
40183
40184
40219
40222
40224
40225
40228
40230
40233
40235
40235
40236
40242
40244
40252
40253
40254
40256
40265
40275
40279
40280
40283
40284
40290
40294
40301
40308
40310
40313
40324
40325
40327
40328
40336
40343
40347
40359
40362
40366
40368
40369
40376
40380
40382
40392
40394
40394
40397
40398
40398
40399
40400
40405
40406
40410
40412
40417
40418
40421
40430
40442
40443
40447
40448
40451
40461
40464
40465
40473
40484
40485
40488
40498
40500
40508
40515
40516
40519
40520
40526
40529
40529
40530
40534
40547
40553
40556
40557
40569
40577
40577
40580
40582
40583
40590
40602
40608
40615
40617
40619
40621
40624
40632
40633
40641
40649
40657
40661
40665
40670
40682
40682
40687
40688
40690
40707
40712
40713
40714
40716
40716
40717
40718
40724
40729
40735
40735
40739
40743
40746
40756
40760
40768
40769
40771
40776
40781
40785
40789
40797
40801
40803
40808
40815
40818
40821
40836
40850
40850
40857
40861
40871
40879
40882
40885
40903
40907
40908
40908
40925
40929
40930
40937
40939
40939
40939
40949
40952
40958
40967
40970
40974
40981
40982
40987
40996
41003
41011
41021
41022
41039
41045
41062
41063
41064
41099
41107
41112
41113
41128
41129
41146
41149
41160
41172
41199
41212
41250
41252
41256
41267
41275
41285
41294
41302
41319
41323
41354
41357
41387
41388
41403
41403
41414
41420
41424
41437
41482
41486
41495
41498
41517
41520
41544
41545
41550
41551
41564
41589
41618
41641
41647
41667
41677
41684
41686
41688
41718
41719
41731
41744
41758
41821
41842
41854
41857
41872
41875
41882
41901
41911
41917
41918
41919
41937
41967
42013
42015
42064
42114
42117
42128
42233
42272
42301
42320
42328
42371
42391
42399
42415
42472
42558
42580
42662
42697
42710
42723
42740
42747
42802
42863
42881
42944
43000
43028
43056
43135
43149
43150
43179
43185
43250
43267
43316
43463
43509
43555
43661
43788
43887
43893
43905
43917
44004
44117
44139
44256
44405
44475
44512
44582
44623
44629
44687
44691
44876
44890
44958
44975
45067
45092
45117
45178
45390
45395
45406
45503
45540
45602
45628
45690
45722
45806
46177
46212
46312
46345
46393
46501
46659
46805
46872
46916
46920
47226
47272
47323
47603
47722
47752
47850
47855
47881
47922
48035
48178
48332
48432
48613
48732
49832
51753
52481
53685
53909
