29792
29994
30064
30149
30293
30395
30406
30790
30832
30870
30925
30948
30963
30995
31069
31090
31292
31375
31471
31563
31584
31598
31726
31758
31805
31850
31895
31914
31945
31996
32017
32070
32087
32088
32091
32121
32172
32212
32212
32224
32243
32274
32305
32318
32322
32336
32337
32383
32391
32405
32413
32425
32453
32473
32478
32484
32486
32489
32495
32517
32519
32525
32537
32553
32561
32564
32587
32600
32602
32621
32629
32674
32698
32708
32717
32718
32722
32740
32770
32773
32777
32791
32794
32804
32831
32832
32861
32869
32880
32888
32897
32939
32957
32968
32972
32974
32982
33006
33010
33036
33061
33064
33065
33078
33104
33106
33109
33118
33119
33139
33145
33148
33167
33185
33193
33194
33205
33210
33211
33225
33276
33280
33282
33286
33290
33314
33317
33344
33350
33361
33378
33384
33397
33398
33402
33411
33416
33420
33421
33429
33439
33453
33468
33471
33482
33488
33504
33519
33524
33527
33532
33533
33542
33542
33542
33556
33564
33572
33574
33578
33579
33580
33602
33622
33634
33659
33661
33666
33666
33683
33692
33693
33694
33694
33697
33697
33710
33713
33728
33732
33742
33755
33761
33776
33781
33785
33801
33801
33806
33810
33822
33837
33845
33849
33850
33851
33856
33856
33860
33862
33862
33866
33876
33884
33895
33897
33916
33916
33927
33927
33928
33938
33957
33966
33972
33976
33984
33986
33990
34001
34017
34038
34039
34052
34063
34064
34072
34097
34104
34115
34116
34119
34124
34134
34139
34140
34150
34151
34153
34168
34171
34182
34188
34209
34223
34230
34236
34238
34271
34272
34274
34275
34283
34286
34294
34304
34308
34310
34325
34328
34329
34336
34338
34365
34367
34370
34378
34387
34400
34402
34402
34403
34409
34410
34417
34430
34430
34447
34448
34456
34463
34484
34508
34512
34521
34522
34534
34555
34556
34558
34568
34570
34574
34588
34599
34600
34610
34614
34616
34629
34630
34632
34642
34648
34654
34657
34663
34664
34673
34673
34674
34675
34675
34686
34689
34692
34692
34708
34709
34711
34720
34725
34728
34732
34736
34756
34759
34768
34785
34795
34796
34796
34809
34812
34820
34822
34822
34835
34840
34841
34843
34844
34846
34854
34865
34867
34873
34875
34875
34876
34878
34892
34893
34893
34898
34898
34901
34903
34910
34911
34918
34930
34931
34947
34955
34957
34962
34962
34966
34970
34977
34979
34980
34983
34988
34997
34998
35001
35002
35003
35007
35024
35028
35029
35035
35036
35048
35049
35052
35079
35084
35085
35086
35089
35091
35103
35106
35108
35110
35134
35137
35141
35160
35160
35162
35162
35166
35179
35189
35204
35208
35216
35218
35222
35231
35237
35243
35244
35265
35268
35268
35272
35272
35272
35274
35275
35283
35285
35292
35293
35295
35299
35299
35301
35306
35309
35311
35318
35319
35338
35341
35343
35343
35350
35354
35359
35362
35365
35376
35378
35379
35381
35383
35388
35393
35410
35414
35419
35424
35426
35432
35434
35438
35443
35444
35446
35465
35466
35467
35474
35474
35480
35481
35487
35491
35495
35523
35523
35527
35531
35539
35539
35550
35556
35557
35559
35567
35576
35598
35600
35605
35608
35622
35652
35656
35659
35663
35665
35668
35671
35686
35689
35697
35698
35699
35705
35707
35710
35717
35717
35727
35729
35736
35740
35741
35744
35746
35746
35752
35753
35758
35758
35762
35768
35775
35783
35783
35804
35819
35827
35834
35840
35849
35861
35865
35873
35874
35875
35880
35887
35896
35905
35907
35915
35921
35922
35924
35933
35941
35948
35949
35951
35951
35954
35959
35973
35983
35985
35986
35994
35999
36018
36028
36046
36049
36054
36059
36064
36079
36086
36090
36096
36098
36098
36099
36100
36101
36104
36106
36108
36113
36113
36117
36123
36143
36145
36149
36155
36163
36169
36172
36178
36179
36182
36192
36195
36209
36210
36211
36211
36226
36235
36239
36244
36246
36247
36256
36263
36265
36265
36272
36273
36293
36295
36296
36301
36302
36306
36309
36310
36312
36314
36320
36320
36328
36329
36358
36365
36371
36375
36375
36376
36380
36401
36405
36407
36408
36410
36414
36434
36435
36441
36447
36447
36452
36461
36474
36476
36487
36494
36494
36505
36515
36523
36534
36539
36544
36547
36557
36557
36559
36568
36571
36575
36579
36580
36580
36587
36588
36589
36589
36633
36638
36649
36649
36655
36656
36690
36693
36694
36695
36700
36704
36706
36734
36741
36743
36745
36764
36781
36782
36797
36798
36800
36801
36805
36805
36810
36823
36839
36853
36854
36854
36859
36862
36863
36873
36891
36907
36909
36911
36915
36919
36923
36927
36928
36933
36935
36937
36944
36944
36946
36952
36952
36968
36970
36977
36987
37000
37002
37005
37007
37017
37018
37019
37038
37046
37055
37065
37076
37088
37094
37101
37105
37126
37129
37130
37133
37133
37134
37142
37143
37148
37171
37192
37198
37202
37206
37210
37220
37225
37228
37230
37232
37253
37279
37285
37296
37299
37302
37306
37312
37313
37329
37332
37337
37338
37340
37347
37360
37367
37373
37373
37384
37386
37397
37410
37420
37439
37444
37476
37476
37478
37484
37487
37495
37496
37501
37513
37515
37515
37522
37524
37535
37542
37543
37547
37561
37563
37566
37577
37584
37595
37618
37650
37653
37662
37674
37685
37707
37708
37711
37733
37734
37740
37746
37747
37756
37792
37796
37799
37808
37811
37831
37832
37841
37848
37859
37872
37874
37875
37879
37882
37887
37887
37913
37914
37916
37932
37959
37975
37984
37985
38014
38024
38036
38041
38049
38053
38063
38063
38064
38072
38075
38076
38079
38090
38092
38094
38129
38134
38138
38149
38169
38178
38178
38179
38184
38185
38201
38213
38220
38221
38243
38264
38307
38307
38320
38336
38342
38345
38356
38393
38440
38443
38459
38500
38502
38518
38527
38560
38560
38565
38565
38583
38589
38591
38600
38603
38622
38637
38639
38646
38654
38700
38701
38703
38711
38716
38733
38733
38735
38751
38763
38783
38825
38887
38906
38908
38915
38962
38970
39024
39032
39071
39080
39098
39098
39174
39177
39189
39194
39242
39257
39263
39285
39287
39316
39368
39390
39472
39522
39561
39582
39618
39639
39643
39643
39694
39698
39718
39724
39803
39836
39849
39853
39870
40041
40075
40119
40120
40180
40192
40202
40229
40251
40326
40440
40505
40519
40529
40611
40614
40660
40660
40697
40816
40856
40859
40979
41029
41634
41752
42072
42443
43140
43410
43422
43597
45047
