1880
1890
1892
1918
1918
1920
1924
1937
1947
1948
1949
1966
1969
1972
1975
1980
1986
1988
1989
1989
1990
1990
1992
1995
1996
1999
2001
2005
2008
2011
2014
2014
2016
2017
2017
2018
2021
2022
2027
2029
2029
2029
2029
2030
2030
2031
2034
2038
2040
2040
2040
2040
2041
2046
2046
2046
2047
2047
2048
2050
2051
2053
2054
2054
2055
2055
2056
2057
2058
2058
2060
2062
2062
2062
2063
2063
2064
2065
2066
2068
2068
2069
2070
2072
2072
2073
2076
2077
2077
2078
2079
2079
2079
2082
2082
2083
2084
2084
2085
2085
2085
2086
2088
2089
2090
2091
2091
2094
2095
2096
2096
2097
2097
2099
2099
2099
2101
2101
2101
2102
2102
2103
2103
2103
2104
2105
2107
2108
2110
2110
2111
2111
2112
2113
2113
2113
2114
2115
2116
2118
2118
2122
2124
2124
2125
2125
2126
2126
2127
2129
2131
2134
2136
2137
2138
2138
2138
2139
2140
2141
2141
2142
2142
2142
2143
2146
2146
2150
2151
2152
2152
2152
2154
2155
2157
2160
2160
2162
2164
2164
2165
2167
2168
2169
2171
2172
2173
2179
2180
2182
2182
2186
2186
2187
2190
2193
2195
2197
2199
2199
2201
2205
2209
2212
2215
2228
2228
2228
2235
2240
2242
2244
2246
2246
2247
2248
2249
2249
2251
2251
2251
2257
2260
2262
2263
2267
2269
2270
2271
2276
2278
2278
2279
2280
2280
2283
2286
2289
2291
2294
2297
2301
2303
2307
2308
2312
2319
2319
2320
2321
2325
2326
2327
2327
2337
2339
2339
2344
2350
2353
2354
2355
2363
2364
2366
2368
2368
2372
2373
2376
2376
2377
2378
2381
2386
2387
2388
2388
2388
2389
2392
2392
2393
2395
2395
2397
2399
2401
2402
2407
2408
2409
2411
2414
2416
2426
2427
2430
2432
2432
2432
2433
2436
2438
2438
2439
2443
2445
2448
2454
2457
2458
2458
2461
2462
2465
2468
2472
2473
2475
2484
2486
2491
2492
2499
2502
2503
2507
2512
2512
2514
2516
2521
2524
2524
2524
2530
2532
2533
2533
2534
2535
2535
2535
2536
2536
2537
2538
2540
2541
2541
2542
2543
2545
2545
2547
2551
2554
2555
2556
2557
2558
2560
2560
2562
2563
2565
2565
2566
2567
2569
2569
2570
2571
2571
2573
2575
2575
2576
2576
2579
2580
2583
2587
2591
2593
2594
2595
2596
2599
2601
2602
2603
2605
2608
2608
2609
2615
2617
2619
2620
2620
2624
2629
2629
2632
2632
2633
2633
2636
2636
2637
2639
2640
2642
2644
2645
2646
2649
2650
2652
2654
2655
2658
2658
2659
2663
2664
2665
2666
2666
2666
2667
2667
2669
2669
2672
2672
2672
2673
2673
2676
2676
2679
2680
2680
2681
2683
2683
2684
2684
2687
2688
2688
2689
2690
2690
2692
2693
2693
2693
2695
2699
2700
2700
2705
2706
2707
2707
2708
2708
2710
2710
2710
2711
2711
2714
2714
2714
2719
2720
2720
2721
2723
2723
2725
2728
2728
2731
2733
2734
2735
2737
2738
2741
2742
2742
2743
2743
2745
2745
2748
2749
2749
2755
2757
2757
2758
2758
2760
2762
2762
2764
2765
2767
2769
2771
2773
2773
2774
2775
2781
2782
2785
2785
2786
2790
2790
2792
2792
2797
2798
2799
2799
2800
2800
2800
2800
2801
2801
2805
2809
2810
2811
2813
2813
2814
2814
2814
2817
2818
2819
2819
2819
2821
2822
2822
2822
2822
2825
2825
2826
2829
2829
2830
2830
2831
2835
2836
2837
2838
2840
2840
2840
2842
2845
2848
2848
2849
2852
2853
2853
2854
2854
2855
2857
2857
2859
2860
2860
2860
2860
2861
2862
2863
2863
2864
2865
2866
2868
2869
2871
2872
2873
2873
2875
2876
2877
2877
2878
2878
2881
2881
2882
2882
2884
2890
2892
2896
2897
2898
2898
2900
2901
2902
2902
2903
2903
2903
2903
2904
2908
2909
2909
2910
2910
2911
2912
2913
2914
2914
2914
2915
2915
2917
2918
2919
2920
2921
2921
2922
2923
2925
2925
2928
2928
2930
2931
2933
2933
2933
2936
2937
2941
2941
2941
2941
2941
2942
2942
2942
2946
2947
2947
2949
2950
2950
2953
2953
2956
2956
2957
2958
2958
2959
2961
2961
2964
2965
2965
2966
2966
2967
2967
2968
2971
2973
2975
2976
2978
2978
2978
2980
2980
2981
2981
2985
2986
2987
2988
2989
2989
2990
2990
2991
2992
2992
2994
2994
2995
2995
2997
3000
3000
3000
3001
3001
3001
3002
3003
3003
3003
3003
3004
3006
3008
3010
3010
3011
3012
3013
3013
3014
3014
3014
3015
3017
3018
3020
3021
3022
3022
3024
3026
3028
3028
3028
3030
3031
3031
3033
3033
3034
3035
3035
3036
3036
3037
3038
3040
3041
3041
3041
3041
3042
3042
3042
3043
3046
3047
3049
3049
3051
3051
3052
3053
3053
3053
3054
3057
3057
3059
3060
3061
3062
3063
3063
3064
3064
3065
3065
3067
3067
3070
3071
3072
3073
3074
3074
3075
3075
3075
3075
3076
3076
3076
3078
3078
3079
3080
3080
3082
3083
3084
3084
3085
3087
3088
3089
3093
3094
3094
3094
3095
3097
3097
3098
3098
3099
3100
3101
3102
3102
3106
3106
3107
3113
3114
3115
3117
3117
3118
3118
3119
3120
3121
3123
3124
3125
3125
3129
3129
3131
3132
3134
3135
3137
3138
3138
3138
3139
3139
3141
3142
3144
3145
3145
3146
3146
3149
3153
3154
3155
3155
3156
3156
3156
3157
3162
3163
3163
3164
3165
3167
3169
3172
3174
3175
3179
3179
3181
3181
3183
3184
3185
3186
3186
3188
3189
3189
3190
3190
3191
3193
3194
3194
3196
3198
3199
3203
3207
3207
3208
3209
3209
3210
3213
3213
3215
3221
3227
3227
3232
3235
3236
3238
3242
3245
3250
3252
3259
3261
3263
3264
3266
3269
3282
3283
3290
3292
3295
3299
3302
3310
3311
3313
3313
3314
3319
3320
3338
3345
3346
3353
3353
3356
3356
3363
3371
3374
3378
3383
3384
3395
3402
3404
3405
3420
3425
3432
3433
3444
3459
3465
3477
3483
3490
3536
3558
3589
3609
3663
3689
3707
3734
3756
3773
3811
3857
7466
