10110
10166
10497
10588
10603
10625
10643
10643
10662
10684
10723
10748
10789
10826
10888
10892
10928
10929
10934
10961
10984
10997
11002
11006
11012
11049
11077
11090
11111
11113
11170
11172
11174
11177
11191
11213
11284
11343
11357
11441
11478
11559
11560
11569
11578
11588
11597
11641
11653
11687
11697
11705
11710
11727
11738
11754
11760
11772
11773
11777
11809
11814
11822
11842
11852
11860
11870
11870
11894
11912
11954
11994
12001
12018
12050
12076
12079
12103
12104
12112
12135
12212
12214
12215
12227
12239
12240
12241
12258
12289
12299
12301
12305
12348
12375
12376
12376
12384
12391
12393
12399
12406
12450
12479
12487
12510
12549
12563
12588
12597
12619
12667
12679
12686
12755
12759
12762
12797
12800
12805
12824
12848
12849
12852
12855
12865
12869
12879
12891
12901
12910
12912
12936
12954
12974
12979
13010
13038
13072
13090
13096
13097
13104
13104
13105
13117
13185
13221
13232
13235
13248
13251
13263
13281
13296
13302
13317
13333
13342
13345
13348
13350
13353
13364
13379
13389
13403
13404
13409
13413
13427
13433
13436
13467
13498
13522
13527
13533
13562
13562
13569
13577
13586
13610
13633
13642
13648
13651
13652
13666
13685
13690
13692
13694
13702
13708
13709
13733
13749
13765
13765
13778
13796
13798
13808
13818
13831
13839
13857
13857
13859
13859
13861
13868
13877
13885
13899
13908
13912
13918
13941
13941
13949
13953
13956
13956
13967
13983
13986
13990
13993
13995
13999
14001
14006
14010
14011
14016
14022
14022
14032
14044
14044
14052
14058
14061
14064
14065
14078
14087
14092
14094
14106
14115
14126
14126
14129
14130
14137
14139
14144
14147
14148
14165
14168
14173
14178
14178
14192
14194
14204
14211
14214
14216
14216
14223
14224
14231
14240
14243
14245
14262
14262
14266
14266
14271
14273
14276
14279
14283
14285
14286
14289
14291
14294
14302
14305
14306
14307
14316
14335
14339
14345
14346
14348
14349
14357
14362
14366
14371
14377
14387
14389
14397
14404
14405
14411
14419
14420
14421
14422
14424
14424
14425
14439
14441
14442
14445
14448
14448
14455
14456
14456
14461
14463
14463
14468
14468
14468
14471
14479
14482
14483
14483
14483
14487
14490
14507
14508
14519
14519
14522
14524
14527
14531
14533
14536
14539
14541
14546
14547
14548
14554
14555
14556
14557
14576
14581
14582
14583
14584
14584
14591
14597
14598
14603
14605
14605
14622
14622
14626
14633
14636
14640
14643
14648
14648
14664
14671
14671
14676
14682
14686
14686
14687
14687
14692
14693
14693
14693
14696
14703
14704
14707
14708
14708
14712
14720
14721
14721
14733
14734
14768
14774
14786
14787
14790
14794
14811
14812
14814
14817
14819
14824
14824
14826
14831
14832
14834
14838
14840
14842
14846
14847
14849
14853
14853
14853
14857
14857
14857
14862
14863
14866
14866
14869
14874
14876
14877
14882
14883
14891
14901
14904
14907
14912
14913
14915
14916
14916
14917
14923
14924
14928
14935
14940
14945
14946
14949
14952
14955
14957
14959
14960
14963
14967
14969
14972
14973
14976
14979
14982
14986
14992
15000
15001
15007
15014
15019
15033
15034
15050
15051
15052
15053
15057
15060
15063
15076
15095
15098
15099
15100
15102
15103
15114
15123
15131
15136
15139
15139
15141
15146
15160
15162
15167
15172
15180
15183
15185
15192
15193
15194
15199
15203
15205
15208
15213
15215
15221
15224
15226
15226
15232
15239
15244
15244
15245
15247
15250
15250
15251
15251
15264
15265
15265
15269
15271
15273
15274
15275
15277
15277
15299
15304
15306
15308
15309
15309
15314
15316
15317
15319
15326
15326
15333
15334
15335
15337
15338
15340
15344
15348
15352
15354
15357
15357
15358
15359
15362
15366
15367
15367
15369
15370
15373
15379
15379
15381
15381
15386
15387
15390
15391
15392
15392
15396
15396
15401
15401
15401
15403
15405
15409
15418
15418
15421
15422
15433
15436
15438
15438
15443
15446
15448
15448
15452
15452
15454
15454
15457
15458
15462
15463
15472
15478
15485
15488
15490
15493
15497
15499
15501
15511
15511
15512
15513
15513
15519
15523
15529
15539
15540
15545
15545
15547
15551
15560
15560
15562
15565
15568
15576
15582
15585
15588
15600
15611
15617
15620
15624
15626
15630
15633
15635
15636
15642
15645
15645
15650
15652
15655
15664
15667
15679
15687
15690
15690
15694
15704
15710
15713
15715
15717
15726
15726
15731
15734
15736
15737
15738
15746
15747
15748
15753
15755
15758
15770
15788
15793
15810
15813
15814
15814
15816
15818
15823
15824
15831
15831
15831
15834
15836
15839
15840
15843
15845
15850
15851
15861
15874
15881
15883
15889
15891
15897
15929
15932
15941
15942
15946
15948
15953
15956
15956
15957
15959
15969
15979
15980
15982
15986
15986
15988
15997
15998
15998
16000
16003
16012
16016
16016
16023
16024
16028
16036
16037
16039
16042
16047
16067
16070
16079
16080
16086
16096
16098
16108
16109
16112
16113
16118
16119
16126
16126
16127
16129
16135
16135
16142
16145
16149
16151
16164
16173
16185
16189
16191
16192
16195
16199
16200
16207
16209
16217
16217
16225
16229
16233
16241
16247
16248
16250
16253
16260
16266
16274
16282
16283
16284
16286
16287
16301
16315
16327
16328
16329
16337
16339
16342
16343
16346
16350
16351
16358
16359
16359
16378
16378
16379
16380
16380
16381
16384
16393
16397
16410
16411
16413
16414
16430
16453
16459
16468
16471
16473
16482
16483
16490
16505
16515
16517
16518
16519
16535
16539
16543
16547
16554
16554
16561
16563
16565
16567
16575
16580
16582
16593
16593
16595
16600
16601
16615
16619
16637
16637
16640
16650
16650
16652
16653
16657
16666
16668
16669
16674
16685
16694
16700
16704
16705
16706
16706
16716
16717
16717
16739
16748
16756
16757
16761
16772
16786
16792
16800
16803
16840
16860
16860
16861
16861
16863
16876
16884
16886
16888
16897
16902
16904
16914
16939
16940
16947
16948
16950
16958
16960
16960
16970
16979
16979
16982
16985
16986
16987
16995
17000
17006
17015
17015
17018
17024
17040
17043
17047
17063
17078
17087
17098
17100
17108
17110
17117
17126
17139
17140
17144
17168
17168
17178
17181
17182
17192
17205
17228
17236
17240
17271
17278
17278
17295
17297
17348
17354
17404
17410
17423
17453
17504
17518
17521
17536
17566
17669
17672
17705
17799
17836
17852
17890
18013
18232
18330
18592
18624
18721
18770
18794
18940
19278
