195
197
197
198
199
201
201
203
203
206
207
207
208
208
208
210
211
211
213
213
213
214
214
214
214
214
214
214
214
214
215
215
215
215
215
216
216
216
217
217
217
217
217
217
217
218
218
218
218
218
218
218
218
218
218
218
218
219
219
219
219
219
219
219
219
219
219
219
219
220
220
220
220
220
220
220
220
220
220
220
220
220
221
221
222
222
222
222
222
222
222
222
222
222
222
222
222
222
222
222
222
223
223
223
223
223
223
223
224
224
224
224
224
224
224
224
224
224
224
224
225
225
225
225
225
225
225
225
225
225
225
225
225
225
226
226
226
226
226
226
226
226
226
226
226
226
226
226
226
226
226
227
227
227
227
227
227
227
227
227
227
227
227
227
227
227
227
228
228
228
228
228
228
228
228
228
228
228
228
228
228
228
228
229
229
229
229
229
229
229
229
229
229
229
229
229
229
229
229
229
229
230
230
230
230
230
230
230
230
230
230
230
230
230
230
230
230
230
230
230
230
230
230
230
230
231
231
231
231
231
231
231
231
231
231
231
232
232
232
232
232
232
232
232
232
232
232
232
232
232
232
232
232
232
232
232
232
232
232
232
232
232
232
232
232
233
233
233
233
233
233
233
233
233
233
233
233
233
233
233
233
233
234
234
234
234
234
234
234
234
234
234
234
234
234
234
235
235
235
235
235
235
235
235
235
235
235
235
235
235
235
235
235
235
235
235
235
236
236
236
236
236
236
236
237
237
237
237
237
237
237
237
237
237
237
237
237
237
237
238
238
238
238
238
238
238
238
239
239
239
239
239
239
239
239
239
240
240
240
241
241
241
241
241
242
242
242
242
243
243
244
244
244
244
244
244
245
245
245
245
245
245
245
246
246
246
246
247
247
247
247
248
248
248
249
249
249
249
249
250
250
250
250
251
251
252
252
252
252
252
252
253
253
253
253
253
254
254
254
255
255
255
256
256
256
256
257
258
259
260
262
262
263
264
264
265
266
266
267
267
267
268
270
270
271
271
272
272
272
274
276
276
276
276
276
277
277
277
278
279
280
280
280
280
280
280
280
281
282
282
283
283
283
283
283
284
284
284
286
286
287
287
287
287
288
288
288
289
289
289
289
289
289
289
289
289
290
290
291
291
291
292
293
293
293
294
294
295
295
295
295
296
296
296
296
297
297
297
297
298
298
299
301
301
301
301
301
301
302
302
303
303
303
304
304
304
305
305
306
306
306
306
306
307
307
307
308
309
309
309
309
309
310
310
310
311
311
311
311
312
312
313
313
313
314
314
314
314
314
315
315
315
315
316
316
316
317
317
317
317
317
317
317
318
318
318
318
318
319
319
319
319
319
319
319
319
319
319
320
320
320
320
320
320
321
321
321
321
321
321
322
322
322
322
322
322
322
322
322
323
323
323
323
324
324
324
324
324
325
325
325
325
325
325
326
326
326
327
327
327
327
327
327
327
327
327
328
328
328
328
329
329
329
329
330
330
330
330
330
330
331
331
331
331
331
332
332
332
332
332
332
332
332
333
333
333
334
334
334
334
334
334
334
334
334
334
335
335
335
335
335
335
335
336
336
336
337
337
338
338
338
338
338
338
339
339
339
339
339
339
339
339
340
340
340
340
340
340
340
340
341
341
341
341
341
341
341
341
341
341
341
341
341
342
342
342
342
342
342
342
342
342
342
343
343
343
343
343
343
344
344
344
344
344
344
344
344
344
345
345
345
345
345
345
345
345
346
346
346
346
346
346
346
346
346
347
347
347
347
347
347
348
348
348
348
348
348
348
348
349
349
349
350
350
350
350
351
351
351
351
351
351
352
352
352
352
352
352
352
353
353
353
353
353
353
354
354
355
355
355
355
355
356
356
356
356
356
356
356
356
357
357
357
357
357
358
358
358
358
358
358
358
359
359
359
359
359
360
360
360
360
360
361
361
361
361
361
361
362
362
362
362
362
362
362
363
363
363
363
363
363
364
364
364
364
364
364
365
365
365
365
365
366
366
366
366
366
367
367
367
368
369
369
369
369
369
369
369
370
370
370
370
371
371
371
371
371
371
372
372
372
373
373
373
373
374
375
375
375
375
376
377
378
379
379
379
379
380
380
381
381
383
383
383
384
384
385
386
386
386
387
388
388
388
391
393
393
394
394
394
398
399
400
400
400
401
402
403
404
404
406
407
407
409
409
409
413
413
415
416
417
417
417
419
419
423
423
430
438
439
440
456
457
460
478
487
494
496
499
502
503
525
554
571
579
592
607
707
750
1385
