8448
8453
8516
8547
8563
8571
8579
8580
8608
8626
8645
8652
8655
8717
8730
8740
8745
8752
8757
8775
8812
8829
8845
8848
8863
8878
8894
8896
8915
8924
8949
8972
8985
8989
8993
8997
8998
9007
9008
9017
9022
9023
9030
9039
9039
9043
9047
9064
9065
9069
9077
9082
9087
9088
9090
9098
9105
9109
9133
9137
9142
9150
9160
9176
9177
9177
9179
9190
9197
9201
9227
9228
9229
9234
9240
9246
9248
9264
9266
9268
9269
9269
9276
9293
9297
9319
9320
9325
9325
9327
9328
9330
9335
9351
9351
9352
9354
9354
9356
9357
9359
9361
9363
9373
9378
9389
9389
9394
9397
9405
9407
9409
9409
9413
9418
9424
9428
9431
9432
9434
9434
9437
9438
9438
9440
9442
9450
9454
9454
9454
9460
9466
9466
9475
9476
9481
9483
9497
9501
9502
9505
9510
9510
9523
9527
9528
9528
9532
9540
9540
9546
9550
9551
9552
9555
9558
9564
9567
9567
9568
9578
9579
9579
9581
9582
9584
9584
9589
9589
9590
9594
9602
9612
9613
9614
9619
9619
9622
9624
9626
9629
9635
9643
9646
9646
9649
9651
9658
9659
9660
9669
9673
9677
9682
9685
9687
9693
9697
9698
9698
9699
9700
9700
9703
9706
9707
9707
9708
9709
9710
9711
9712
9721
9723
9727
9728
9729
9731
9732
9734
9734
9736
9736
9736
9743
9743
9747
9747
9749
9750
9752
9752
9753
9753
9755
9757
9760
9763
9767
9767
9770
9771
9772
9774
9776
9776
9782
9786
9787
9788
9788
9788
9790
9795
9796
9796
9800
9805
9809
9812
9819
9820
9820
9821
9823
9825
9829
9829
9830
9831
9831
9835
9836
9839
9843
9844
9848
9849
9850
9851
9852
9852
9853
9854
9855
9856
9856
9856
9857
9862
9863
9867
9868
9868
9870
9871
9872
9872
9876
9881
9882
9883
9884
9885
9885
9887
9888
9889
9890
9892
9895
9897
9899
9900
9901
9902
9902
9902
9904
9905
9907
9907
9908
9910
9910
9911
9911
9911
9915
9917
9918
9919
9922
9924
9927
9932
9933
9933
9941
9942
9942
9944
9944
9945
9946
9946
9949
9950
9954
9955
9956
9956
9957
9959
9962
9962
9962
9964
9966
9967
9967
9969
9972
9975
9977
9978
9979
9980
9981
9986
9987
9990
9994
9994
9996
9998
9998
9998
9999
10000
10001
10003
10004
10005
10006
10008
10010
10013
10015
10016
10017
10020
10022
10022
10023
10023
10023
10024
10025
10027
10028
10029
10029
10033
10033
10036
10037
10038
10039
10039
10040
10041
10044
10044
10047
10048
10049
10051
10051
10052
10052
10053
10053
10054
10055
10058
10058
10059
10060
10062
10062
10062
10063
10063
10065
10065
10068
10068
10071
10071
10075
10075
10075
10077
10079
10080
10080
10081
10081
10083
10083
10090
10090
10093
10096
10096
10100
10101
10101
10101
10101
10101
10102
10103
10106
10108
10109
10110
10111
10112
10112
10112
10112
10114
10115
10116
10120
10123
10123
10124
10124
10124
10125
10125
10127
10128
10129
10131
10131
10134
10135
10135
10137
10139
10139
10139
10140
10141
10142
10142
10144
10146
10147
10149
10149
10149
10152
10154
10155
10156
10156
10156
10157
10157
10160
10161
10161
10166
10167
10169
10170
10175
10175
10176
10182
10182
10183
10184
10185
10185
10192
10193
10195
10195
10196
10198
10204
10204
10205
10205
10205
10206
10207
10208
10209
10211
10213
10214
10215
10216
10216
10217
10219
10219
10220
10221
10223
10224
10225
10225
10226
10226
10226
10226
10228
10230
10232
10234
10240
10242
10242
10243
10245
10248
10249
10250
10251
10251
10253
10253
10256
10257
10257
10258
10259
10262
10262
10263
10264
10266
10272
10273
10274
10280
10288
10290
10291
10291
10292
10292
10293
10294
10296
10300
10301
10303
10304
10306
10307
10309
10310
10311
10311
10312
10312
10312
10312
10315
10318
10319
10319
10322
10332
10333
10333
10334
10342
10343
10344
10345
10345
10346
10353
10354
10358
10359
10360
10362
10363
10364
10366
10366
10370
10371
10373
10376
10376
10380
10382
10383
10384
10386
10386
10389
10389
10390
10394
10398
10398
10399
10400
10401
10402
10402
10403
10403
10404
10406
10406
10408
10411
10411
10412
10414
10415
10416
10417
10419
10420
10420
10420
10422
10422
10422
10424
10427
10427
10429
10432
10432
10432
10434
10436
10436
10436
10437
10438
10439
10442
10446
10448
10449
10451
10452
10458
10459
10460
10463
10464
10466
10467
10468
10472
10473
10474
10477
10477
10478
10480
10481
10489
10489
10491
10496
10503
10503
10504
10505
10508
10509
10510
10510
10511
10512
10512
10512
10513
10514
10514
10516
10517
10519
10520
10522
10523
10524
10526
10530
10532
10536
10537
10539
10543
10544
10548
10550
10550
10551
10554
10554
10557
10558
10558
10560
10560
10561
10562
10566
10569
10573
10575
10576
10582
10583
10584
10587
10588
10590
10590
10593
10594
10595
10596
10607
10608
10610
10612
10612
10613
10614
10615
10616
10619
10621
10621
10621
10622
10622
10625
10629
10631
10633
10634
10635
10637
10640
10641
10642
10646
10647
10651
10656
10661
10662
10662
10664
10665
10666
10669
10671
10673
10673
10674
10682
10685
10686
10686
10687
10687
10692
10695
10700
10702
10703
10705
10706
10708
10712
10714
10715
10725
10726
10728
10729
10730
10736
10738
10740
10742
10745
10746
10747
10749
10752
10756
10757
10768
10771
10775
10777
10784
10786
10789
10790
10790
10800
10808
10810
10815
10819
10820
10820
10821
10822
10823
10825
10826
10828
10830
10836
10847
10847
10851
10858
10860
10861
10865
10873
10887
10899
10901
10902
10903
10908
10910
10910
10912
10912
10914
10915
10918
10935
10937
10943
10943
10954
10954
10956
10958
10963
10971
10974
10978
10982
10982
10986
10986
10994
10995
11013
11027
11031
11041
11046
11052
11060
11063
11063
11066
11076
11077
11086
11095
11095
11098
11098
11102
11106
11111
11113
11126
11130
11138
11139
11195
11205
11225
11237
11240
11240
11252
11272
11274
11307
11324
11359
11381
11418
11420
11422
11457
11483
11506
11509
11527
11536
11547
11551
11563
11564
11565
11634
11668
11673
11734
11736
11749
11751
11755
11812
11947
11992
12085
12112
12118
12128
12200
12227
12239
12253
12401
12564
12630
12711
12789
12806
12923
13237
13340
14791
