31498
31507
31596
31666
31690
31722
31742
31744
31752
31756
31797
31872
31916
31923
31926
31933
31934
31936
31940
31944
31945
31953
31962
31987
31993
32001
32010
32012
32044
32048
32049
32055
32083
32097
32102
32108
32109
32115
32118
32149
32159
32166
32185
32186
32186
32189
32195
32202
32211
32223
32223
32240
32273
32278
32278
32291
32300
32303
32306
32317
32324
32335
32346
32349
32354
32373
32375
32386
32387
32409
32411
32420
32436
32437
32446
32448
32449
32453
32461
32463
32463
32475
32489
32496
32497
32501
32502
32516
32518
32520
32526
32533
32539
32580
32594
32595
32596
32599
32599
32608
32608
32610
32616
32616
32618
32626
32631
32633
32652
32652
32663
32663
32667
32676
32679
32692
32701
32708
32715
32715
32717
32742
32743
32743
32745
32747
32760
32762
32762
32766
32783
32793
32806
32809
32815
32818
32819
32819
32822
32822
32823
32842
32844
32849
32850
32853
32856
32863
32872
32874
32882
32901
32912
32931
32935
32939
32953
32956
32978
32996
33011
33014
33015
33017
33037
33053
33054
33066
33075
33082
33085
33115
33122
33129
33131
33136
33141
33147
33162
33164
33166
33168
33180
33181
33199
33203
33217
33234
33243
33244
33244
33250
33261
33269
33281
33283
33293
33300
33305
33305
33313
33319
33319
33325
33340
33348
33354
33390
33408
33415
33417
33438
33451
33463
33486
33488
33500
33523
33544
33563
33586
33613
33629
33696
33698
33700
33703
33782
33816
33817
33878
33901
33903
33969
34015
34021
34051
34080
34105
34119
34165
34175
34208
34247
34251
34278
34289
34302
34354
34449
34480
34567
34617
34618
34636
34670
34704
34714
34797
34827
34873
34894
34900
34970
35016
35037
35138
35168
35172
35201
35239
35239
35254
35263
35270
35307
35361
35376
35420
35425
35453
35471
35479
35486
35511
35515
35523
35540
35541
35545
35551
35558
35561
35563
35570
35581
35595
35596
35626
35637
35641
35642
35643
35665
35669
35675
35687
35689
35700
35703
35704
35712
35721
35724
35728
35732
35732
35734
35741
35750
35754
35755
35757
35767
35772
35782
35791
35812
35820
35821
35851
35855
35856
35866
35868
35872
35873
35878
35881
35885
35886
35895
35909
35916
35918
35919
35926
35943
35949
35951
35957
35958
35964
35964
35967
35972
35974
35991
35999
36003
36003
36007
36007
36010
36012
36018
36019
36023
36025
36027
36027
36035
36037
36040
36051
36060
36060
36060
36067
36070
36084
36084
36095
36098
36106
36106
36109
36119
36124
36125
36141
36142
36151
36154
36166
36169
36187
36188
36191
36195
36202
36217
36217
36221
36223
36225
36226
36231
36240
36244
36246
36246
36256
36263
36263
36264
36266
36267
36276
36276
36283
36286
36301
36309
36309
36310
36316
36325
36326
36330
36332
36334
36335
36340
36347
36348
36367
36372
36374
36379
36380
36385
36387
36389
36390
36393
36397
36400
36402
36409
36413
36414
36416
36417
36417
36423
36426
36430
36438
36444
36445
36453
36455
36456
36456
36462
36463
36465
36465
36478
36478
36480
36487
36489
36495
36507
36507
36510
36511
36512
36513
36515
36517
36517
36520
36521
36525
36529
36531
36538
36543
36556
36559
36562
36563
36566
36570
36572
36573
36576
36579
36586
36586
36586
36588
36589
36589
36589
36599
36600
36603
36608
36611
36615
36615
36616
36617
36618
36619
36621
36625
36627
36631
36633
36634
36635
36640
36644
36649
36651
36653
36653
36654
36655
36657
36661
36662
36663
36663
36663
36666
36667
36669
36670
36673
36677
36678
36681
36686
36691
36693
36693
36693
36694
36704
36707
36707
36707
36708
36710
36712
36716
36717
36719
36720
36724
36724
36729
36730
36739
36740
36750
36750
36752
36756
36758
36765
36765
36770
36776
36778
36782
36783
36786
36786
36789
36791
36792
36794
36799
36801
36801
36806
36811
36813
36818
36827
36827
36830
36831
36834
36840
36846
36849
36850
36851
36853
36857
36858
36859
36866
36876
36883
36888
36888
36891
36892
36893
36894
36904
36905
36906
36908
36909
36917
36920
36920
36921
36928
36929
36938
36945
36946
36947
36948
36953
36955
36964
36964
36966
36971
36974
36979
36982
36985
36986
36990
36991
36996
36998
37006
37018
37019
37022
37025
37028
37035
37036
37040
37050
37050
37051
37055
37062
37066
37066
37068
37070
37075
37081
37082
37084
37089
37090
37090
37091
37092
37095
37098
37101
37104
37105
37105
37106
37106
37113
37116
37118
37119
37120
37123
37127
37129
37131
37135
37139
37141
37146
37147
37151
37153
37158
37162
37170
37171
37175
37181
37181
37181
37185
37187
37189
37194
37195
37197
37200
37205
37206
37207
37211
37215
37217
37218
37223
37223
37227
37228
37232
37237
37239
37239
37239
37251
37258
37259
37261
37270
37272
37272
37273
37274
37276
37278
37283
37293
37295
37299
37304
37305
37306
37308
37315
37324
37326
37337
37346
37357
37357
37362
37363
37370
37373
37401
37409
37411
37413
37413
37425
37431
37437
37439
37444
37450
37458
37464
37474
37490
37496
37499
37500
37501
37502
37502
37508
37511
37534
37535
37537
37544
37545
37554
37563
37563
37563
37570
37570
37570
37572
37591
37591
37594
37595
37602
37602
37606
37622
37625
37628
37629
37632
37636
37642
37651
37677
37687
37716
37716
37728
37752
37765
37769
37786
37803
37810
37812
37814
37820
37833
37837
37841
37846
37849
37876
37887
37890
37892
37894
37909
37920
37923
37926
37936
37949
37950
37960
37972
37986
37996
38007
38010
38047
38077
38107
38110
38110
38129
38134
38137
38155
38155
38167
38175
38184
38184
38184
38196
38207
38209
38218
38232
38262
38271
38275
38298
38301
38311
38358
38371
38387
38418
38530
38538
38550
38616
38623
38644
38644
38661
38668
38702
38723
38778
38782
38796
38800
38831
38871
38871
38904
38911
38921
38927
38937
38944
39003
39014
39030
39068
39090
39101
39118
39141
39169
39184
39221
39236
39241
39268
39325
39374
39398
39406
39420
39470
39547
39656
39710
39719
39770
39798
39833
39835
39859
39939
39966
40120
40141
40298
40298
40381
40385
40509
40538
40542
40606
40670
40694
40716
40718
40740
40763
40805
40821
40878
40940
40942
41010
41040
41197
41237
41273
41288
41376
41458
41469
41816
42002
42069
42101
42203
42231
42467
42582
42666
42804
42894
42896
43069
43129
43130
43131
43155
43208
43447
43617
43829
43968
44098
44328
44707
44957
45224
45806
46006
46811
48139
49436
49583
51698
52998
