34596
37290
37623
37662
37714
37843
37887
37977
38004
38046
38078
38143
38174
38195
38199
38227
38234
38282
38329
38350
38378
38381
38391
38394
38395
38406
38409
38419
38457
38486
38508
38543
38544
38554
38555
38563
38566
38574
38574
38588
38594
38609
38616
38617
38619
38624
38627
38641
38647
38679
38703
38711
38717
38777
38782
38799
38803
38807
38811
38829
38829
38833
38862
38871
38887
38892
38900
38908
38914
38919
38931
38936
38937
38939
38979
38992
38994
38995
39008
39010
39010
39015
39025
39038
39039
39051
39057
39062
39064
39066
39075
39076
39078
39092
39094
39098
39110
39133
39141
39144
39147
39148
39160
39168
39176
39177
39184
39185
39188
39191
39193
39203
39214
39218
39222
39224
39225
39228
39230
39240
39242
39243
39253
39256
39264
39269
39270
39273
39277
39278
39296
39302
39308
39330
39338
39343
39350
39351
39362
39405
39406
39407
39408
39411
39412
39420
39421
39423
39426
39428
39428
39431
39439
39439
39443
39444
39449
39451
39452
39453
39456
39461
39467
39469
39478
39484
39485
39487
39493
39493
39494
39497
39498
39498
39501
39506
39511
39516
39526
39530
39535
39539
39545
39548
39551
39551
39556
39562
39562
39579
39583
39586
39586
39590
39590
39592
39600
39608
39616
39626
39630
39631
39634
39642
39644
39662
39674
39677
39677
39681
39682
39683
39686
39689
39690
39705
39708
39715
39717
39723
39728
39739
39739
39744
39753
39758
39759
39763
39763
39764
39765
39778
39780
39780
39789
39796
39796
39796
39809
39818
39818
39819
39819
39821
39829
39832
39832
39840
39842
39842
39845
39847
39858
39859
39860
39861
39866
39870
39873
39874
39875
39896
39897
39897
39903
39907
39910
39917
39925
39927
39929
39934
39937
39940
39946
39948
39951
39951
39955
39959
39962
39965
39973
39973
39977
39984
39985
39990
39990
40004
40005
40005
40005
40007
40010
40011
40012
40013
40015
40020
40022
40029
40032
40035
40037
40038
40044
40048
40050
40064
40064
40065
40070
40077
40077
40079
40080
40081
40085
40085
40094
40104
40104
40104
40107
40107
40115
40115
40117
40120
40121
40123
40127
40135
40148
40150
40153
40159
40160
40166
40175
40179
40181
40185
40185
40188
40188
40189
40191
40192
40193
40193
40196
40199
40199
40200
40207
40209
40211
40212
40214
40215
40215
40217
40235
40236
40238
40243
40245
40258
40267
40270
40272
40273
40274
40280
40287
40293
40302
40302
40304
40306
40308
40308
40317
40317
40318
40329
40330
40331
40336
40337
40347
40354
40355
40362
40364
40367
40369
40370
40390
40394
40394
40401
40403
40421
40440
40440
40449
40451
40453
40454
40464
40466
40466
40473
40475
40478
40490
40509
40518
40523
40523
40523
40527
40546
40548
40548
40552
40559
40565
40569
40569
40571
40574
40581
40597
40599
40603
40603
40608
40610
40615
40617
40627
40633
40639
40646
40647
40655
40660
40662
40675
40698
40698
40699
40706
40710
40722
40722
40723
40729
40730
40735
40736
40739
40739
40745
40755
40758
40761
40762
40762
40764
40765
40772
40774
40783
40784
40806
40809
40811
40815
40823
40825
40829
40834
40835
40841
40844
40851
40857
40864
40874
40879
40881
40882
40889
40890
40898
40912
40927
40931
40942
40947
40952
40963
40967
40971
40978
40984
41012
41033
41034
41041
41049
41058
41060
41076
41083
41086
41098
41100
41114
41119
41127
41143
41149
41155
41159
41172
41175
41180
41198
41203
41223
41231
41232
41244
41267
41286
41286
41307
41321
41323
41325
41335
41339
41341
41343
41366
41393
41397
41400
41415
41416
41417
41419
41429
41434
41442
41442
41443
41464
41465
41467
41469
41475
41481
41487
41487
41496
41506
41507
41507
41509
41510
41516
41526
41532
41536
41536
41541
41547
41549
41557
41561
41583
41597
41598
41598
41602
41607
41623
41623
41624
41643
41644
41647
41653
41654
41657
41670
41679
41685
41687
41688
41699
41701
41707
41721
41723
41725
41729
41736
41736
41737
41738
41746
41750
41764
41774
41775
41778
41789
41792
41797
41814
41844
41853
41855
41858
41858
41863
41865
41865
41866
41874
41880
41886
41897
41908
41913
41915
41916
41919
41919
41932
41942
41949
41951
41957
41958
41959
41960
41964
41967
41969
41971
41977
41982
41991
41991
41993
42001
42003
42007
42013
42013
42040
42057
42058
42061
42076
42078
42078
42087
42089
42094
42096
42109
42114
42124
42126
42130
42135
42136
42136
42145
42158
42161
42167
42171
42173
42180
42187
42188
42189
42189
42190
42200
42207
42223
42223
42224
42225
42228
42234
42235
42252
42255
42257
42271
42272
42273
42274
42275
42281
42292
42296
42298
42300
42302
42305
42306
42309
42315
42316
42320
42323
42325
42326
42333
42335
42336
42338
42341
42354
42363
42364
42371
42371
42373
42383
42389
42391
42393
42395
42398
42400
42412
42417
42422
42423
42426
42429
42436
42446
42450
42451
42456
42457
42458
42466
42471
42474
42478
42488
42490
42496
42498
42500
42504
42504
42505
42505
42506
42507
42508
42511
42518
42520
42523
42526
42553
42553
42563
42565
42572
42573
42580
42586
42586
42596
42599
42600
42602
42604
42608
42612
42617
42617
42619
42620
42622
42624
42631
42633
42662
42665
42668
42673
42674
42682
42682
42686
42693
42694
42710
42715
42716
42725
42728
42731
42735
42743
42748
42748
42751
42753
42754
42757
42759
42761
42763
42772
42773
42774
42778
42785
42786
42798
42806
42807
42811
42818
42822
42840
42844
42856
42858
42860
42862
42867
42868
42871
42888
42896
42902
42911
42913
42918
42919
42922
42934
42934
42936
42937
42945
42955
42960
42969
42971
42976
42979
42986
42996
42997
43010
43015
43016
43044
43045
43051
43059
43060
43066
43077
43091
43094
43113
43115
43124
43125
43141
43148
43150
43150
43152
43181
43184
43184
43185
43193
43204
43219
43225
43230
43259
43267
43274
43281
43296
43303
43324
43334
43337
43348
43365
43367
43383
43388
43410
43425
43428
43444
43447
43450
43453
43468
43479
43510
43532
43544
43555
43578
43581
43601
43632
43673
43684
43718
43761
43811
43858
43864
43882
43899
43950
44013
44095
44099
44102
44179
44227
44254
44265
44322
44351
44389
44412
44415
44464
44526
44551
44551
44579
44666
44714
44734
44940
44944
45052
45134
45167
45322
45519
45614
45656
45818
45828
45846
45886
45912
45932
46601
46698
46895
46905
46911
46980
47399
47732
47972
49010
50104
50841
53063
53877
55657
