3227
3287
3299
3380
3389
3391
3402
3402
3409
3410
3418
3425
3446
3447
3448
3455
3457
3457
3468
3469
3475
3475
3475
3488
3502
3507
3513
3518
3529
3532
3532
3532
3533
3534
3542
3545
3551
3557
3559
3560
3563
3572
3577
3577
3578
3581
3582
3585
3585
3586
3588
3590
3593
3597
3597
3600
3601
3602
3604
3608
3612
3612
3625
3625
3626
3629
3629
3630
3636
3638
3640
3647
3648
3650
3650
3653
3654
3655
3657
3658
3665
3669
3670
3671
3676
3679
3679
3685
3687
3692
3695
3696
3699
3701
3703
3706
3708
3711
3714
3719
3723
3724
3726
3731
3733
3744
3752
3754
3756
3759
3762
3762
3765
3768
3772
3773
3775
3776
3778
3780
3783
3792
3793
3805
3809
3810
3813
3814
3814
3820
3823
3823
3824
3824
3824
3827
3828
3832
3835
3837
3838
3839
3841
3844
3845
3845
3847
3847
3848
3848
3853
3856
3858
3859
3859
3860
3860
3861
3870
3875
3880
3887
3893
3898
3899
3903
3913
3916
3916
3927
3927
3928
3934
3937
3941
3946
3947
3958
3970
3972
3976
3979
3980
3980
3982
3995
4008
4011
4015
4026
4031
4049
4050
4073
4080
4089
4091
4097
4103
4131
4134
4143
4159
4159
4165
4165
4166
4166
4174
4177
4179
4184
4186
4192
4196
4197
4206
4209
4209
4209
4209
4212
4213
4213
4215
4219
4219
4227
4233
4239
4239
4241
4243
4246
4247
4249
4255
4258
4259
4260
4261
4264
4265
4269
4275
4278
4280
4281
4282
4284
4285
4291
4295
4299
4311
4311
4315
4316
4319
4319
4323
4325
4328
4334
4335
4338
4347
4349
4354
4354
4355
4357
4375
4382
4382
4383
4386
4388
4390
4402
4412
4413
4414
4415
4415
4426
4427
4441
4446
4447
4461
4461
4470
4472
4475
4477
4479
4483
4486
4488
4491
4497
4499
4500
4501
4505
4506
4511
4511
4517
4530
4533
4534
4541
4544
4550
4551
4552
4552
4553
4555
4555
4561
4565
4568
4568
4574
4575
4575
4579
4581
4582
4585
4588
4591
4592
4597
4600
4601
4602
4603
4604
4604
4605
4605
4606
4611
4616
4617
4617
4618
4621
4624
4624
4627
4629
4632
4633
4634
4634
4636
4637
4637
4638
4645
4645
4646
4647
4651
4652
4660
4661
4661
4667
4668
4669
4670
4670
4672
4673
4677
4678
4682
4686
4687
4688
4689
4690
4691
4692
4692
4703
4704
4704
4706
4709
4709
4709
4710
4710
4711
4713
4718
4719
4723
4724
4726
4728
4728
4729
4732
4734
4737
4740
4744
4746
4746
4747
4750
4752
4754
4754
4759
4768
4773
4778
4778
4778
4779
4780
4782
4783
4783
4783
4784
4788
4789
4790
4792
4793
4796
4797
4802
4804
4807
4807
4807
4809
4812
4812
4813
4816
4818
4819
4826
4827
4829
4830
4830
4833
4837
4839
4841
4845
4848
4848
4849
4851
4852
4858
4859
4860
4860
4864
4865
4865
4865
4865
4866
4866
4870
4872
4874
4876
4876
4877
4877
4879
4881
4889
4891
4893
4893
4894
4898
4898
4900
4901
4901
4903
4903
4903
4906
4912
4912
4913
4918
4925
4926
4927
4927
4927
4930
4930
4932
4936
4937
4939
4944
4944
4946
4950
4952
4953
4954
4957
4958
4958
4963
4964
4964
4964
4966
4966
4969
4969
4969
4970
4970
4971
4972
4974
4975
4976
4976
4977
4981
4982
4984
4984
4986
4992
4996
4997
4997
4998
4998
4999
5001
5002
5002
5002
5005
5007
5010
5010
5014
5014
5015
5016
5018
5019
5020
5020
5021
5024
5024
5025
5026
5028
5029
5030
5030
5034
5036
5037
5038
5039
5043
5043
5049
5049
5051
5052
5053
5055
5055
5055
5057
5057
5057
5059
5059
5064
5064
5068
5069
5069
5069
5071
5072
5073
5076
5076
5077
5078
5079
5083
5085
5086
5092
5098
5103
5104
5105
5105
5106
5108
5108
5108
5108
5110
5110
5112
5113
5115
5116
5118
5118
5119
5120
5122
5123
5124
5124
5124
5125
5126
5126
5127
5130
5133
5137
5138
5142
5142
5146
5147
5147
5148
5148
5150
5152
5153
5156
5158
5158
5160
5160
5160
5164
5166
5167
5168
5171
5174
5175
5176
5176
5178
5178
5182
5183
5185
5186
5187
5187
5188
5194
5200
5202
5203
5205
5205
5206
5206
5208
5209
5210
5210
5211
5213
5214
5215
5216
5216
5218
5219
5220
5221
5224
5225
5227
5233
5234
5234
5235
5235
5244
5247
5251
5254
5257
5259
5259
5259
5260
5264
5265
5267
5271
5271
5272
5276
5277
5277
5278
5279
5281
5282
5287
5292
5293
5294
5294
5297
5300
5302
5302
5304
5305
5305
5308
5309
5310
5311
5311
5312
5314
5315
5315
5316
5316
5318
5321
5321
5323
5324
5324
5325
5330
5330
5332
5333
5337
5337
5341
5342
5346
5347
5347
5348
5349
5350
5353
5355
5357
5358
5359
5360
5361
5365
5374
5375
5382
5382
5382
5383
5384
5384
5385
5386
5388
5389
5393
5394
5397
5400
5405
5408
5408
5409
5412
5413
5414
5421
5421
5425
5425
5428
5429
5430
5435
5436
5437
5438
5438
5441
5442
5443
5445
5445
5449
5451
5451
5452
5459
5460
5463
5465
5466
5470
5470
5473
5475
5475
5480
5481
5482
5484
5484
5490
5492
5493
5496
5497
5497
5504
5508
5510
5511
5512
5513
5514
5516
5516
5517
5517
5519
5524
5528
5531
5531
5534
5536
5538
5538
5538
5543
5545
5548
5552
5558
5560
5560
5563
5567
5568
5569
5574
5577
5579
5584
5587
5590
5599
5603
5604
5607
5608
5609
5611
5617
5619
5624
5626
5629
5630
5632
5633
5639
5640
5641
5642
5647
5655
5658
5663
5665
5672
5675
5680
5682
5686
5687
5689
5691
5693
5698
5702
5702
5704
5706
5707
5707
5718
5718
5719
5721
5721
5722
5732
5734
5737
5745
5750
5750
5759
5760
5764
5770
5771
5779
5780
5784
5809
5810
5818
5826
5833
5836
5841
5842
5843
5851
5852
5856
5876
5888
5891
5897
5907
5927
5929
5949
5951
5960
5991
6014
6047
6074
6078
6082
6089
6110
6112
6197
6200
6307
6310
6341
6403
6549
6754
6818
6908
6919
7184
8331
12726
