58358
58684
58738
58764
58857
58880
58884
58885
58972
59069
59076
59147
59152
59156
59162
59177
59218
59233
59276
59284
59297
59328
59329
59335
59347
59347
59355
59358
59360
59371
59392
59400
59402
59420
59421
59434
59435
59437
59444
59446
59465
59472
59494
59507
59510
59511
59520
59523
59528
59534
59537
59538
59550
59557
59574
59576
59608
59623
59625
59636
59643
59645
59648
59657
59678
59685
59691
59691
59695
59696
59698
59699
59702
59714
59724
59727
59729
59739
59746
59766
59766
59772
59775
59787
59793
59799
59801
59802
59804
59807
59819
59822
59830
59839
59847
59848
59858
59860
59862
59867
59868
59879
59894
59900
59911
59913
59923
59927
59939
59940
59943
59944
59944
59962
59971
59973
59973
59984
59991
59993
60000
60002
60009
60017
60029
60030
60037
60040
60057
60065
60066
60074
60091
60094
60103
60105
60108
60108
60111
60120
60124
60130
60135
60147
60150
60151
60158
60159
60162
60163
60175
60177
60177
60180
60185
60193
60205
60209
60215
60217
60219
60219
60226
60229
60231
60232
60252
60255
60255
60256
60278
60281
60284
60285
60287
60288
60288
60290
60293
60294
60300
60304
60304
60309
60313
60315
60315
60333
60339
60339
60349
60352
60352
60364
60372
60377
60387
60388
60390
60406
60410
60414
60418
60421
60422
60423
60424
60441
60444
60448
60450
60452
60454
60466
60472
60476
60481
60496
60514
60520
60524
60530
60532
60537
60538
60539
60546
60555
60555
60556
60574
60576
60578
60581
60582
60583
60586
60594
60597
60597
60600
60601
60613
60614
60618
60618
60619
60622
60627
60627
60630
60636
60636
60646
60654
60658
60666
60675
60680
60696
60698
60700
60702
60703
60706
60707
60708
60719
60723
60725
60727
60729
60734
60736
60746
60746
60747
60747
60753
60753
60760
60764
60764
60765
60766
60769
60770
60773
60775
60775
60775
60777
60793
60796
60797
60799
60800
60802
60833
60840
60849
60853
60856
60864
60866
60866
60869
60871
60874
60874
60876
60881
60881
60886
60894
60895
60896
60897
60900
60903
60904
60913
60913
60918
60922
60928
60933
60937
60939
60942
60944
60945
60946
60952
60960
60962
60983
60985
60986
60988
60996
61002
61004
61007
61011
61013
61018
61018
61025
61028
61028
61037
61038
61049
61051
61051
61053
61053
61062
61064
61066
61067
61070
61071
61074
61075
61076
61077
61089
61092
61092
61094
61095
61096
61097
61099
61100
61101
61109
61114
61120
61120
61120
61124
61126
61133
61135
61137
61138
61141
61143
61144
61145
61146
61147
61151
61153
61158
61160
61165
61168
61172
61179
61183
61184
61185
61195
61207
61223
61226
61227
61227
61227
61232
61235
61236
61242
61249
61257
61259
61262
61263
61268
61277
61282
61285
61289
61296
61300
61302
61304
61309
61313
61323
61329
61335
61336
61338
61339
61342
61343
61347
61351
61351
61358
61358
61359
61363
61369
61371
61382
61383
61384
61385
61387
61398
61398
61399
61404
61406
61412
61415
61426
61427
61434
61434
61435
61436
61442
61443
61444
61447
61448
61448
61458
61462
61464
61466
61466
61468
61470
61472
61472
61476
61478
61484
61485
61489
61490
61491
61495
61497
61498
61506
61512
61514
61519
61524
61529
61531
61533
61535
61543
61559
61577
61590
61597
61599
61604
61610
61618
61619
61622
61636
61637
61641
61648
61650
61657
61659
61667
61669
61670
61671
61672
61673
61673
61687
61687
61693
61695
61696
61698
61699
61702
61706
61707
61711
61712
61717
61719
61722
61728
61733
61735
61749
61750
61753
61757
61757
61761
61761
61764
61771
61771
61774
61775
61777
61782
61794
61799
61801
61812
61818
61832
61832
61838
61838
61845
61851
61853
61861
61873
61876
61877
61881
61881
61883
61893
61899
61902
61908
61909
61911
61919
61928
61933
61939
61956
61972
61974
61988
61993
61994
62005
62014
62017
62027
62033
62036
62041
62062
62069
62070
62075
62078
62078
62085
62097
62105
62106
62114
62119
62120
62121
62127
62131
62140
62156
62159
62169
62176
62176
62182
62187
62187
62192
62202
62208
62222
62222
62227
62233
62241
62250
62263
62265
62266
62268
62289
62297
62300
62305
62323
62338
62343
62350
62352
62355
62361
62367
62368
62381
62387
62388
62391
62393
62418
62423
62424
62452
62454
62455
62461
62473
62473
62474
62477
62477
62483
62486
62499
62503
62506
62536
62557
62567
62570
62574
62575
62582
62587
62590
62591
62614
62620
62621
62625
62633
62633
62634
62634
62639
62640
62640
62642
62643
62645
62652
62653
62664
62672
62679
62681
62682
62697
62713
62727
62728
62746
62749
62753
62756
62779
62780
62781
62783
62797
62799
62804
62815
62835
62845
62847
62848
62871
62871
62877
62888
62897
62899
62927
62950
62954
62956
62960
62961
62973
62979
62986
62988
62989
62989
62997
62999
63000
63002
63002
63012
63025
63033
63035
63053
63056
63074
63077
63087
63089
63090
63090
63098
63102
63136
63154
63158
63160
63160
63163
63163
63170
63172
63177
63184
63188
63193
63205
63216
63231
63231
63234
63252
63267
63271
63278
63278
63283
63295
63297
63325
63330
63335
63337
63358
63361
63380
63387
63392
63394
63397
63398
63423
63425
63432
63449
63471
63484
63490
63492
63499
63499
63505
63507
63508
63515
63523
63528
63556
63560
63560
63561
63580
63580
63586
63600
63602
63623
63640
63641
63652
63655
63665
63669
63672
63678
63689
63695
63699
63703
63729
63743
63745
63780
63815
63837
63879
63894
63895
63915
63919
63925
63930
63937
63946
63962
63977
63992
64010
64023
64056
64061
64079
64082
64088
64120
64129
64134
64147
64153
64164
64190
64202
64207
64213
64219
64236
64242
64264
64265
64270
64290
64294
64297
64301
64315
64343
64348
64401
64405
64412
64481
64485
64510
64525
64553
64556
64562
64622
64624
64627
64640
64641
64649
64650
64677
64698
64717
64723
64736
64738
64750
64755
64772
64774
64843
64859
64863
64871
64902
64921
64986
64998
65024
65045
65059
65081
65119
65138
65162
65170
65172
65220
65233
65235
65266
65286
65286
65294
65347
65393
65410
65416
65436
65439
65481
65491
65503
65507
65526
65550
65556
65598
65603
65687
65694
65725
65727
65727
65773
65852
65863
65872
66062
66104
66139
66209
66273
66405
66477
66550
66566
66646
66755
66810
66845
66921
66979
67000
67020
67051
67068
67130
67351
67491
67613
67852
67856
67875
67892
68064
68342
68670
68843
69000
71364
72457
72580
73306
74349
74936
86913
