108824
108838
108940
109073
109300
109375
109404
109405
109418
109615
109676
109678
109692
109724
109760
109768
109819
109850
109868
109885
109902
109943
109954
109991
109995
110002
110012
110044
110065
110066
110121
110141
110186
110194
110201
110259
110403
110407
110429
110449
110463
110481
110489
110500
110507
110524
110554
110578
110586
110593
110600
110621
110628
110629
110635
110643
110646
110662
110680
110683
110693
110694
110731
110736
110748
110777
110813
110825
110830
110836
110842
110862
110868
110907
110909
110943
110968
110995
111006
111012
111019
111063
111085
111105
111151
111153
111154
111168
111220
111223
111224
111233
111240
111275
111290
111305
111308
111319
111335
111347
111371
111466
111517
111537
111541
111543
111576
111639
111641
111646
111668
111697
111720
111731
111733
111734
111740
111744
111770
111786
111796
111813
111836
111877
111906
111917
111924
111954
112000
112020
112034
112058
112074
112075
112094
112098
112099
112104
112105
112155
112183
112256
112271
112277
112302
112302
112312
112318
112361
112382
112392
112407
112418
112491
112497
112525
112528
112532
112546
112559
112581
112647
112650
112666
112667
112667
112685
112710
112728
112742
112787
112816
112818
112823
112830
112840
112846
112854
112860
112860
112897
112925
112964
112984
112984
112993
113000
113000
113027
113030
113044
113056
113060
113082
113086
113086
113094
113123
113128
113137
113191
113197
113211
113217
113225
113226
113233
113240
113245
113249
113253
113257
113257
113258
113275
113283
113286
113297
113304
113315
113317
113328
113339
113351
113351
113365
113378
113394
113396
113404
113425
113427
113464
113465
113498
113534
113553
113563
113572
113596
113603
113611
113619
113659
113665
113673
113692
113712
113715
113719
113738
113742
113763
113802
113806
113823
113839
113845
113864
113869
113901
113908
113908
113918
113939
113941
113991
114005
114008
114010
114014
114014
114015
114015
114019
114028
114037
114057
114078
114086
114088
114097
114099
114132
114139
114146
114165
114204
114206
114226
114240
114253
114257
114258
114267
114269
114277
114279
114279
114281
114296
114317
114323
114333
114343
114347
114383
114384
114385
114402
114471
114482
114500
114507
114516
114535
114559
114562
114563
114572
114575
114640
114663
114678
114691
114699
114727
114733
114753
114764
114774
114794
114859
114864
114880
114887
114891
114903
114923
114955
114960
114969
115011
115018
115025
115032
115037
115049
115117
115133
115146
115153
115163
115167
115179
115181
115221
115237
115238
115262
115262
115284
115314
115321
115340
115342
115345
115346
115359
115376
115399
115399
115408
115421
115423
115432
115504
115509
115513
115554
115559
115590
115602
115606
115669
115702
115718
115720
115765
115793
115794
115801
115839
115857
115893
115909
115911
115928
115929
115934
115940
115948
115970
116015
116030
116096
116101
116101
116114
116127
116186
116187
116189
116213
116272
116302
116335
116347
116348
116356
116382
116410
116424
116431
116433
116441
116467
116468
116469
116478
116494
116525
116554
116611
116627
116631
116638
116647
116673
116680
116689
116697
116713
116751
116771
116776
116780
116785
116790
116814
116814
116823
116825
116826
116826
116827
116876
116904
116910
116911
116943
116953
116958
116960
116986
116988
117002
117004
117004
117005
117017
117018
117019
117022
117035
117044
117056
117065
117073
117076
117104
117118
117121
117142
117148
117150
117159
117163
117186
117198
117210
117221
117229
117232
117246
117250
117254
117254
117263
117310
117314
117323
117368
117377
117377
117379
117392
117395
117401
117401
117407
117410
117411
117415
117416
117423
117425
117436
117440
117452
117456
117463
117464
117465
117468
117468
117475
117483
117491
117500
117501
117505
117508
117513
117526
117546
117547
117553
117555
117556
117556
117559
117562
117563
117598
117613
117630
117652
117659
117668
117669
117670
117678
117691
117697
117727
117741
117744
117753
117761
117767
117772
117787
117788
117809
117822
117848
117871
117877
117883
117891
117891
117905
117935
117938
117958
117958
117964
117972
117973
117976
117993
118001
118002
118004
118008
118015
118019
118043
118043
118047
118063
118099
118125
118165
118185
118194
118196
118200
118219
118221
118223
118243
118257
118259
118263
118271
118273
118282
118290
118305
118314
118320
118322
118324
118356
118360
118363
118380
118419
118454
118454
118458
118459
118504
118517
118518
118519
118533
118545
118584
118606
118622
118624
118639
118645
118660
118677
118700
118702
118730
118732
118737
118788
118789
118791
118793
118808
118809
118834
118842
118846
118860
118891
118936
118947
118959
118972
119001
119010
119021
119035
119055
119062
119072
119074
119084
119085
119088
119112
119135
119172
119201
119203
119204
119219
119226
119234
119245
119247
119251
119258
119267
119282
119299
119337
119361
119370
119373
119394
119398
119414
119416
119431
119448
119461
119467
119479
119483
119501
119516
119520
119523
119555
119576
119577
119590
119597
119598
119640
119677
119710
119724
119733
119740
119745
119767
119778
119806
119807
119830
119843
119850
119860
119866
119879
119897
119900
119901
119908
119909
119917
119918
119924
119961
119990
120003
120019
120024
120038
120059
120064
120068
120080
120091
120119
120122
120139
120143
120144
120145
120150
120155
120156
120170
120181
120191
120196
120201
120202
120205
120222
120229
120232
120243
120251
120266
120275
120311
120312
120314
120324
120327
120327
120333
120333
120354
120412
120427
120441
120465
120468
120476
120513
120515
120518
120522
120523
120545
120545
120559
120572
120579
120581
120604
120613
120653
120662
120711
120722
120733
120750
120761
120772
120789
120794
120815
120824
120824
120836
120836
120845
120852
120857
120881
120906
120909
120942
120957
120960
120982
120984
120996
121004
121040
121059
121060
121100
121110
121117
121138
121145
121163
121188
121196
121273
121286
121378
121399
121431
121526
121529
121554
121576
121602
121632
121653
121660
121669
121688
121737
121749
121757
121765
121805
121870
121888
121890
121894
121897
121915
121939
121940
121944
121976
121984
121994
122032
122036
122045
122071
122084
122111
122135
122144
122162
122166
122176
122186
122196
122199
122259
122295
122334
122359
122361
122366
122380
122382
122384
122416
122432
122449
122497
122531
122547
122548
122570
122570
122578
122597
122604
122620
122685
122701
122713
122760
122763
122822
122836
122868
122883
123040
123048
123083
123090
123118
123164
123213
123282
123306
123311
123356
123357
123423
123538
123592
123630
123650
123650
123689
123744
123800
123806
123831
123856
123942
123968
124000
124117
124147
124167
124182
124223
124224
124267
124281
124416
124448
124745
124754
125041
125064
125182
125207
125229
125240
125246
125318
125567
125625
125798
125820
125900
125909
126054
126106
126172
126194
126241
126263
126288
126610
126743
126968
127069
127182
127214
127450
127611
127930
129380
129539
131928
132894
141679
142949
144126
144494
144655
144695
145563
145976
146081
146781
146814
146931
148027
148356
153137
