37750
37937
38152
38437
38663
38761
38797
38823
38990
39012
39023
39105
39167
39262
39262
39268
39340
39395
39411
39434
39472
39502
39518
39532
39569
39570
39583
39604
39628
39630
39641
39645
39678
39711
39717
39727
39772
39838
39854
39896
39917
39944
39965
39979
39996
40001
40032
40037
40038
40044
40059
40086
40093
40115
40120
40186
40189
40195
40202
40206
40239
40240
40242
40247
40249
40251
40265
40265
40281
40286
40288
40297
40329
40333
40336
40343
40352
40363
40370
40381
40398
40398
40409
40411
40413
40451
40453
40461
40492
40494
40495
40514
40534
40561
40566
40578
40581
40588
40598
40604
40604
40618
40618
40624
40629
40651
40662
40668
40679
40705
40708
40722
40731
40774
40789
40792
40801
40843
40844
40844
40854
40856
40869
40889
40892
40902
40902
40911
40914
40916
40925
40931
40933
40934
40939
40941
40941
40957
40961
40964
41000
41004
41009
41010
41018
41020
41020
41024
41048
41059
41066
41071
41088
41109
41113
41114
41137
41150
41157
41161
41161
41175
41210
41221
41223
41235
41236
41236
41237
41242
41245
41253
41254
41259
41262
41282
41284
41290
41297
41300
41301
41319
41320
41322
41323
41330
41348
41349
41354
41355
41359
41359
41369
41372
41374
41375
41381
41384
41390
41395
41401
41402
41403
41409
41411
41419
41420
41424
41429
41438
41442
41458
41460
41462
41462
41462
41474
41475
41480
41493
41498
41502
41507
41507
41515
41522
41523
41526
41528
41534
41538
41547
41548
41551
41551
41555
41569
41577
41577
41577
41579
41582
41584
41589
41590
41601
41605
41606
41610
41626
41633
41642
41642
41645
41647
41650
41650
41651
41657
41662
41668
41668
41681
41683
41694
41696
41697
41699
41708
41711
41712
41717
41717
41726
41728
41731
41745
41747
41750
41753
41754
41766
41769
41781
41783
41783
41793
41798
41802
41804
41806
41808
41813
41813
41820
41820
41822
41825
41831
41836
41838
41841
41841
41845
41845
41849
41857
41859
41870
41876
41884
41886
41889
41889
41891
41893
41896
41897
41900
41908
41919
41920
41932
41939
41945
41955
41958
41959
41960
41961
41965
41973
41976
41977
41978
41978
41981
41987
41991
41999
42004
42009
42011
42012
42030
42031
42047
42049
42053
42060
42065
42067
42071
42073
42074
42080
42081
42082
42082
42082
42085
42098
42098
42103
42106
42110
42122
42124
42133
42157
42159
42159
42160
42168
42169
42170
42171
42174
42180
42184
42187
42188
42190
42195
42195
42198
42199
42200
42204
42214
42220
42222
42232
42236
42246
42247
42252
42258
42263
42271
42277
42282
42284
42291
42291
42298
42305
42305
42319
42324
42331
42332
42338
42349
42350
42351
42353
42356
42358
42358
42372
42386
42388
42389
42390
42399
42400
42411
42420
42427
42434
42440
42442
42443
42447
42450
42462
42467
42469
42475
42480
42488
42494
42528
42541
42556
42557
42576
42581
42586
42586
42587
42595
42597
42600
42600
42602
42607
42608
42609
42611
42612
42613
42613
42615
42619
42620
42620
42621
42621
42625
42628
42634
42638
42638
42641
42642
42646
42655
42660
42661
42672
42675
42683
42690
42694
42698
42700
42706
42709
42714
42721
42721
42727
42729
42732
42738
42745
42760
42764
42764
42772
42773
42782
42783
42788
42802
42803
42816
42834
42836
42840
42847
42849
42850
42853
42853
42865
42875
42876
42888
42891
42895
42903
42908
42910
42910
42912
42916
42925
42933
42939
42939
42942
42948
42952
42959
42959
42968
42969
42974
42976
42976
42977
42980
42988
42996
42997
43014
43021
43034
43035
43039
43040
43042
43056
43066
43068
43075
43083
43101
43105
43115
43125
43140
43143
43143
43143
43153
43156
43162
43162
43171
43175
43179
43184
43188
43188
43190
43191
43213
43214
43215
43218
43221
43225
43230
43233
43239
43240
43248
43248
43250
43255
43257
43258
43261
43266
43277
43289
43293
43294
43304
43310
43311
43315
43317
43321
43322
43326
43331
43332
43337
43360
43367
43369
43371
43378
43385
43387
43390
43402
43408
43408
43416
43425
43427
43432
43441
43443
43457
43459
43460
43471
43471
43475
43478
43493
43494
43498
43512
43519
43526
43530
43533
43534
43536
43544
43550
43553
43555
43567
43571
43573
43590
43603
43604
43609
43616
43620
43625
43630
43632
43634
43639
43656
43657
43663
43664
43666
43668
43671
43672
43673
43674
43677
43686
43688
43692
43695
43717
43721
43723
43727
43727
43748
43748
43753
43755
43766
43768
43782
43784
43795
43801
43802
43803
43810
43817
43822
43823
43824
43831
43831
43833
43834
43837
43839
43840
43841
43844
43848
43856
43861
43866
43880
43880
43882
43884
43889
43921
43921
43930
43931
43950
43968
43974
43980
43999
44008
44011
44011
44014
44016
44020
44021
44030
44031
44046
44049
44051
44058
44066
44082
44083
44092
44116
44120
44120
44122
44123
44126
44133
44135
44143
44147
44156
44161
44163
44164
44187
44195
44203
44205
44211
44227
44232
44247
44256
44267
44268
44270
44272
44274
44277
44278
44280
44281
44287
44298
44300
44302
44339
44340
44348
44348
44379
44402
44403
44423
44431
44448
44466
44476
44480
44488
44493
44505
44508
44510
44511
44514
44515
44517
44524
44549
44553
44563
44585
44590
44590
44605
44616
44623
44630
44650
44660
44677
44683
44699
44706
44707
44711
44723
44731
44748
44754
44772
44785
44794
44795
44805
44807
44807
44816
44822
44838
44846
44853
44863
44866
44869
44870
44872
44894
44897
44907
44915
44940
44943
44949
44949
44955
44959
44964
44966
44969
44975
44989
45001
45023
45089
45116
45122
45132
45135
45152
45169
45173
45239
45246
45253
45270
45273
45304
45336
45343
45344
45355
45387
45387
45395
45401
45403
45414
45452
45465
45512
45512
45516
45547
45548
45562
45610
45612
45626
45632
45652
45662
45671
45690
45705
45706
45739
45748
45759
45762
45764
45795
45821
45822
45823
45854
45869
45873
45892
45908
45959
46020
46032
46070
46135
46146
46163
46165
46168
46171
46189
46290
46313
46331
46353
46470
46493
46510
46535
46566
46580
46587
46620
46644
46717
46718
46803
46811
46834
46834
46846
46855
46889
46900
46934
46951
46964
47020
47044
47101
47118
47245
47264
47282
47308
47344
47351
47390
47411
47442
47514
47565
47643
47654
47658
47730
47830
47939
48001
48119
48142
48256
48304
48354
48417
48785
48873
49032
49161
49307
49460
49534
49953
50211
50331
51147
51603
51692
52633
54416
54524
54941
56009
