6607
6658
6790
6860
6866
6899
6903
6911
6918
6926
6956
6963
6965
6982
7003
7006
7015
7024
7053
7064
7065
7073
7078
7084
7089
7099
7111
7124
7161
7169
7170
7173
7178
7183
7185
7196
7233
7245
7271
7311
7322
7342
7357
7403
7415
7420
7426
7518
7521
7524
7534
7573
7594
7594
7708
7712
7713
7734
7789
7798
7806
7811
7812
7866
7873
7887
7891
7898
7909
7911
7958
7965
7970
7976
7980
8037
8109
8111
8113
8127
8133
8133
8152
8160
8179
8225
8238
8312
8319
8328
8343
8348
8367
8389
8424
8424
8438
8467
8494
8532
8544
8548
8567
8591
8716
8759
8769
8814
8814
8820
8863
8882
8893
8921
8925
8935
8951
8968
9044
9082
9114
9121
9125
9140
9148
9168
9188
9192
9198
9200
9203
9226
9255
9261
9290
9295
9308
9355
9358
9390
9419
9429
9435
9476
9478
9483
9533
9545
9567
9572
9582
9584
9598
9601
9631
9663
9670
9685
9685
9685
9701
9710
9713
9714
9723
9754
9761
9775
9784
9804
9804
9830
9834
9842
9844
9853
9858
9868
9879
9886
9892
9893
9899
9908
9908
9910
9936
9937
9964
9971
9972
9976
9978
10016
10020
10033
10037
10065
10069
10076
10076
10077
10077
10085
10094
10116
10120
10122
10127
10137
10138
10148
10153
10173
10173
10176
10184
10187
10191
10192
10196
10203
10204
10214
10219
10220
10239
10249
10251
10253
10261
10268
10285
10299
10319
10328
10341
10341
10344
10347
10350
10353
10354
10367
10370
10373
10382
10387
10392
10400
10411
10411
10418
10420
10424
10424
10435
10436
10447
10448
10450
10459
10461
10476
10492
10505
10508
10509
10515
10520
10521
10542
10542
10542
10549
10558
10561
10562
10568
10572
10576
10583
10588
10589
10590
10602
10609
10610
10618
10618
10621
10623
10634
10639
10659
10661
10664
10666
10674
10675
10682
10684
10687
10689
10696
10696
10700
10700
10700
10701
10709
10710
10714
10715
10730
10738
10747
10749
10751
10751
10765
10765
10767
10786
10809
10829
10832
10834
10851
10855
10855
10856
10857
10858
10863
10879
10879
10886
10886
10889
10891
10892
10899
10899
10905
10905
10915
10918
10925
10942
10943
10943
10952
10966
10970
10971
10977
10994
11008
11011
11017
11021
11021
11025
11035
11039
11039
11043
11044
11047
11061
11068
11068
11077
11082
11083
11087
11095
11101
11103
11114
11123
11123
11126
11137
11137
11141
11141
11146
11151
11158
11171
11174
11177
11183
11188
11188
11189
11199
11201
11206
11208
11222
11223
11230
11230
11231
11235
11239
11239
11241
11241
11253
11259
11260
11265
11269
11270
11270
11270
11275
11276
11279
11289
11290
11295
11297
11298
11302
11312
11320
11330
11333
11341
11364
11369
11378
11379
11383
11384
11385
11391
11392
11402
11410
11410
11413
11416
11418
11419
11421
11421
11427
11429
11431
11435
11435
11437
11437
11445
11445
11447
11450
11458
11460
11460
11462
11467
11467
11478
11482
11482
11483
11483
11484
11489
11489
11490
11501
11508
11511
11522
11525
11525
11537
11538
11542
11542
11546
11550
11552
11556
11572
11572
11578
11580
11591
11599
11610
11610
11611
11616
11616
11618
11620
11621
11622
11623
11633
11638
11639
11646
11655
11655
11664
11672
11683
11684
11685
11686
11687
11690
11692
11701
11703
11705
11710
11711
11721
11725
11728
11728
11729
11731
11731
11735
11739
11743
11743
11746
11747
11753
11756
11756
11757
11763
11764
11765
11780
11782
11785
11790
11795
11803
11812
11814
11817
11831
11838
11841
11850
11865
11865
11871
11871
11878
11879
11885
11886
11887
11896
11902
11914
11915
11928
11933
11937
11937
11939
11940
11940
11941
11942
11942
11943
11945
11951
11956
11959
11965
11965
11965
11974
11988
11994
12010
12012
12019
12034
12036
12037
12052
12056
12066
12066
12069
12084
12087
12101
12105
12106
12117
12135
12144
12145
12148
12148
12152
12153
12161
12163
12184
12187
12191
12195
12214
12215
12216
12223
12226
12226
12231
12233
12236
12237
12242
12243
12255
12260
12263
12265
12267
12270
12270
12274
12280
12280
12284
12285
12288
12288
12289
12289
12291
12294
12298
12309
12318
12321
12322
12328
12333
12334
12337
12339
12339
12341
12345
12359
12360
12363
12372
12379
12382
12387
12389
12393
12395
12402
12405
12408
12413
12431
12436
12463
12468
12470
12477
12481
12482
12482
12484
12489
12499
12500
12501
12506
12509
12509
12510
12512
12518
12527
12535
12538
12539
12542
12543
12546
12548
12551
12555
12556
12560
12562
12564
12565
12569
12579
12579
12587
12590
12591
12591
12593
12594
12602
12602
12603
12605
12605
12618
12619
12620
12621
12622
12625
12627
12628
12628
12633
12635
12641
12649
12659
12667
12667
12671
12676
12678
12678
12680
12687
12687
12695
12697
12699
12705
12719
12722
12726
12727
12731
12738
12738
12741
12744
12745
12748
12752
12756
12767
12768
12780
12780
12781
12788
12789
12791
12793
12799
12801
12811
12815
12819
12834
12864
12868
12877
12900
12904
12908
12909
12913
12913
12921
12925
12930
12937
12944
12946
12960
12968
12974
12975
12978
12983
12990
12999
13001
13005
13009
13013
13020
13026
13029
13032
13045
13054
13054
13057
13067
13079
13083
13090
13093
13101
13105
13117
13120
13125
13125
13137
13141
13143
13145
13163
13165
13174
13179
13182
13183
13185
13188
13188
13191
13195
13196
13198
13205
13208
13209
13229
13237
13246
13255
13265
13270
13280
13283
13286
13286
13291
13300
13300
13302
13302
13305
13317
13322
13322
13328
13329
13334
13341
13342
13351
13358
13364
13368
13376
13396
13404
13405
13405
13422
13434
13440
13443
13444
13457
13475
13481
13485
13485
13489
13491
13492
13496
13522
13525
13526
13528
13536
13538
13542
13546
13551
13555
13562
13563
13563
13568
13572
13576
13577
13579
13588
13590
13590
13594
13598
13607
13624
13629
13634
13668
13669
13672
13676
13679
13686
13697
13715
13718
13732
13742
13748
13752
13758
13780
13781
13788
13792
13819
13819
13820
13857
13863
13868
13880
13926
13926
13931
13932
13940
13948
13953
13966
13967
13972
13972
13973
13995
14017
14017
14021
14030
14043
14044
14052
14054
14056
14056
14071
14071
14075
14079
14116
14128
14170
14177
14180
14194
14218
14233
14309
14337
14363
14391
14447
14507
14524
14526
14625
14861
15045
15737
22024
23527
