18623
18875
18929
18973
19010
19070
19089
19116
19128
19157
19202
19203
19213
19217
19243
19276
19409
19531
19540
19590
19599
19605
19614
19664
19696
19708
19738
19764
19801
19818
19850
19860
19880
19899
19936
19939
19950
19956
19962
19986
19993
20000
20016
20042
20043
20044
20049
20068
20069
20075
20079
20096
20111
20114
20120
20123
20125
20131
20137
20140
20144
20149
20161
20167
20179
20190
20210
20221
20221
20225
20239
20244
20253
20255
20277
20277
20281
20304
20310
20318
20324
20325
20342
20365
20378
20381
20391
20396
20403
20413
20413
20428
20432
20436
20437
20441
20444
20458
20460
20462
20472
20473
20482
20489
20494
20498
20503
20504
20504
20535
20546
20550
20552
20558
20574
20591
20595
20601
20625
20627
20638
20641
20657
20661
20674
20680
20682
20684
20691
20692
20710
20714
20719
20727
20732
20737
20742
20744
20752
20758
20759
20764
20767
20768
20768
20779
20786
20796
20797
20800
20821
20830
20835
20836
20844
20852
20863
20868
20872
20878
20880
20881
20887
20890
20905
20921
20928
20934
20936
20936
20940
20952
20964
20967
20968
20975
20977
20977
20983
20985
20990
20998
21001
21011
21026
21031
21035
21035
21039
21040
21045
21057
21070
21072
21076
21091
21095
21098
21101
21105
21110
21111
21112
21112
21127
21143
21146
21152
21153
21158
21160
21160
21196
21200
21200
21201
21208
21212
21213
21214
21217
21224
21230
21231
21238
21242
21250
21255
21269
21270
21275
21277
21296
21301
21308
21310
21319
21333
21333
21336
21359
21360
21361
21362
21368
21373
21378
21381
21381
21382
21384
21390
21391
21406
21413
21415
21415
21420
21421
21421
21422
21428
21431
21432
21433
21434
21435
21447
21452
21453
21457
21459
21471
21472
21472
21477
21488
21489
21495
21497
21503
21514
21518
21519
21520
21533
21533
21535
21538
21540
21545
21548
21550
21557
21564
21569
21576
21577
21577
21584
21589
21591
21599
21604
21614
21617
21620
21624
21638
21639
21640
21642
21644
21661
21662
21668
21677
21680
21681
21696
21701
21706
21725
21728
21733
21734
21745
21749
21751
21763
21764
21774
21776
21777
21784
21785
21810
21813
21817
21826
21833
21833
21835
21839
21841
21843
21844
21845
21848
21849
21849
21853
21857
21869
21877
21886
21891
21899
21914
21915
21917
21925
21962
21962
21964
21977
21982
21983
21983
21993
22002
22005
22013
22013
22018
22019
22027
22027
22036
22040
22051
22058
22061
22064
22074
22084
22090
22091
22096
22106
22107
22119
22120
22124
22132
22140
22142
22144
22147
22157
22163
22169
22177
22178
22196
22202
22203
22210
22213
22225
22237
22240
22241
22244
22245
22248
22260
22266
22270
22271
22272
22273
22279
22280
22298
22303
22305
22313
22313
22314
22318
22319
22320
22322
22335
22336
22346
22353
22355
22359
22360
22362
22367
22369
22378
22401
22402
22404
22413
22433
22435
22436
22437
22438
22441
22442
22446
22457
22459
22461
22462
22462
22467
22473
22475
22478
22479
22487
22487
22488
22494
22497
22500
22509
22527
22551
22553
22573
22578
22590
22605
22605
22615
22619
22628
22629
22633
22640
22645
22653
22654
22666
22672
22673
22680
22683
22684
22689
22694
22700
22700
22701
22705
22707
22715
22723
22729
22729
22736
22737
22744
22755
22767
22774
22777
22782
22788
22796
22809
22813
22815
22817
22818
22818
22835
22836
22848
22864
22874
22874
22892
22893
22897
22899
22906
22912
22912
22927
22939
22941
22942
22942
22945
22955
22955
22963
22979
22980
22990
22999
23005
23009
23010
23012
23012
23013
23017
23018
23019
23020
23029
23035
23036
23044
23045
23056
23057
23058
23061
23064
23064
23075
23077
23091
23094
23099
23108
23114
23118
23119
23122
23132
23140
23141
23145
23150
23150
23151
23152
23154
23160
23169
23182
23184
23185
23186
23192
23202
23209
23214
23222
23226
23226
23227
23233
23234
23241
23241
23251
23260
23264
23264
23266
23266
23270
23271
23281
23304
23311
23312
23315
23317
23318
23321
23324
23325
23334
23352
23353
23360
23362
23370
23371
23373
23377
23387
23388
23388
23392
23394
23396
23401
23408
23417
23422
23426
23430
23444
23451
23458
23459
23460
23469
23470
23473
23477
23487
23487
23491
23492
23505
23507
23508
23517
23527
23541
23549
23552
23556
23557
23570
23579
23591
23600
23600
23607
23611
23618
23619
23620
23624
23625
23626
23630
23631
23632
23632
23635
23638
23638
23640
23640
23644
23645
23651
23656
23667
23670
23672
23672
23674
23679
23682
23685
23685
23689
23690
23698
23698
23701
23701
23705
23717
23720
23721
23729
23733
23733
23742
23745
23746
23751
23753
23760
23775
23784
23786
23792
23793
23807
23811
23814
23825
23828
23831
23832
23836
23837
23840
23842
23842
23845
23846
23864
23871
23872
23874
23877
23885
23886
23890
23892
23904
23905
23913
23920
23921
23937
23937
23938
23939
23944
23964
23964
23972
23975
23986
23987
23989
23996
23997
24007
24014
24016
24020
24020
24033
24036
24043
24048
24049
24057
24059
24065
24066
24068
24082
24086
24088
24090
24093
24093
24101
24102
24105
24111
24112
24114
24116
24117
24124
24133
24143
24143
24143
24145
24148
24148
24151
24155
24158
24165
24171
24172
24172
24173
24173
24174
24189
24195
24201
24202
24203
24205
24209
24217
24217
24222
24225
24239
24254
24264
24271
24272
24275
24280
24282
24295
24295
24301
24304
24337
24349
24352
24352
24357
24359
24363
24366
24368
24369
24388
24389
24389
24405
24409
24434
24444
24447
24457
24463
24473
24476
24476
24479
24489
24490
24492
24522
24539
24540
24547
24549
24550
24554
24558
24577
24579
24584
24586
24587
24589
24596
24604
24607
24620
24621
24623
24630
24631
24635
24640
24654
24662
24671
24678
24693
24697
24700
24704
24705
24707
24716
24742
24751
24753
24756
24784
24791
24803
24805
24807
24809
24838
24848
24860
24878
24878
24883
24904
24953
24960
24966
24971
24975
24985
24994
25039
25065
25087
25094
25099
25147
25152
25181
25183
25201
25232
25268
25280
25284
25307
25308
25328
25344
25358
25380
25385
25400
25431
25439
25474
25492
25502
25504
25505
25533
25572
25577
25582
25643
25681
25715
25748
25879
25905
25957
25978
26066
26094
26145
26191
26265
26291
26364
26396
26428
26437
26437
26465
26468
26579
26629
26717
26744
26781
26830
26852
26900
26975
27081
27250
27275
27336
27783
27822
27981
28491
29378
29902
