3461
3476
3492
3505
3524
3562
3563
3574
3584
3602
3619
3622
3622
3623
3624
3624
3631
3643
3645
3649
3651
3654
3655
3659
3662
3669
3671
3677
3684
3698
3699
3700
3722
3742
3743
3749
3769
3776
3777
3781
3800
3809
3813
3817
3819
3824
3826
3830
3830
3831
3837
3842
3844
3845
3856
3889
3891
3900
3925
3929
3936
3941
3951
3955
3964
3990
3992
3992
3995
4010
4011
4011
4012
4013
4022
4028
4032
4049
4060
4060
4066
4073
4076
4077
4078
4091
4094
4103
4104
4107
4120
4137
4138
4139
4142
4152
4153
4170
4177
4195
4196
4215
4236
4239
4239
4241
4243
4244
4248
4253
4258
4268
4269
4275
4276
4277
4286
4292
4299
4316
4333
4353
4366
4366
4368
4377
4388
4391
4408
4409
4411
4415
4430
4436
4437
4438
4442
4450
4455
4470
4472
4486
4492
4507
4510
4517
4519
4535
4537
4542
4545
4545
4553
4557
4559
4559
4562
4564
4566
4567
4575
4579
4580
4581
4585
4585
4602
4605
4605
4608
4615
4618
4627
4631
4643
4650
4654
4665
4673
4675
4676
4691
4693
4698
4700
4713
4714
4715
4718
4729
4737
4746
4758
4760
4768
4778
4780
4807
4809
4816
4818
4822
4823
4829
4831
4838
4843
4844
4846
4856
4859
4870
4874
4881
4885
4888
4889
4896
4898
4898
4904
4914
4917
4919
4932
4941
4942
4943
4944
4944
4951
4951
4953
4955
4955
4963
4971
4977
4982
4985
4987
4990
4996
5002
5003
5003
5011
5013
5014
5016
5016
5018
5020
5031
5039
5045
5045
5055
5057
5066
5069
5070
5074
5077
5079
5087
5090
5093
5102
5105
5105
5115
5123
5124
5128
5129
5130
5134
5142
5153
5170
5172
5183
5185
5194
5195
5221
5223
5223
5233
5240
5240
5249
5250
5250
5255
5259
5260
5262
5265
5288
5294
5296
5307
5308
5308
5311
5314
5315
5319
5322
5326
5334
5336
5339
5345
5351
5356
5359
5366
5371
5374
5378
5381
5389
5392
5402
5404
5404
5411
5415
5422
5426
5426
5429
5430
5440
5441
5442
5446
5451
5454
5459
5461
5466
5469
5476
5476
5476
5479
5486
5489
5489
5490
5494
5501
5506
5506
5513
5520
5524
5524
5530
5532
5535
5537
5537
5540
5551
5560
5562
5575
5583
5589
5590
5592
5594
5601
5608
5608
5609
5611
5617
5622
5657
5658
5660
5660
5669
5675
5676
5676
5678
5687
5688
5693
5704
5710
5713
5716
5725
5726
5731
5732
5733
5734
5737
5741
5742
5752
5754
5760
5765
5769
5770
5772
5805
5805
5812
5819
5825
5831
5834
5834
5842
5854
5856
5857
5859
5861
5865
5882
5884
5885
5888
5893
5896
5897
5898
5910
5911
5911
5919
5922
5924
5933
5934
5935
5945
5947
5952
5954
5958
5962
5972
5973
5975
5977
5979
5981
5985
5993
5994
5994
5996
5997
5997
6004
6005
6006
6017
6020
6020
6027
6029
6036
6039
6041
6047
6050
6055
6062
6067
6068
6072
6099
6101
6103
6107
6111
6111
6114
6115
6128
6136
6137
6151
6152
6159
6175
6177
6181
6187
6188
6190
6216
6219
6221
6231
6232
6232
6234
6238
6243
6248
6269
6271
6274
6275
6281
6281
6293
6293
6296
6302
6303
6304
6308
6314
6315
6320
6331
6333
6333
6334
6337
6338
6339
6342
6355
6364
6365
6374
6376
6377
6377
6379
6380
6384
6392
6393
6397
6404
6404
6408
6410
6413
6414
6416
6418
6420
6420
6434
6435
6441
6446
6449
6452
6454
6455
6457
6459
6459
6469
6471
6477
6478
6480
6482
6486
6490
6492
6494
6494
6496
6496
6499
6503
6504
6507
6508
6508
6511
6512
6513
6516
6516
6518
6519
6520
6522
6530
6535
6538
6539
6542
6544
6544
6545
6548
6549
6549
6557
6569
6569
6572
6578
6581
6583
6583
6586
6589
6590
6591
6593
6594
6595
6601
6603
6606
6609
6609
6617
6621
6623
6625
6631
6632
6634
6636
6637
6638
6639
6639
6641
6643
6651
6652
6658
6659
6660
6662
6663
6667
6670
6671
6673
6675
6682
6682
6683
6686
6687
6688
6691
6692
6692
6694
6694
6696
6698
6700
6700
6704
6707
6711
6719
6719
6722
6729
6742
6744
6745
6748
6748
6749
6751
6751
6751
6754
6757
6758
6758
6760
6765
6771
6774
6778
6779
6779
6780
6782
6784
6786
6787
6787
6789
6791
6792
6794
6795
6798
6800
6801
6802
6808
6808
6808
6809
6810
6811
6811
6813
6813
6814
6815
6816
6816
6818
6818
6820
6822
6823
6823
6826
6829
6829
6829
6834
6841
6844
6844
6845
6849
6856
6857
6858
6858
6860
6866
6868
6873
6878
6880
6881
6883
6887
6889
6895
6911
6919
6927
6933
6934
6935
6938
6939
6940
6948
6950
6950
6953
6965
6965
6967
6971
6972
6973
6978
6984
6985
6986
6987
6987
6992
6993
6995
6996
7002
7006
7009
7015
7018
7018
7019
7026
7026
7028
7029
7035
7046
7051
7052
7056
7059
7067
7067
7073
7079
7083
7083
7086
7089
7090
7098
7098
7106
7108
7111
7112
7113
7113
7113
7118
7124
7128
7133
7135
7143
7151
7151
7158
7161
7164
7165
7168
7173
7175
7176
7176
7181
7184
7185
7186
7196
7196
7205
7206
7213
7216
7217
7217
7220
7222
7226
7227
7229
7229
7232
7238
7240
7241
7246
7253
7256
7257
7274
7279
7282
7284
7285
7286
7289
7294
7301
7302
7302
7304
7310
7313
7317
7318
7320
7323
7324
7325
7329
7331
7339
7344
7346
7348
7349
7351
7352
7354
7356
7358
7361
7363
7365
7368
7373
7380
7386
7396
7399
7402
7404
7406
7412
7415
7438
7442
7450
7462
7466
7467
7482
7486
7486
7488
7489
7494
7504
7507
7512
7517
7536
7542
7545
7547
7548
7553
7559
7568
7570
7587
7590
7593
7603
7613
7627
7631
7639
7643
7650
7666
7666
7668
7673
7677
7682
7691
7695
7699
7714
7719
7728
7752
7753
7754
7764
7773
7775
7793
7799
7816
7817
7819
7832
7832
7837
7849
7849
7881
7903
7904
7932
7933
7970
7980
7981
8005
8012
8057
8063
8064
8102
8146
8180
8227
8270
8361
8394
8935
9039
9130
9395
9609
