3343
3375
3384
3386
3399
3403
3414
3443
3455
3459
3465
3472
3473
3475
3490
3492
3498
3498
3501
3506
3511
3513
3514
3520
3523
3524
3527
3528
3529
3530
3534
3534
3541
3541
3545
3545
3550
3553
3554
3563
3563
3564
3571
3573
3575
3576
3577
3580
3580
3581
3582
3584
3585
3596
3596
3600
3601
3602
3602
3606
3607
3607
3608
3609
3610
3611
3612
3612
3613
3617
3618
3619
3619
3625
3626
3627
3628
3628
3631
3637
3639
3639
3640
3641
3642
3643
3645
3646
3648
3652
3653
3653
3654
3654
3654
3655
3658
3658
3661
3661
3666
3668
3670
3672
3674
3675
3676
3676
3680
3680
3681
3682
3686
3687
3687
3688
3690
3691
3691
3697
3697
3704
3704
3704
3708
3709
3713
3717
3719
3720
3720
3722
3726
3726
3728
3735
3736
3736
3742
3742
3746
3752
3753
3753
3756
3757
3758
3760
3762
3763
3764
3765
3766
3767
3768
3769
3772
3774
3774
3776
3776
3781
3782
3786
3789
3789
3790
3790
3791
3791
3792
3794
3795
3797
3797
3799
3801
3804
3804
3808
3810
3812
3813
3814
3815
3819
3820
3821
3824
3825
3827
3828
3831
3833
3839
3850
3857
3858
3860
3863
3863
3869
3870
3872
3874
3876
3877
3877
3883
3885
3888
3890
3898
3906
3906
3909
3910
3914
3915
3916
3921
3923
3924
3924
3925
3925
3925
3927
3930
3930
3932
3934
3938
3938
3938
3940
3941
3943
3943
3943
3944
3945
3947
3948
3951
3956
3963
3964
3964
3966
3967
3972
3972
3975
3980
3984
3985
3986
3988
3990
3990
3994
3996
3996
3998
3998
4000
4001
4011
4011
4018
4021
4024
4027
4027
4036
4036
4037
4037
4040
4041
4047
4048
4049
4055
4059
4060
4062
4064
4066
4066
4070
4079
4083
4084
4084
4094
4094
4094
4095
4096
4098
4099
4101
4108
4108
4109
4110
4111
4117
4119
4119
4121
4124
4127
4127
4127
4128
4130
4134
4134
4134
4136
4136
4137
4139
4144
4144
4150
4152
4152
4154
4155
4156
4156
4157
4159
4160
4162
4163
4172
4174
4176
4178
4181
4182
4182
4183
4184
4185
4189
4190
4191
4192
4192
4192
4193
4194
4198
4199
4199
4201
4204
4206
4208
4210
4210
4212
4215
4215
4215
4216
4222
4224
4227
4229
4230
4230
4230
4234
4235
4235
4236
4238
4239
4239
4241
4243
4245
4246
4248
4249
4253
4255
4255
4256
4256
4257
4258
4260
4261
4262
4263
4265
4265
4269
4270
4272
4276
4277
4278
4279
4279
4283
4284
4284
4285
4286
4287
4289
4289
4290
4291
4293
4298
4300
4303
4303
4305
4307
4308
4309
4310
4311
4312
4313
4314
4315
4315
4316
4316
4316
4317
4318
4318
4319
4319
4322
4322
4326
4327
4329
4329
4330
4331
4334
4334
4334
4335
4336
4340
4343
4343
4344
4347
4347
4349
4350
4351
4352
4352
4354
4355
4355
4356
4356
4357
4357
4358
4359
4361
4364
4366
4367
4367
4367
4369
4370
4373
4375
4377
4377
4378
4378
4378
4379
4381
4386
4388
4388
4388
4390
4393
4393
4397
4398
4399
4399
4402
4403
4404
4404
4404
4405
4405
4406
4407
4411
4411
4412
4412
4413
4414
4416
4417
4418
4420
4421
4421
4423
4423
4425
4426
4427
4427
4428
4429
4429
4430
4431
4431
4431
4433
4436
4437
4437
4437
4440
4440
4441
4443
4443
4443
4446
4448
4449
4451
4452
4457
4457
4458
4458
4459
4459
4460
4463
4464
4465
4469
4470
4472
4472
4472
4473
4475
4475
4476
4476
4480
4480
4480
4482
4482
4482
4484
4485
4485
4487
4487
4488
4489
4490
4494
4498
4499
4499
4501
4503
4503
4504
4504
4504
4507
4508
4508
4509
4509
4512
4514
4515
4515
4515
4516
4516
4518
4519
4521
4522
4522
4524
4524
4528
4532
4532
4534
4534
4534
4537
4538
4539
4540
4541
4541
4541
4541
4541
4541
4541
4544
4545
4545
4546
4546
4547
4547
4550
4550
4551
4552
4553
4554
4554
4556
4557
4557
4559
4561
4561
4565
4565
4566
4568
4569
4570
4570
4571
4572
4572
4573
4574
4574
4574
4575
4576
4577
4577
4579
4580
4581
4583
4583
4583
4583
4583
4585
4586
4588
4588
4589
4591
4591
4592
4592
4592
4593
4593
4594
4594
4594
4595
4596
4596
4599
4599
4599
4603
4603
4605
4605
4607
4608
4612
4612
4613
4614
4616
4616
4618
4618
4619
4620
4623
4628
4628
4629
4632
4633
4634
4635
4639
4641
4641
4641
4641
4642
4642
4642
4642
4644
4645
4646
4646
4647
4647
4648
4649
4650
4652
4653
4654
4654
4656
4656
4656
4656
4659
4660
4660
4661
4661
4662
4662
4662
4663
4664
4664
4666
4667
4671
4671
4673
4676
4678
4678
4678
4679
4681
4681
4683
4683
4684
4686
4690
4691
4691
4691
4693
4694
4695
4698
4698
4700
4700
4702
4704
4705
4706
4706
4707
4707
4709
4719
4719
4720
4722
4722
4724
4726
4726
4726
4728
4730
4731
4732
4732
4735
4738
4740
4745
4745
4754
4756
4758
4759
4759
4763
4774
4776
4776
4776
4776
4779
4780
4781
4781
4785
4787
4789
4791
4792
4793
4793
4793
4794
4794
4796
4796
4801
4802
4803
4804
4806
4807
4812
4812
4813
4814
4818
4821
4823
4824
4829
4830
4833
4834
4835
4835
4837
4837
4839
4839
4841
4845
4847
4847
4849
4852
4853
4853
4855
4856
4863
4865
4869
4872
4873
4874
4876
4881
4881
4882
4896
4898
4899
4900
4907
4908
4909
4909
4911
4915
4917
4930
4930
4934
4937
4938
4938
4940
4943
4948
4950
4951
4951
4955
4956
4957
4957
4962
4962
4969
4971
4972
4974
4979
4984
4986
4990
4992
4998
4998
5000
5006
5008
5008
5015
5021
5024
5031
5035
5036
5036
5042
5054
5057
5060
5064
5065
5070
5070
5072
5076
5076
5078
5079
5079
5080
5083
5087
5091
5091
5094
5097
5097
5101
5110
5111
5115
5116
5144
5149
5153
5159
5189
5190
5198
5237
5243
5247
5259
5309
5352
5393
5397
5413
5556
5576
5597
5782
5824
5898
6190
6376
6402
6405
6509
6710
6776
6781
6850
