95458
95579
95645
95668
95675
95828
95844
95885
95911
95914
95955
95967
96013
96049
96051
96198
96301
96304
96347
96353
96375
96389
96397
96420
96446
96515
96554
96616
96617
96633
96640
96698
96730
96730
96732
96764
96770
96776
96802
96813
96813
96853
96873
96884
96905
96910
96912
96914
96933
96947
96952
96975
96977
96978
96985
96986
96996
97002
97004
97017
97022
97030
97034
97036
97049
97055
97058
97097
97105
97108
97117
97147
97152
97196
97204
97217
97229
97280
97315
97329
97334
97338
97354
97387
97392
97423
97450
97451
97455
97458
97464
97469
97473
97475
97478
97518
97525
97525
97537
97546
97547
97547
97558
97568
97579
97579
97586
97597
97601
97604
97617
97618
97631
97631
97635
97638
97680
97716
97721
97728
97731
97775
97787
97792
97804
97818
97822
97851
97854
97857
97865
97879
97899
97903
97917
97933
97951
97951
97952
97979
97982
97991
98010
98027
98039
98058
98059
98066
98071
98099
98112
98120
98122
98166
98178
98192
98232
98233
98258
98261
98263
98274
98292
98303
98313
98325
98328
98343
98345
98382
98384
98413
98511
98532
98544
98578
98601
98602
98609
98620
98625
98632
98636
98641
98654
98680
98685
98716
98723
98767
98835
98860
98861
98865
98876
98891
98904
98945
98985
99000
99011
99029
99056
99087
99100
99212
99234
99242
99244
99256
99274
99278
99299
99315
99352
99362
99437
99469
99474
99496
99497
99504
99509
99529
99535
99546
99572
99601
99628
99636
99655
99663
99701
99704
99707
99746
99752
99766
99787
99806
99809
99831
99843
99860
99877
99877
99889
99904
99916
99930
99931
99951
99955
99987
99987
100000
100024
100038
100040
100058
100088
100103
100113
100136
100140
100171
100195
100219
100225
100226
100266
100292
100301
100304
100340
100343
100354
100360
100361
100397
100435
100440
100441
100467
100481
100522
100522
100549
100599
100604
100612
100613
100621
100638
100713
100734
100744
100755
100802
100805
100838
100855
100859
100866
100933
100951
100987
100994
101008
101019
101021
101038
101044
101049
101055
101059
101067
101080
101089
101097
101103
101109
101117
101128
101172
101178
101188
101188
101194
101202
101212
101251
101252
101259
101295
101299
101309
101342
101346
101346
101349
101353
101375
101384
101400
101404
101426
101439
101451
101451
101455
101474
101501
101530
101546
101558
101564
101568
101579
101605
101609
101623
101624
101629
101633
101661
101662
101682
101682
101688
101728
101736
101746
101760
101760
101762
101767
101769
101772
101791
101810
101819
101820
101820
101820
101838
101846
101853
101870
101877
101877
101879
101883
101897
101914
101922
101940
101982
102015
102026
102050
102085
102090
102105
102122
102137
102145
102156
102156
102160
102232
102245
102272
102273
102286
102286
102290
102292
102317
102320
102340
102342
102348
102350
102358
102370
102376
102384
102399
102399
102421
102435
102441
102441
102446
102453
102468
102483
102491
102494
102510
102522
102537
102546
102546
102551
102562
102566
102568
102570
102575
102576
102577
102589
102600
102605
102605
102618
102621
102642
102656
102662
102663
102663
102679
102682
102686
102694
102709
102710
102715
102722
102726
102735
102739
102741
102745
102746
102750
102755
102787
102801
102827
102837
102843
102850
102869
102884
102888
102889
102898
102918
102938
102947
102947
102947
102954
102965
102973
102987
102990
102991
103011
103014
103038
103045
103045
103052
103087
103090
103100
103102
103122
103130
103136
103145
103151
103153
103155
103162
103177
103179
103188
103189
103192
103212
103217
103222
103224
103228
103230
103235
103242
103252
103253
103259
103261
103271
103275
103303
103305
103315
103332
103336
103342
103386
103392
103396
103400
103436
103439
103446
103452
103454
103469
103470
103478
103481
103486
103488
103506
103531
103551
103571
103587
103593
103595
103598
103619
103623
103630
103631
103647
103674
103689
103696
103699
103710
103714
103722
103737
103747
103765
103766
103770
103779
103789
103804
103811
103816
103859
103860
103880
103891
103902
103913
103935
103939
103949
103953
103956
103957
103974
103991
104022
104050
104069
104070
104074
104077
104089
104093
104099
104101
104105
104111
104117
104118
104135
104140
104146
104147
104148
104151
104158
104158
104160
104165
104167
104193
104210
104212
104233
104245
104275
104309
104318
104333
104353
104361
104365
104374
104381
104400
104408
104422
104422
104427
104428
104435
104436
104438
104450
104452
104469
104473
104476
104476
104481
104516
104518
104552
104554
104568
104580
104595
104607
104616
104617
104621
104658
104667
104697
104699
104706
104744
104746
104746
104784
104802
104811
104824
104852
104860
104887
104888
104943
104946
104950
104952
104960
104963
104967
104997
105000
105001
105023
105033
105049
105060
105065
105069
105073
105075
105076
105081
105090
105094
105098
105099
105101
105101
105125
105140
105194
105220
105225
105230
105243
105250
105251
105252
105255
105256
105278
105278
105316
105322
105326
105356
105363
105366
105378
105386
105403
105408
105412
105426
105528
105543
105605
105619
105623
105629
105645
105645
105663
105675
105688
105728
105730
105784
105797
105807
105825
105836
105841
105844
105858
105881
105931
105969
105989
106018
106020
106026
106033
106035
106074
106094
106151
106163
106166
106177
106184
106186
106263
106268
106301
106302
106310
106312
106329
106333
106359
106379
106387
106418
106460
106477
106480
106483
106497
106506
106511
106541
106548
106561
106586
106620
106659
106659
106660
106663
106678
106684
106689
106699
106705
106740
106752
106775
106777
106790
106804
106855
106856
106865
106892
106914
106927
106947
106968
106986
107000
107030
107030
107036
107051
107055
107068
107070
107084
107144
107152
107154
107161
107171
107172
107220
107265
107267
107286
107297
107299
107324
107327
107329
107344
107362
107373
107386
107402
107403
107411
107435
107474
107482
107485
107524
107567
107602
107632
107635
107636
107691
107699
107701
107708
107711
107739
107744
107747
107868
107920
107934
107948
107977
107999
108018
108019
108066
108077
108078
108087
108102
108114
108138
108142
108183
108198
108270
108298
108305
108338
108360
108377
108377
108395
108457
108492
108505
108543
108555
108558
108563
108569
108581
108592
108611
108620
108655
108680
108708
108744
108787
108812
108813
108814
108888
108904
108920
108921
108939
108974
108980
108990
108991
109025
109105
109112
109124
109161
109203
109232
109336
109380
109424
109430
109467
109497
109510
109513
109547
109627
109715
109742
109777
109828
109986
110167
110193
110216
110225
110256
110283
110295
110325
110375
110431
110512
110519
110537
110617
110798
110915
110934
110943
111054
111133
111164
111225
111515
111735
111961
112268
112412
112620
112759
112833
113008
113206
113559
113889
118090
120778
122224
124068
125476
125674
125851
126422
126538
126566
126808
127622
127919
128481
128708
131967
