108993
109060
109202
109235
109246
109332
109339
109416
109488
109491
109509
109515
109527
109534
109535
109581
109597
109691
109718
109732
109736
109759
109783
109790
109879
109930
109931
109933
109988
110024
110036
110057
110084
110110
110126
110134
110138
110149
110178
110178
110182
110183
110189
110193
110194
110197
110209
110221
110240
110250
110268
110275
110300
110311
110312
110322
110333
110377
110383
110402
110405
110418
110433
110441
110444
110465
110484
110487
110489
110490
110503
110505
110508
110517
110539
110547
110556
110565
110569
110571
110578
110583
110595
110596
110600
110623
110650
110661
110678
110680
110682
110685
110686
110696
110708
110712
110712
110727
110732
110743
110757
110789
110799
110802
110803
110822
110836
110836
110854
110856
110860
110860
110862
110874
110895
110901
110931
110948
110949
110999
111018
111033
111093
111099
111132
111141
111144
111167
111176
111209
111223
111233
111242
111253
111255
111261
111266
111271
111273
111316
111324
111343
111343
111352
111356
111377
111383
111395
111412
111415
111418
111432
111434
111436
111441
111474
111503
111504
111508
111524
111530
111547
111585
111593
111597
111597
111616
111633
111645
111722
111727
111741
111764
111817
111827
111836
111838
111851
111874
111882
111886
111894
111897
111900
111908
111912
111961
111961
111988
112025
112049
112053
112068
112085
112090
112111
112121
112127
112129
112130
112134
112135
112165
112184
112189
112202
112258
112284
112286
112363
112368
112370
112402
112423
112429
112432
112437
112476
112482
112484
112493
112500
112505
112511
112518
112521
112536
112562
112575
112600
112602
112613
112658
112674
112694
112703
112734
112740
112755
112762
112807
112824
112827
112853
112875
112877
112887
112888
112907
112917
112931
112944
112969
112973
112978
112979
113027
113028
113042
113046
113056
113060
113061
113062
113067
113078
113085
113087
113091
113096
113098
113100
113106
113111
113136
113150
113158
113170
113196
113230
113240
113261
113268
113307
113320
113368
113376
113381
113395
113400
113414
113435
113437
113450
113459
113467
113480
113490
113508
113511
113528
113539
113551
113567
113567
113605
113606
113628
113638
113643
113665
113671
113697
113707
113710
113717
113723
113749
113765
113779
113786
113792
113826
113826
113844
113851
113863
113870
113917
113924
113965
114012
114018
114026
114069
114085
114088
114097
114111
114124
114127
114132
114134
114136
114241
114259
114261
114264
114292
114305
114311
114312
114316
114336
114348
114393
114396
114438
114443
114444
114450
114470
114472
114481
114484
114487
114505
114510
114511
114518
114532
114535
114547
114609
114615
114630
114637
114704
114747
114778
114788
114788
114804
115052
115095
115124
115142
115175
115235
115280
115355
115381
115385
115424
115442
115497
115504
115521
115530
115587
115592
115603
115608
115630
115743
115818
115865
115866
115987
116144
116211
116228
116229
116248
116253
116273
116280
116288
116306
116314
116317
116351
116357
116375
116385
116398
116437
116439
116439
116464
116484
116489
116494
116523
116528
116574
116581
116619
116620
116621
116679
116683
116684
116688
116689
116701
116702
116707
116719
116725
116728
116728
116731
116738
116762
116786
116791
116793
116795
116803
116803
116807
116826
116828
116828
116844
116850
116851
116853
116858
116874
116882
116888
116896
116915
116916
116920
116926
116928
116931
116953
116955
116963
116969
116982
116984
116992
116999
117000
117016
117027
117027
117028
117032
117032
117036
117041
117049
117049
117053
117070
117073
117080
117089
117106
117112
117128
117143
117150
117161
117162
117206
117212
117236
117242
117252
117254
117261
117266
117267
117268
117268
117271
117271
117281
117285
117288
117295
117298
117301
117318
117319
117334
117335
117337
117345
117348
117349
117349
117351
117356
117357
117363
117371
117387
117403
117403
117404
117407
117429
117429
117431
117445
117453
117460
117463
117465
117469
117471
117477
117484
117486
117512
117514
117516
117522
117532
117533
117533
117539
117551
117565
117566
117575
117575
117576
117578
117581
117597
117603
117604
117609
117614
117615
117633
117635
117651
117668
117673
117689
117690
117690
117702
117715
117723
117731
117735
117742
117745
117746
117752
117759
117761
117763
117766
117769
117770
117802
117817
117831
117833
117846
117853
117863
117871
117878
117881
117905
117927
117928
117936
117936
117939
117950
117963
117971
117984
117986
117989
117997
117998
118014
118017
118023
118051
118062
118065
118076
118077
118088
118092
118120
118133
118136
118139
118160
118166
118168
118169
118173
118193
118207
118209
118215
118236
118238
118243
118254
118257
118264
118264
118280
118291
118311
118322
118326
118333
118338
118342
118348
118364
118375
118382
118386
118395
118410
118428
118453
118469
118472
118475
118488
118490
118514
118528
118531
118533
118544
118547
118547
118567
118584
118587
118602
118609
118611
118617
118619
118637
118641
118646
118676
118682
118691
118725
118740
118742
118746
118775
118806
118813
118849
118871
118880
118882
118887
118895
118895
118924
118925
118929
118931
118932
118934
118942
118954
118971
118976
118979
118996
119000
119002
119023
119028
119038
119060
119063
119082
119089
119114
119118
119120
119125
119139
119144
119216
119217
119217
119218
119241
119246
119250
119260
119262
119280
119289
119295
119299
119324
119358
119369
119372
119385
119389
119395
119395
119400
119420
119428
119446
119471
119488
119498
119500
119500
119509
119533
119545
119560
119562
119570
119577
119580
119609
119625
119640
119643
119643
119678
119698
119723
119726
119756
119763
119772
119810
119820
119827
119828
119834
119844
119856
119863
119873
119873
119898
119911
119911
119914
119922
119944
119948
119949
119950
119977
119991
120000
120006
120062
120101
120110
120129
120155
120181
120200
120202
120210
120222
120224
120252
120270
120287
120373
120403
120424
120441
120455
120455
120475
120476
120507
120513
120514
120516
120519
120528
120530
120531
120571
120600
120606
120617
120645
120656
120680
120697
120831
120842
120858
120861
120899
120911
120912
120921
120934
120944
120949
120963
120963
121044
121061
121074
121087
121095
121143
121148
121170
121184
121218
121237
121238
121245
121249
121253
121264
121286
121287
121403
121424
121440
121498
121535
121542
121549
121618
121658
121671
121689
121689
121723
121740
121768
121807
121817
121926
122027
122036
122036
122049
122054
122076
122180
122219
122224
122230
122313
122320
122322
122355
122431
122514
122533
122573
122593
122634
122645
122650
122700
122702
122724
122725
122737
122752
122754
122758
122776
122807
122821
122870
122885
122894
122910
122944
122948
123018
123018
123111
123141
123231
123249
123261
123301
123327
123333
123363
123368
123399
123401
123466
123474
123596
123692
123697
123867
123885
123900
124025
124138
124148
124160
124263
124268
124344
124362
124472
124601
124994
125000
125155
125335
125549
125759
125851
125858
126168
126371
126531
126568
126881
127322
128333
130971
132523
133370
136712
140992
143783
146257
146270
146422
