1946
2042
2042
2067
2074
2075
2075
2080
2084
2101
2102
2107
2109
2111
2113
2114
2115
2115
2117
2117
2117
2123
2127
2133
2136
2142
2142
2144
2147
2149
2152
2154
2154
2155
2155
2155
2156
2157
2157
2158
2158
2159
2161
2162
2165
2165
2166
2166
2166
2167
2168
2169
2169
2170
2170
2173
2176
2179
2182
2183
2185
2187
2187
2188
2192
2195
2195
2196
2198
2199
2200
2200
2201
2201
2202
2204
2208
2208
2208
2208
2210
2210
2211
2212
2212
2214
2214
2215
2217
2222
2222
2223
2223
2224
2224
2224
2224
2226
2230
2230
2235
2235
2235
2235
2239
2242
2243
2244
2245
2247
2247
2247
2247
2248
2248
2249
2251
2251
2253
2253
2254
2255
2256
2256
2257
2257
2259
2260
2261
2261
2262
2264
2264
2265
2265
2266
2267
2268
2270
2270
2270
2273
2274
2276
2276
2276
2278
2278
2279
2279
2280
2281
2282
2283
2283
2284
2286
2287
2290
2290
2290
2291
2291
2292
2292
2294
2294
2294
2296
2296
2300
2300
2301
2301
2302
2304
2304
2304
2305
2306
2307
2308
2310
2310
2311
2312
2313
2315
2316
2318
2320
2320
2322
2323
2326
2327
2327
2328
2328
2328
2329
2331
2332
2335
2335
2335
2335
2342
2342
2342
2344
2346
2347
2347
2349
2350
2351
2351
2353
2353
2353
2354
2355
2357
2358
2359
2360
2362
2362
2363
2363
2366
2368
2368
2370
2372
2372
2373
2379
2379
2383
2383
2384
2384
2385
2386
2387
2392
2392
2394
2399
2400
2402
2403
2405
2409
2410
2410
2411
2411
2412
2413
2414
2415
2416
2420
2421
2421
2422
2423
2425
2426
2428
2430
2432
2433
2434
2435
2436
2437
2438
2438
2442
2443
2445
2446
2447
2447
2448
2449
2449
2459
2461
2462
2463
2465
2467
2468
2469
2469
2474
2479
2479
2479
2481
2484
2487
2488
2491
2492
2492
2497
2498
2498
2498
2499
2499
2500
2501
2502
2504
2504
2506
2508
2510
2511
2511
2512
2515
2516
2517
2518
2520
2521
2522
2524
2527
2527
2528
2528
2529
2530
2531
2533
2537
2537
2537
2537
2538
2541
2543
2544
2544
2545
2546
2546
2547
2547
2548
2548
2550
2552
2555
2556
2556
2558
2559
2560
2561
2563
2563
2563
2564
2566
2567
2569
2570
2571
2571
2572
2572
2575
2576
2576
2577
2578
2578
2582
2582
2583
2583
2584
2584
2584
2586
2586
2592
2594
2596
2597
2602
2603
2606
2606
2606
2607
2607
2607
2608
2609
2610
2610
2611
2612
2612
2613
2614
2614
2615
2616
2617
2619
2620
2621
2621
2622
2622
2623
2623
2624
2625
2625
2625
2627
2628
2629
2629
2630
2631
2631
2632
2633
2633
2634
2635
2635
2636
2637
2637
2637
2639
2640
2640
2640
2641
2642
2643
2643
2643
2643
2643
2643
2644
2645
2646
2650
2651
2651
2651
2654
2654
2655
2655
2656
2658
2658
2659
2659
2660
2660
2661
2663
2663
2665
2669
2669
2670
2671
2673
2674
2676
2676
2676
2676
2677
2677
2678
2678
2678
2680
2682
2683
2683
2685
2686
2686
2686
2687
2689
2689
2690
2691
2692
2692
2692
2693
2693
2694
2694
2695
2696
2697
2697
2698
2698
2699
2702
2702
2703
2705
2706
2706
2706
2707
2707
2708
2709
2709
2711
2712
2714
2714
2715
2715
2715
2715
2715
2716
2716
2716
2716
2719
2721
2722
2722
2723
2723
2723
2726
2727
2727
2727
2728
2728
2730
2730
2731
2731
2732
2732
2732
2733
2734
2734
2735
2735
2735
2737
2738
2738
2740
2740
2741
2742
2743
2743
2743
2744
2746
2746
2747
2747
2748
2748
2749
2750
2751
2752
2753
2755
2756
2756
2758
2759
2761
2762
2762
2762
2763
2764
2764
2766
2767
2767
2769
2771
2773
2774
2774
2774
2776
2777
2778
2779
2780
2782
2782
2782
2782
2782
2783
2784
2784
2784
2784
2785
2786
2786
2786
2786
2787
2787
2788
2789
2791
2792
2793
2793
2794
2794
2794
2794
2795
2796
2797
2798
2798
2799
2799
2799
2802
2802
2803
2804
2804
2805
2805
2806
2808
2808
2808
2809
2810
2811
2812
2812
2812
2815
2815
2815
2817
2818
2818
2818
2819
2820
2820
2821
2821
2822
2823
2823
2823
2824
2825
2826
2826
2827
2827
2828
2828
2828
2830
2831
2831
2832
2834
2834
2834
2834
2835
2835
2837
2839
2840
2841
2842
2844
2845
2845
2846
2846
2846
2847
2848
2848
2849
2849
2850
2850
2851
2851
2852
2852
2852
2853
2854
2854
2854
2854
2855
2855
2857
2857
2857
2857
2858
2860
2861
2862
2863
2863
2864
2865
2866
2866
2866
2866
2866
2867
2867
2867
2867
2868
2868
2870
2870
2870
2871
2872
2873
2873
2874
2874
2874
2876
2877
2877
2881
2881
2881
2881
2881
2882
2883
2883
2887
2887
2887
2888
2888
2889
2889
2890
2890
2891
2891
2892
2893
2893
2895
2896
2896
2896
2898
2898
2898
2900
2901
2902
2903
2905
2905
2905
2905
2906
2907
2907
2908
2908
2908
2911
2912
2912
2915
2916
2916
2918
2918
2918
2919
2920
2921
2923
2926
2927
2927
2928
2928
2929
2930
2935
2935
2937
2938
2938
2938
2940
2941
2942
2942
2942
2942
2943
2944
2948
2949
2952
2952
2953
2954
2954
2955
2955
2956
2957
2957
2961
2962
2964
2964
2964
2966
2969
2970
2973
2973
2974
2976
2977
2978
2978
2978
2978
2979
2981
2982
2984
2985
2986
2987
2988
2989
2991
2991
2996
2997
2997
3000
3000
3001
3001
3003
3004
3004
3005
3006
3007
3007
3008
3011
3014
3014
3018
3019
3019
3020
3021
3024
3025
3030
3032
3033
3033
3033
3033
3034
3044
3046
3049
3052
3054
3054
3055
3055
3056
3058
3065
3071
3073
3075
3079
3080
3081
3082
3086
3088
3091
3098
3098
3100
3102
3102
3103
3107
3108
3111
3112
3112
3115
3118
3121
3123
3124
3141
3151
3154
3154
3159
3168
3178
3179
3182
3187
3187
3189
3198
3222
3227
3239
3241
3256
3263
3273
3281
3292
3307
3326
3335
3387
3408
3545
3599
3652
4173
4368
4962
5346
5540
11939
