64388
64415
64591
64776
64972
65047
65048
65101
65164
65220
65230
65240
65252
65252
65259
65352
65370
65374
65405
65419
65421
65424
65428
65435
65441
65457
65468
65475
65486
65491
65498
65509
65520
65550
65580
65595
65597
65617
65623
65634
65648
65668
65685
65696
65708
65710
65726
65737
65745
65755
65767
65774
65787
65789
65792
65795
65809
65810
65813
65821
65824
65836
65842
65845
65848
65851
65853
65864
65865
65866
65871
65872
65874
65880
65880
65884
65899
65901
65905
65913
65916
65917
65918
65923
65926
65942
65955
65969
65971
65987
66004
66009
66017
66023
66026
66032
66035
66039
66045
66055
66057
66062
66069
66072
66073
66073
66091
66098
66102
66108
66109
66112
66121
66133
66133
66139
66145
66145
66146
66153
66167
66169
66173
66177
66183
66184
66186
66186
66192
66193
66198
66200
66210
66212
66217
66219
66221
66224
66227
66228
66231
66242
66248
66249
66250
66251
66261
66262
66276
66298
66299
66303
66304
66307
66311
66331
66336
66338
66338
66341
66342
66343
66349
66353
66361
66363
66367
66370
66383
66386
66389
66401
66412
66419
66421
66424
66432
66447
66449
66452
66459
66465
66470
66482
66483
66485
66485
66489
66498
66514
66520
66522
66523
66531
66547
66549
66550
66555
66560
66563
66566
66568
66577
66582
66597
66606
66608
66609
66611
66618
66624
66624
66625
66626
66630
66639
66641
66645
66647
66656
66659
66666
66667
66669
66678
66679
66685
66685
66690
66695
66701
66702
66705
66709
66711
66712
66720
66720
66722
66724
66728
66741
66741
66743
66749
66750
66751
66758
66762
66765
66765
66771
66773
66773
66779
66783
66788
66793
66794
66795
66800
66805
66810
66812
66815
66820
66829
66837
66838
66844
66846
66850
66853
66854
66857
66868
66874
66876
66877
66883
66884
66889
66893
66895
66901
66902
66906
66906
66912
66930
66931
66936
66938
66943
66945
66949
66951
66954
66959
66961
66961
66962
66964
66972
66973
66976
66976
66977
66980
66982
66984
66996
67001
67002
67007
67012
67012
67016
67018
67035
67040
67047
67050
67053
67057
67060
67067
67077
67082
67082
67085
67086
67089
67096
67098
67111
67114
67117
67122
67125
67128
67131
67132
67134
67135
67136
67154
67158
67163
67166
67176
67189
67192
67193
67193
67194
67201
67202
67204
67207
67208
67210
67217
67219
67221
67222
67231
67235
67242
67244
67248
67249
67253
67256
67258
67263
67265
67265
67269
67271
67274
67276
67277
67286
67287
67288
67289
67289
67307
67307
67310
67311
67317
67334
67338
67340
67345
67347
67354
67356
67357
67357
67370
67373
67384
67387
67388
67391
67392
67397
67400
67404
67410
67414
67415
67417
67419
67425
67426
67427
67430
67435
67437
67441
67445
67464
67465
67471
67472
67478
67479
67480
67498
67499
67507
67515
67518
67520
67524
67525
67525
67532
67533
67533
67538
67539
67541
67543
67544
67545
67550
67553
67555
67556
67556
67557
67559
67565
67566
67574
67576
67580
67583
67589
67594
67595
67604
67608
67611
67611
67611
67617
67622
67623
67623
67627
67630
67643
67649
67651
67655
67671
67673
67679
67683
67687
67695
67703
67705
67706
67708
67716
67719
67725
67730
67744
67748
67748
67756
67764
67778
67781
67784
67788
67790
67790
67802
67809
67813
67813
67813
67826
67830
67837
67838
67843
67843
67844
67846
67854
67855
67863
67868
67892
67899
67902
67910
67911
67915
67915
67929
67930
67931
67933
67934
67935
67936
67938
67938
67949
67951
67952
67957
67957
67958
67961
67964
67968
67969
67970
67971
67974
67975
67982
67998
68000
68002
68003
68018
68021
68028
68034
68034
68043
68044
68048
68053
68063
68067
68070
68071
68074
68075
68076
68076
68077
68080
68085
68086
68093
68095
68104
68105
68106
68106
68108
68110
68111
68120
68121
68130
68137
68143
68145
68146
68151
68151
68152
68156
68166
68167
68170
68178
68179
68186
68187
68188
68200
68216
68220
68221
68229
68233
68241
68246
68247
68254
68262
68268
68269
68276
68289
68294
68298
68306
68307
68325
68329
68341
68343
68343
68350
68351
68354
68358
68373
68377
68382
68407
68409
68415
68422
68427
68433
68436
68440
68443
68443
68448
68452
68459
68464
68466
68467
68476
68478
68480
68483
68487
68497
68504
68505
68512
68521
68531
68538
68540
68542
68544
68544
68552
68557
68561
68563
68563
68568
68579
68580
68587
68589
68597
68597
68610
68613
68634
68634
68642
68643
68647
68647
68648
68650
68656
68661
68661
68662
68664
68665
68674
68677
68686
68697
68698
68716
68718
68728
68733
68734
68740
68752
68758
68766
68766
68779
68781
68792
68794
68796
68814
68815
68832
68842
68844
68848
68850
68859
68859
68860
68870
68884
68890
68902
68911
68912
68916
68926
68929
68932
68935
68945
68945
68945
68948
68949
68950
68961
68968
68970
68973
68974
69009
69011
69012
69015
69021
69029
69033
69036
69052
69077
69080
69081
69082
69083
69094
69115
69119
69120
69128
69129
69130
69133
69135
69142
69173
69189
69189
69198
69212
69215
69225
69238
69238
69239
69242
69243
69244
69244
69245
69247
69249
69250
69253
69264
69288
69293
69295
69301
69307
69315
69316
69329
69333
69336
69343
69353
69355
69362
69367
69370
69395
69399
69405
69417
69434
69460
69472
69476
69493
69493
69512
69531
69536
69540
69557
69557
69563
69567
69570
69572
69601
69601
69605
69636
69643
69645
69650
69657
69663
69670
69671
69691
69694
69737
69737
69743
69746
69750
69755
69762
69765
69766
69780
69798
69802
69804
69822
69824
69836
69838
69847
69849
69850
69869
69884
69890
69902
69907
69911
69922
69945
69955
69956
69958
69962
69967
69990
69993
69997
70017
70038
70065
70088
70100
70116
70121
70128
70150
70152
70158
70171
70180
70188
70213
70223
70232
70233
70249
70260
70261
70274
70283
70302
70325
70332
70338
70346
70353
70366
70398
70401
70410
70416
70420
70441
70449
70465
70466
70474
70479
70488
70491
70568
70571
70577
70588
70624
70629
70638
70652
70668
70684
70721
70736
70744
70744
70757
70797
70800
70816
70819
70828
70829
70849
70886
70891
70952
70985
70992
71006
71033
71052
71096
71175
71208
71290
71297
71304
71304
71374
71405
71411
71440
71488
71552
71647
71685
71717
71804
71806
71815
71848
71937
71978
72053
72075
72081
72087
72172
72176
72204
72267
72563
72705
72910
72933
73175
73313
73424
73621
74014
74107
74223
74269
74579
75036
75067
76450
81198
99991
