13750
13885
13929
13949
14257
14607
14638
14646
14646
14659
14713
14733
14741
14741
14857
14865
14890
14901
14930
14960
14968
14970
14975
15021
15022
15046
15093
15120
15143
15146
15161
15179
15204
15208
15229
15236
15259
15271
15285
15285
15292
15337
15390
15395
15412
15434
15461
15509
15518
15598
15602
15630
15665
15693
15738
15748
15781
15786
15791
15795
15815
15837
15839
15860
15863
15891
15925
15948
15958
15963
15964
15990
15999
16009
16021
16052
16053
16141
16144
16155
16163
16174
16184
16213
16213
16249
16282
16292
16296
16303
16320
16323
16327
16346
16351
16354
16356
16397
16400
16401
16436
16455
16463
16472
16490
16500
16501
16507
16510
16511
16516
16522
16527
16567
16570
16599
16607
16608
16614
16625
16629
16641
16658
16659
16673
16674
16679
16693
16707
16736
16738
16741
16755
16770
16776
16783
16787
16792
16807
16811
16838
16848
16858
16863
16864
16876
16879
16881
16886
16886
16888
16891
16894
16902
16924
16929
16936
16947
16948
16956
16964
16971
16971
16987
16989
16998
17001
17005
17010
17010
17011
17017
17023
17026
17031
17033
17035
17048
17062
17063
17065
17065
17070
17077
17079
17079
17080
17086
17091
17094
17095
17101
17107
17114
17119
17141
17141
17142
17145
17153
17161
17162
17179
17191
17191
17192
17198
17198
17199
17202
17205
17205
17211
17222
17241
17243
17256
17262
17267
17271
17272
17276
17282
17287
17288
17291
17296
17301
17302
17307
17308
17313
17313
17324
17325
17326
17326
17329
17331
17335
17337
17340
17344
17345
17349
17350
17351
17355
17357
17357
17362
17364
17367
17370
17370
17371
17384
17384
17395
17403
17408
17408
17413
17418
17418
17419
17423
17427
17430
17431
17434
17437
17437
17451
17452
17459
17464
17471
17471
17476
17477
17483
17484
17485
17489
17489
17491
17495
17499
17500
17503
17504
17505
17516
17519
17520
17522
17523
17525
17525
17528
17530
17535
17536
17537
17539
17552
17556
17557
17562
17566
17571
17589
17594
17599
17599
17600
17605
17608
17616
17620
17621
17628
17628
17632
17633
17638
17639
17640
17644
17646
17647
17655
17656
17669
17669
17675
17678
17679
17687
17687
17691
17694
17696
17697
17700
17703
17704
17708
17719
17723
17723
17724
17734
17735
17747
17750
17757
17759
17759
17760
17760
17765
17769
17770
17770
17778
17781
17782
17786
17787
17790
17791
17791
17798
17799
17805
17805
17807
17810
17812
17813
17821
17825
17831
17834
17834
17836
17846
17847
17849
17854
17855
17858
17863
17864
17869
17874
17889
17892
17894
17896
17905
17905
17912
17918
17918
17923
17933
17938
17938
17944
17949
17950
17957
17957
17961
17964
17966
17968
17970
17972
17973
17975
17977
17979
17981
17982
17984
17986
17986
17992
17995
18004
18007
18008
18012
18014
18021
18021
18038
18039
18041
18041
18045
18046
18046
18047
18050
18051
18056
18059
18068
18068
18070
18077
18077
18078
18078
18078
18079
18081
18087
18094
18097
18102
18110
18113
18119
18121
18124
18127
18127
18141
18147
18148
18148
18150
18151
18152
18155
18156
18157
18158
18158
18161
18163
18168
18170
18172
18174
18174
18184
18185
18192
18200
18202
18203
18212
18221
18221
18238
18240
18242
18245
18248
18266
18267
18268
18270
18276
18282
18285
18297
18301
18304
18305
18308
18310
18313
18314
18317
18321
18321
18324
18328
18332
18332
18333
18335
18340
18340
18351
18352
18354
18359
18364
18365
18366
18369
18369
18370
18381
18385
18387
18390
18391
18391
18393
18396
18397
18397
18398
18402
18418
18420
18421
18422
18433
18433
18450
18451
18455
18457
18457
18458
18462
18463
18465
18466
18467
18469
18469
18471
18471
18472
18475
18477
18479
18482
18484
18485
18487
18489
18505
18506
18513
18517
18520
18522
18525
18526
18529
18530
18533
18533
18536
18539
18541
18550
18562
18571
18573
18575
18583
18586
18590
18593
18593
18598
18598
18599
18603
18603
18603
18608
18608
18611
18614
18621
18630
18630
18634
18635
18635
18642
18643
18654
18656
18661
18667
18669
18670
18681
18683
18689
18693
18696
18698
18700
18701
18702
18716
18723
18726
18736
18739
18740
18741
18744
18747
18751
18752
18761
18762
18774
18777
18778
18781
18788
18791
18793
18800
18805
18809
18821
18822
18823
18826
18828
18833
18834
18834
18837
18841
18842
18848
18850
18854
18855
18860
18866
18870
18887
18887
18891
18894
18900
18907
18917
18923
18932
18933
18935
18943
18949
18949
18949
18950
18955
18961
18961
18962
18974
18975
18976
18977
18977
18980
18982
18984
18984
18985
18987
18991
18992
18992
18995
18997
19000
19001
19002
19002
19005
19013
19020
19020
19025
19030
19033
19033
19034
19038
19041
19045
19051
19053
19054
19055
19056
19057
19060
19064
19065
19066
19073
19074
19077
19082
19084
19090
19092
19093
19095
19098
19103
19106
19109
19111
19119
19124
19135
19137
19147
19150
19150
19152
19152
19154
19163
19164
19164
19176
19177
19182
19186
19187
19188
19211
19212
19212
19213
19213
19216
19218
19221
19224
19228
19230
19230
19237
19249
19256
19263
19265
19269
19270
19284
19288
19292
19293
19298
19301
19316
19316
19317
19322
19327
19331
19331
19333
19333
19334
19335
19343
19343
19346
19347
19364
19368
19371
19372
19377
19383
19387
19397
19398
19403
19407
19410
19411
19419
19420
19422
19426
19430
19439
19445
19449
19450
19451
19452
19452
19465
19470
19478
19483
19502
19504
19504
19506
19512
19516
19516
19517
19524
19529
19541
19543
19543
19544
19548
19548
19548
19557
19564
19574
19597
19605
19607
19610
19611
19614
19616
19617
19620
19638
19656
19667
19672
19675
19686
19724
19731
19732
19733
19733
19746
19755
19779
19797
19807
19810
19810
19816
19818
19822
19823
19830
19851
19861
19869
19873
19874
19876
19880
19883
19883
19890
19896
19905
19915
19924
19945
19963
19971
19976
19991
19991
19992
19997
20005
20012
20017
20020
20020
20030
20033
20037
20039
20064
20074
20094
20099
20105
20106
20112
20119
20122
20124
20128
20144
20149
20178
20190
20206
20254
20256
20257
20261
20274
20278
20284
20289
20292
20299
20301
20308
20311
20312
20327
20340
20343
20345
20359
20381
20392
20404
20416
20420
20420
20473
20480
20493
20531
20701
20727
20729
20804
20850
20894
20906
20923
21002
21005
21035
21053
21106
21304
21310
21382
21411
21454
21540
21586
21726
21733
22732
23074
23305
