78424
78455
78498
78530
78612
78679
78790
78868
78878
78885
78957
78970
78971
78972
79087
79137
79169
79175
79193
79218
79227
79234
79239
79241
79253
79271
79288
79290
79298
79301
79310
79313
79345
79346
79373
79387
79391
79447
79453
79461
79474
79476
79483
79489
79497
79500
79501
79513
79515
79521
79547
79554
79559
79560
79563
79563
79568
79569
79587
79591
79607
79612
79612
79615
79627
79628
79641
79652
79658
79661
79696
79700
79700
79704
79705
79717
79718
79720
79728
79741
79743
79743
79747
79750
79754
79755
79763
79769
79773
79778
79784
79784
79786
79793
79796
79798
79800
79825
79826
79827
79835
79844
79845
79858
79858
79863
79866
79867
79870
79876
79876
79880
79881
79883
79890
79891
79894
79900
79902
79906
79907
79908
79910
79920
79920
79923
79925
79937
79940
79944
79947
79964
79970
79970
79979
79988
79998
80002
80006
80006
80008
80011
80016
80017
80019
80025
80026
80027
80032
80033
80034
80046
80050
80052
80053
80054
80063
80067
80077
80078
80079
80081
80083
80086
80095
80099
80101
80101
80107
80108
80109
80110
80120
80124
80124
80128
80129
80130
80133
80138
80145
80151
80153
80155
80155
80162
80162
80164
80164
80169
80172
80174
80175
80177
80177
80178
80183
80184
80187
80194
80197
80203
80206
80212
80214
80214
80220
80221
80221
80224
80224
80226
80229
80229
80233
80235
80236
80241
80245
80246
80248
80249
80250
80250
80251
80253
80261
80266
80267
80280
80280
80283
80288
80292
80294
80295
80301
80301
80304
80305
80307
80309
80312
80315
80315
80317
80320
80324
80324
80332
80339
80339
80340
80340
80341
80341
80343
80353
80358
80358
80363
80368
80368
80371
80378
80380
80380
80383
80385
80386
80388
80389
80390
80391
80394
80397
80397
80399
80400
80402
80403
80407
80409
80411
80411
80415
80415
80416
80416
80417
80426
80427
80427
80435
80437
80438
80441
80443
80444
80453
80455
80459
80461
80463
80464
80472
80472
80473
80473
80473
80475
80477
80478
80483
80487
80488
80489
80491
80495
80500
80501
80503
80504
80507
80520
80522
80526
80530
80533
80537
80543
80544
80545
80547
80548
80549
80550
80560
80561
80566
80567
80574
80575
80576
80576
80580
80580
80582
80586
80588
80590
80590
80598
80604
80604
80612
80619
80621
80621
80623
80624
80626
80628
80630
80634
80636
80639
80645
80652
80653
80660
80662
80662
80663
80666
80667
80669
80670
80673
80673
80674
80677
80680
80690
80693
80695
80698
80698
80699
80699
80701
80702
80702
80702
80704
80705
80708
80710
80711
80713
80713
80717
80718
80720
80726
80726
80729
80736
80739
80740
80741
80746
80757
80760
80760
80760
80760
80761
80763
80766
80774
80777
80778
80781
80783
80786
80788
80790
80791
80791
80792
80797
80802
80808
80809
80812
80814
80815
80824
80836
80841
80848
80850
80853
80856
80858
80861
80862
80865
80867
80869
80876
80877
80880
80880
80881
80884
80884
80885
80895
80898
80900
80900
80904
80905
80905
80906
80909
80914
80917
80919
80922
80925
80926
80926
80929
80937
80939
80943
80943
80945
80948
80954
80958
80958
80958
80959
80961
80963
80965
80965
80968
80975
80982
80990
81002
81005
81009
81012
81013
81024
81024
81027
81028
81028
81029
81029
81030
81031
81032
81039
81040
81045
81046
81051
81051
81056
81057
81059
81064
81066
81069
81072
81073
81078
81083
81089
81091
81091
81095
81098
81098
81102
81107
81107
81115
81115
81117
81117
81120
81122
81127
81136
81137
81138
81138
81139
81141
81141
81141
81142
81142
81144
81146
81146
81148
81150
81152
81152
81153
81154
81162
81166
81166
81170
81173
81174
81174
81174
81177
81177
81179
81180
81185
81186
81197
81198
81202
81203
81214
81218
81223
81224
81229
81231
81236
81240
81241
81241
81242
81253
81253
81257
81257
81262
81266
81267
81269
81271
81272
81274
81277
81287
81291
81298
81299
81303
81308
81308
81316
81317
81318
81321
81331
81334
81335
81337
81340
81345
81351
81353
81353
81357
81361
81361
81361
81366
81367
81374
81374
81384
81384
81385
81388
81388
81396
81396
81397
81403
81408
81409
81409
81410
81411
81412
81412
81421
81423
81424
81425
81429
81438
81439
81439
81440
81447
81449
81449
81454
81459
81468
81468
81471
81475
81475
81478
81481
81482
81482
81490
81494
81498
81499
81503
81504
81505
81509
81510
81511
81512
81514
81516
81522
81522
81526
81528
81531
81536
81545
81556
81558
81559
81563
81569
81570
81572
81573
81578
81579
81581
81594
81597
81599
81613
81617
81620
81625
81641
81651
81651
81652
81656
81658
81659
81661
81663
81670
81671
81696
81698
81710
81716
81718
81720
81720
81723
81728
81738
81745
81748
81749
81752
81763
81764
81765
81765
81772
81774
81777
81780
81788
81792
81794
81798
81803
81804
81825
81825
81832
81832
81833
81834
81836
81839
81842
81842
81842
81844
81848
81848
81848
81849
81861
81868
81874
81875
81882
81892
81896
81898
81901
81907
81912
81916
81921
81923
81931
81934
81935
81941
81943
81953
81953
81958
81980
81984
81991
81991
81999
82001
82005
82009
82015
82026
82029
82032
82038
82040
82040
82047
82050
82070
82086
82088
82088
82097
82098
82102
82103
82106
82111
82112
82114
82127
82127
82142
82144
82144
82150
82155
82164
82170
82175
82186
82197
82202
82207
82211
82219
82223
82227
82238
82238
82247
82249
82251
82254
82271
82278
82285
82292
82299
82303
82304
82306
82314
82314
82330
82349
82374
82377
82384
82392
82410
82420
82421
82424
82425
82429
82438
82438
82454
82463
82472
82474
82487
82498
82499
82501
82509
82514
82516
82530
82546
82553
82559
82560
82562
82582
82584
82604
82616
82620
82628
82632
82633
82635
82636
82645
82656
82665
82671
82678
82686
82707
82714
82742
82744
82770
82788
82789
82798
82802
82808
82809
82809
82849
82859
82890
82901
82909
82914
82935
82945
82965
82970
83002
83018
83036
83064
83069
83078
83101
83102
83104
83108
83152
83158
83164
83186
83240
83273
83304
83306
83330
83335
83344
83348
83424
83445
83448
83478
83538
83546
83574
83599
83632
83684
83691
83718
83727
83760
83787
83800
83815
83923
84094
84127
84188
84215
84216
84223
84255
84440
84492
84494
84540
84688
84745
84800
84802
84951
84959
85451
85520
85628
85806
85977
86061
86174
86345
86636
86704
86805
87036
87145
88616
90045
90057
90571
91496
92082
93035
93220
93501
93665
94261
96168
98063
99713
