23612
24066
24541
24740
25058
25408
25448
25588
25756
25786
25815
25818
25835
25923
25954
25956
25959
25964
25971
26099
26106
26118
26140
26149
26193
26207
26221
26246
26306
26332
26351
26377
26379
26380
26450
26464
26465
26490
26499
26500
26507
26546
26583
26592
26594
26609
26614
26649
26649
26664
26684
26788
26792
26824
26856
26858
26869
26934
26980
26987
27054
27088
27111
27170
27219
27241
27256
27259
27369
27452
27607
27845
27865
28033
28078
28355
28369
28665
28702
28917
29000
29023
29028
29038
29048
29117
29200
29285
29428
29526
29548
29561
29595
29618
29675
29790
29797
29862
29866
29891
29959
29977
30030
30039
30040
30118
30133
30148
30158
30205
30226
30234
30251
30300
30306
30312
30337
30366
30396
30404
30439
30444
30446
30465
30525
30555
30593
30619
30636
30640
30646
30737
30744
30784
30799
30827
30868
30878
30883
30903
30936
30970
30998
31020
31041
31075
31083
31098
31118
31123
31145
31174
31185
31187
31196
31197
31209
31234
31242
31253
31269
31276
31337
31375
31396
31408
31411
31412
31420
31427
31456
31479
31487
31491
31495
31498
31506
31530
31534
31545
31546
31552
31573
31589
31596
31605
31626
31629
31637
31650
31664
31665
31673
31677
31684
31692
31693
31707
31709
31719
31723
31739
31750
31757
31761
31764
31767
31767
31769
31781
31794
31796
31812
31815
31817
31819
31819
31829
31837
31846
31852
31861
31863
31875
31877
31878
31908
31920
31931
31937
31948
31952
31958
31961
31962
31965
31965
31972
31981
31996
32007
32013
32020
32021
32024
32025
32028
32039
32040
32046
32046
32052
32054
32062
32098
32111
32126
32134
32135
32150
32157
32158
32174
32183
32184
32189
32189
32196
32199
32199
32206
32209
32209
32212
32217
32229
32233
32239
32255
32273
32275
32278
32283
32285
32300
32306
32321
32338
32338
32345
32345
32347
32348
32348
32353
32355
32358
32367
32377
32377
32378
32379
32380
32381
32389
32392
32394
32395
32397
32399
32411
32422
32423
32427
32428
32432
32440
32456
32462
32463
32463
32464
32467
32467
32467
32468
32471
32473
32476
32477
32479
32481
32488
32499
32501
32506
32507
32512
32513
32516
32516
32526
32530
32531
32532
32536
32537
32542
32543
32547
32549
32553
32555
32557
32559
32559
32563
32571
32574
32574
32579
32579
32582
32584
32584
32585
32590
32590
32593
32593
32593
32594
32597
32600
32603
32605
32605
32607
32613
32615
32617
32618
32620
32620
32621
32626
32626
32626
32629
32639
32641
32641
32643
32649
32650
32651
32654
32655
32657
32661
32661
32662
32663
32665
32668
32671
32675
32678
32678
32679
32680
32680
32681
32685
32686
32687
32692
32699
32700
32701
32701
32702
32706
32706
32710
32712
32717
32718
32720
32724
32727
32731
32735
32735
32739
32740
32740
32743
32746
32751
32752
32752
32753
32758
32759
32764
32771
32772
32772
32773
32776
32776
32779
32779
32780
32781
32785
32799
32805
32806
32807
32809
32818
32824
32830
32833
32838
32841
32842
32844
32848
32848
32851
32852
32852
32861
32863
32871
32876
32879
32881
32885
32887
32891
32894
32894
32896
32899
32904
32909
32914
32915
32916
32920
32920
32922
32929
32932
32932
32934
32938
32940
32943
32944
32945
32949
32950
32951
32952
32952
32955
32956
32957
32958
32960
32962
32965
32967
32970
32971
32973
32979
32991
32997
32998
33002
33006
33007
33008
33013
33014
33015
33016
33017
33022
33025
33030
33031
33031
33036
33036
33050
33051
33057
33063
33064
33064
33066
33071
33074
33084
33088
33089
33090
33094
33102
33102
33106
33110
33111
33113
33117
33118
33119
33119
33122
33122
33126
33126
33130
33133
33141
33144
33145
33147
33150
33150
33151
33152
33153
33157
33161
33166
33166
33167
33172
33177
33178
33180
33182
33184
33184
33184
33187
33187
33192
33195
33200
33201
33204
33211
33212
33216
33226
33229
33229
33230
33238
33242
33244
33246
33246
33246
33248
33249
33249
33251
33253
33254
33259
33266
33267
33271
33276
33276
33277
33280
33281
33288
33288
33288
33292
33293
33295
33295
33295
33298
33300
33303
33320
33328
33330
33336
33343
33351
33355
33359
33364
33365
33367
33369
33372
33374
33375
33376
33379
33379
33379
33382
33382
33385
33386
33389
33390
33396
33404
33404
33416
33417
33417
33420
33421
33429
33432
33435
33441
33443
33453
33455
33462
33467
33467
33467
33467
33468
33469
33474
33479
33480
33490
33494
33495
33496
33496
33496
33499
33512
33522
33524
33526
33529
33530
33537
33538
33540
33544
33546
33550
33555
33556
33556
33561
33563
33569
33575
33590
33598
33613
33619
33620
33623
33626
33628
33628
33631
33639
33646
33648
33660
33662
33680
33685
33689
33694
33695
33704
33708
33711
33711
33714
33724
33725
33736
33738
33764
33765
33769
33782
33787
33789
33802
33809
33810
33813
33815
33815
33816
33817
33818
33818
33827
33828
33833
33839
33840
33852
33854
33855
33858
33859
33862
33867
33871
33872
33879
33884
33892
33895
33897
33917
33919
33920
33921
33921
33928
33929
33940
33944
33962
33963
33986
34010
34026
34040
34042
34042
34042
34048
34065
34068
34072
34087
34094
34095
34098
34104
34105
34116
34117
34119
34133
34142
34148
34179
34182
34189
34194
34199
34203
34204
34223
34232
34233
34248
34251
34252
34254
34258
34258
34263
34273
34282
34282
34298
34301
34303
34312
34360
34386
34386
34395
34401
34418
34421
34424
34427
34440
34447
34453
34477
34478
34482
34499
34506
34521
34539
34552
34570
34594
34599
34607
34616
34641
34671
34680
34686
34692
34693
34694
34698
34704
34709
34713
34714
34756
34773
34777
34777
34778
34798
34801
34814
34819
34822
34823
34824
34834
34852
34859
34869
34895
34901
34909
34927
34940
34947
34961
34977
34979
35000
35023
35034
35040
35048
35066
35099
35107
35107
35112
35152
35159
35247
35256
35259
35263
35264
35266
35291
35298
35317
35322
35354
35355
35403
35440
35473
35499
35513
35528
35533
35539
35543
35560
35625
35632
35656
35667
35698
35745
35752
35775
35782
35817
35840
35849
35872
35910
35911
35986
36053
36077
36085
36230
36266
36266
36297
36298
36311
36313
36345
36367
36434
36469
36481
36507
36521
36543
36547
36558
36564
36627
36636
36660
36736
36765
36769
36779
36806
36841
36849
36867
36869
37158
37228
37272
37374
37406
37462
37568
37681
37891
38036
38515
38777
38887
38895
38901
39147
40120
45313
