4516
4522
4581
4582
4629
4631
4638
4662
4662
4675
4682
4683
4711
4721
4726
4730
4732
4733
4733
4759
4763
4764
4770
4773
4774
4778
4791
4798
4801
4804
4807
4809
4811
4815
4822
4823
4824
4830
4837
4841
4843
4845
4859
4867
4875
4877
4877
4877
4880
4893
4893
4896
4901
4903
4903
4914
4938
4945
4952
4958
4959
4970
4970
4974
4985
4988
4992
4994
4999
5003
5012
5017
5022
5040
5044
5046
5053
5090
5091
5097
5098
5098
5105
5106
5110
5138
5145
5147
5148
5152
5154
5162
5186
5199
5200
5224
5237
5254
5287
5328
5336
5345
5347
5350
5369
5388
5398
5412
5454
5461
5470
5481
5490
5497
5511
5514
5547
5578
5578
5589
5602
5640
5687
5694
5704
5707
5712
5726
5733
5738
5747
5761
5774
5778
5788
5817
5820
5831
5837
5844
5857
5858
5861
5884
5886
5908
5912
5918
5925
5929
5932
5948
5957
5970
5976
5976
6009
6021
6022
6043
6049
6049
6057
6067
6078
6092
6092
6103
6105
6119
6128
6144
6144
6147
6149
6159
6161
6167
6171
6211
6223
6245
6248
6250
6261
6272
6273
6276
6282
6296
6308
6315
6329
6330
6330
6333
6362
6373
6380
6383
6388
6401
6407
6409
6417
6422
6434
6450
6456
6458
6468
6478
6479
6498
6511
6519
6530
6534
6545
6550
6551
6565
6569
6575
6584
6586
6588
6603
6624
6627
6630
6630
6640
6640
6649
6654
6655
6656
6660
6661
6669
6670
6671
6675
6710
6727
6742
6757
6758
6762
6769
6778
6778
6787
6798
6799
6804
6805
6805
6808
6822
6827
6829
6837
6843
6844
6850
6866
6886
6891
6898
6911
6919
6926
6929
6931
6932
6936
6941
6964
6966
6966
6966
6970
6973
6977
6988
6999
7010
7013
7018
7019
7028
7030
7050
7057
7058
7061
7065
7065
7073
7085
7085
7107
7108
7115
7118
7118
7121
7124
7131
7140
7145
7153
7157
7159
7214
7225
7230
7231
7234
7245
7250
7258
7269
7269
7275
7279
7281
7300
7301
7306
7309
7309
7317
7318
7332
7336
7338
7345
7350
7357
7374
7375
7382
7384
7388
7389
7394
7396
7396
7402
7421
7432
7440
7443
7450
7456
7456
7456
7457
7459
7462
7463
7468
7476
7478
7483
7484
7489
7492
7505
7518
7519
7525
7530
7532
7538
7542
7542
7546
7564
7569
7576
7577
7580
7580
7585
7586
7597
7606
7609
7615
7616
7616
7621
7622
7626
7636
7637
7638
7641
7645
7648
7650
7652
7655
7660
7662
7666
7671
7673
7684
7687
7691
7694
7697
7698
7699
7700
7714
7721
7726
7731
7735
7742
7743
7744
7750
7764
7775
7782
7784
7798
7804
7807
7809
7813
7833
7840
7842
7846
7849
7850
7852
7853
7858
7862
7863
7864
7872
7873
7874
7877
7880
7882
7882
7883
7885
7888
7891
7891
7893
7893
7899
7909
7912
7913
7918
7930
7930
7934
7946
7952
7956
7960
7968
7970
7972
7976
7977
7979
7982
7988
7994
7997
8001
8002
8004
8004
8005
8008
8008
8010
8013
8018
8022
8026
8026
8030
8037
8042
8042
8045
8046
8047
8048
8052
8053
8056
8057
8064
8065
8066
8069
8069
8071
8073
8096
8100
8103
8103
8104
8105
8108
8110
8112
8116
8117
8128
8131
8139
8141
8145
8147
8151
8152
8153
8161
8164
8171
8172
8172
8176
8191
8194
8195
8199
8207
8210
8212
8213
8219
8219
8222
8232
8235
8236
8237
8252
8253
8258
8262
8266
8267
8267
8270
8273
8275
8279
8285
8290
8294
8303
8304
8306
8317
8319
8322
8323
8333
8333
8334
8342
8343
8345
8345
8347
8348
8348
8355
8358
8360
8372
8379
8381
8386
8390
8392
8400
8403
8405
8405
8410
8411
8420
8423
8431
8433
8433
8440
8442
8445
8449
8450
8454
8455
8456
8459
8465
8468
8469
8474
8476
8476
8481
8484
8488
8490
8492
8498
8499
8501
8501
8502
8504
8508
8511
8516
8520
8522
8523
8527
8538
8538
8540
8541
8549
8550
8552
8552
8552
8553
8557
8558
8565
8567
8570
8572
8583
8585
8585
8595
8597
8604
8607
8620
8621
8622
8624
8624
8625
8626
8629
8631
8634
8648
8650
8658
8658
8666
8674
8675
8676
8678
8680
8681
8682
8686
8693
8694
8699
8701
8704
8704
8706
8707
8713
8722
8725
8726
8728
8729
8731
8734
8736
8740
8752
8753
8763
8763
8765
8769
8769
8774
8776
8783
8787
8787
8790
8792
8795
8798
8802
8807
8813
8814
8814
8817
8820
8823
8824
8828
8829
8830
8838
8839
8839
8840
8852
8852
8855
8856
8859
8869
8871
8884
8888
8899
8903
8905
8906
8910
8911
8915
8915
8919
8920
8927
8927
8931
8934
8938
8952
8955
8961
8972
8974
8980
8980
8988
8991
9003
9005
9010
9012
9015
9026
9029
9030
9041
9041
9043
9046
9052
9065
9065
9069
9074
9080
9081
9085
9093
9094
9094
9098
9100
9110
9111
9111
9112
9114
9122
9125
9126
9129
9131
9139
9143
9143
9155
9161
9168
9168
9169
9170
9170
9170
9172
9174
9174
9179
9181
9183
9190
9194
9198
9199
9203
9205
9206
9206
9206
9209
9210
9213
9219
9223
9226
9226
9244
9250
9258
9263
9264
9265
9265
9265
9268
9269
9275
9287
9296
9304
9305
9315
9321
9322
9324
9329
9338
9338
9343
9347
9348
9349
9351
9351
9361
9362
9362
9373
9376
9379
9401
9402
9402
9407
9419
9424
9424
9426
9431
9432
9436
9438
9440
9443
9452
9459
9462
9468
9472
9473
9483
9485
9486
9490
9494
9495
9512
9514
9514
9519
9522
9523
9535
9535
9538
9539
9542
9549
9550
9554
9557
9559
9562
9566
9572
9573
9574
9578
9580
9584
9594
9600
9608
9611
9611
9611
9615
9615
9619
9623
9635
9636
9640
9642
9647
9648
9654
9655
9666
9670
9673
9685
9694
9698
9699
9707
9710
9713
9715
9719
9723
9725
9737
9755
9761
9761
9762
9773
9781
9785
9788
9802
9806
9806
9808
9809
9817
9844
9847
9852
9862
9893
9898
9908
9921
9927
9942
9958
9960
9974
9989
9996
10087
10103
10105
10238
10250
10272
10333
10412
10539
10558
11048
11125
11518
12665
