9629
9787
9917
9936
9989
9990
9996
10067
10156
10239
10290
10438
10460
10463
10542
10595
10636
10655
10680
10752
10778
10823
10826
10841
10872
10955
10984
10997
11005
11024
11042
11233
11256
11261
11265
11314
11403
11435
11481
11516
11564
11592
11620
11643
11651
11674
11691
11773
11868
11881
11925
11934
11974
12017
12025
12064
12087
12099
12156
12176
12214
12228
12245
12327
12356
12394
12397
12405
12422
12423
12448
12473
12499
12553
12693
12727
12742
12771
12795
12821
12827
12860
12880
12952
12958
12995
13036
13045
13050
13055
13128
13167
13194
13206
13213
13251
13274
13357
13421
13427
13435
13438
13500
13636
13682
13700
13705
13713
13748
13757
13801
13825
13836
13844
13891
13899
13911
13935
13971
13981
13984
13986
13989
14009
14102
14120
14132
14144
14158
14171
14174
14213
14214
14222
14223
14230
14242
14276
14290
14299
14301
14364
14367
14377
14397
14418
14448
14465
14485
14489
14501
14523
14535
14548
14554
14573
14575
14576
14578
14583
14593
14596
14604
14607
14612
14645
14651
14656
14659
14674
14675
14679
14687
14688
14690
14716
14724
14727
14733
14734
14756
14758
14760
14761
14766
14769
14771
14772
14776
14786
14787
14808
14814
14816
14835
14835
14840
14841
14843
14849
14856
14866
14873
14886
14890
14897
14914
14915
14930
14949
14955
14961
14961
14994
15004
15008
15011
15013
15022
15025
15040
15052
15056
15057
15064
15068
15071
15076
15087
15090
15091
15094
15095
15096
15102
15102
15103
15106
15109
15110
15111
15113
15115
15118
15125
15126
15128
15131
15136
15137
15138
15143
15143
15146
15158
15159
15160
15161
15164
15167
15169
15171
15173
15178
15185
15197
15201
15202
15202
15204
15207
15211
15216
15216
15216
15231
15233
15235
15236
15252
15252
15256
15262
15264
15264
15265
15272
15272
15277
15305
15307
15308
15314
15325
15332
15332
15336
15336
15341
15352
15366
15370
15371
15372
15386
15388
15389
15399
15399
15406
15410
15416
15420
15426
15428
15429
15429
15431
15434
15436
15436
15438
15440
15443
15444
15445
15452
15453
15461
15469
15475
15506
15507
15507
15520
15532
15533
15533
15535
15549
15552
15553
15563
15565
15567
15568
15586
15589
15603
15610
15611
15613
15615
15615
15617
15620
15621
15626
15630
15631
15635
15639
15640
15641
15644
15645
15646
15654
15661
15665
15670
15672
15675
15677
15679
15679
15684
15685
15685
15686
15691
15695
15701
15701
15709
15714
15720
15722
15726
15729
15732
15736
15738
15739
15744
15745
15747
15755
15757
15757
15762
15765
15765
15765
15766
15766
15772
15774
15775
15779
15782
15783
15783
15786
15786
15797
15798
15799
15807
15809
15813
15816
15823
15825
15826
15835
15841
15846
15848
15863
15868
15873
15876
15880
15881
15897
15900
15906
15908
15917
15920
15921
15934
15934
15937
15942
15956
15958
15958
15960
15963
15976
15977
15979
15984
15989
16007
16009
16013
16016
16018
16021
16026
16028
16032
16047
16048
16050
16054
16066
16075
16075
16078
16078
16078
16082
16083
16089
16098
16106
16109
16128
16131
16144
16144
16148
16157
16169
16169
16170
16171
16173
16184
16185
16196
16202
16205
16213
16215
16215
16215
16216
16216
16219
16221
16224
16234
16236
16244
16248
16250
16255
16255
16261
16262
16269
16270
16272
16275
16280
16282
16290
16293
16293
16303
16305
16308
16308
16319
16326
16333
16339
16343
16344
16351
16357
16359
16366
16368
16370
16372
16386
16387
16388
16389
16404
16407
16409
16412
16416
16420
16422
16425
16434
16436
16443
16446
16448
16449
16450
16450
16454
16466
16468
16469
16478
16479
16495
16496
16501
16503
16504
16504
16506
16525
16527
16533
16555
16560
16565
16566
16567
16573
16577
16578
16579
16582
16586
16587
16587
16587
16589
16589
16590
16595
16599
16600
16609
16614
16616
16620
16640
16658
16664
16666
16667
16670
16673
16677
16682
16683
16684
16687
16693
16716
16717
16723
16733
16733
16736
16736
16740
16749
16749
16753
16764
16766
16766
16776
16781
16788
16792
16800
16803
16803
16809
16820
16822
16829
16832
16855
16857
16872
16879
16883
16890
16899
16902
16905
16918
16925
16926
16928
16936
16938
16941
16945
16945
16948
16952
16955
16956
16963
16984
16996
16997
16999
17002
17007
17009
17015
17016
17019
17024
17039
17039
17040
17042
17049
17059
17060
17069
17074
17088
17100
17108
17109
17110
17117
17118
17123
17128
17130
17131
17133
17146
17147
17157
17158
17162
17171
17176
17177
17186
17188
17190
17191
17195
17196
17198
17202
17210
17213
17215
17218
17218
17220
17227
17228
17233
17238
17238
17243
17246
17262
17267
17268
17275
17286
17292
17292
17301
17303
17305
17309
17314
17321
17322
17337
17338
17343
17344
17345
17349
17353
17377
17384
17386
17387
17393
17393
17395
17396
17397
17398
17403
17412
17440
17457
17460
17472
17473
17484
17487
17496
17499
17503
17508
17509
17516
17521
17523
17534
17535
17543
17565
17569
17569
17571
17572
17580
17589
17590
17593
17606
17609
17610
17610
17610
17612
17613
17626
17627
17641
17645
17653
17654
17660
17660
17662
17665
17670
17671
17672
17677
17679
17685
17686
17690
17691
17695
17695
17717
17732
17740
17767
17771
17786
17787
17798
17807
17810
17813
17816
17819
17820
17831
17832
17839
17841
17845
17866
17866
17868
17873
17876
17890
17891
17896
17901
17903
17905
17906
17908
17909
17909
17922
17929
17945
17956
17957
17965
17972
17975
17977
17997
17998
18012
18017
18019
18023
18031
18039
18042
18060
18063
18068
18078
18086
18098
18122
18122
18123
18139
18152
18168
18173
18174
18177
18179
18184
18185
18188
18192
18192
18202
18211
18214
18215
18220
18223
18237
18246
18268
18275
18278
18280
18296
18310
18321
18329
18341
18344
18347
18350
18352
18375
18380
18388
18393
18394
18400
18400
18416
18416
18418
18427
18432
18457
18457
18458
18474
18485
18507
18512
18516
18524
18524
18536
18551
18568
18596
18600
18616
18625
18627
18635
18638
18640
18649
18650
18670
18671
18690
18697
18702
18712
18717
18735
18739
18744
18762
18777
18778
18785
18793
18812
18814
18815
18823
18859
18876
18885
18895
18901
18905
18964
18982
18985
18988
18997
19014
19042
19059
19060
19063
19071
19093
19106
19114
19139
19143
19163
19179
19221
19226
19312
19345
19373
19379
19406
19460
19544
19877
20397
20534
20837
21193
21417
25116
