4704
4735
4741
4767
4815
4826
4828
4845
4863
4873
4888
4903
4909
4912
4923
4946
4949
4951
4958
4960
4974
4976
4977
4980
4982
4983
4986
4996
5000
5003
5004
5008
5008
5008
5008
5008
5012
5012
5017
5020
5020
5030
5033
5041
5061
5073
5073
5079
5088
5090
5090
5098
5099
5100
5103
5114
5121
5126
5129
5132
5132
5135
5138
5140
5141
5154
5156
5157
5162
5169
5169
5178
5181
5181
5183
5184
5188
5193
5197
5197
5200
5204
5206
5209
5210
5213
5214
5214
5220
5224
5229
5243
5243
5243
5243
5248
5252
5254
5256
5261
5263
5267
5268
5268
5269
5269
5270
5284
5284
5287
5290
5293
5299
5299
5299
5300
5302
5329
5334
5334
5335
5335
5336
5344
5345
5352
5355
5361
5362
5371
5378
5378
5381
5382
5383
5387
5392
5394
5398
5401
5415
5421
5422
5427
5435
5454
5460
5462
5463
5471
5474
5479
5481
5489
5493
5496
5497
5504
5507
5515
5516
5517
5527
5528
5530
5542
5543
5544
5547
5555
5557
5560
5561
5566
5569
5569
5573
5575
5580
5581
5585
5586
5588
5589
5594
5594
5602
5603
5609
5612
5615
5616
5617
5618
5623
5629
5636
5638
5645
5646
5647
5649
5650
5650
5658
5659
5659
5660
5661
5663
5663
5672
5676
5677
5679
5688
5688
5691
5695
5700
5703
5709
5711
5714
5721
5722
5722
5722
5725
5729
5734
5738
5738
5740
5745
5746
5747
5751
5751
5753
5754
5755
5756
5758
5761
5762
5763
5765
5766
5768
5783
5785
5785
5787
5793
5795
5801
5802
5803
5804
5810
5811
5814
5815
5820
5821
5824
5825
5829
5830
5831
5831
5836
5838
5839
5840
5841
5841
5846
5848
5848
5855
5860
5860
5861
5865
5866
5877
5880
5884
5894
5894
5894
5897
5901
5904
5904
5905
5906
5908
5909
5911
5912
5914
5919
5919
5920
5926
5928
5928
5929
5932
5934
5934
5936
5936
5938
5939
5939
5940
5940
5942
5945
5945
5947
5949
5952
5954
5954
5956
5961
5962
5962
5963
5967
5969
5971
5972
5974
5974
5975
5975
5978
5979
5979
5982
5987
5987
5988
5992
5993
5994
5997
5997
6001
6001
6003
6004
6004
6004
6004
6004
6006
6015
6016
6016
6016
6017
6019
6020
6020
6024
6030
6034
6035
6040
6046
6050
6050
6052
6052
6053
6055
6058
6060
6060
6064
6064
6067
6067
6069
6071
6075
6077
6081
6082
6085
6087
6088
6089
6090
6092
6092
6092
6092
6095
6097
6099
6099
6101
6102
6102
6109
6110
6111
6113
6116
6117
6121
6122
6124
6126
6133
6133
6134
6135
6140
6143
6143
6145
6146
6147
6149
6152
6152
6155
6155
6157
6157
6162
6165
6166
6167
6168
6172
6173
6175
6175
6175
6177
6180
6181
6182
6183
6184
6187
6189
6194
6195
6195
6197
6197
6197
6198
6200
6206
6207
6209
6210
6213
6215
6216
6217
6217
6218
6218
6219
6222
6224
6228
6231
6231
6233
6235
6241
6242
6243
6247
6248
6248
6249
6252
6252
6253
6255
6258
6260
6260
6267
6268
6269
6269
6275
6276
6277
6281
6282
6283
6285
6287
6290
6290
6291
6292
6293
6295
6297
6299
6301
6301
6302
6304
6305
6312
6312
6313
6316
6320
6321
6322
6322
6322
6326
6327
6327
6335
6335
6336
6336
6337
6337
6337
6340
6340
6342
6344
6344
6345
6349
6349
6351
6353
6356
6357
6359
6360
6369
6373
6378
6386
6386
6387
6387
6388
6388
6388
6390
6391
6392
6394
6396
6396
6400
6401
6403
6403
6403
6405
6407
6408
6409
6411
6413
6417
6421
6421
6422
6426
6430
6433
6435
6435
6437
6439
6441
6441
6443
6444
6445
6446
6447
6449
6452
6454
6454
6454
6459
6462
6462
6463
6464
6465
6466
6467
6468
6468
6469
6472
6473
6474
6474
6474
6479
6479
6479
6480
6481
6481
6485
6487
6487
6489
6490
6491
6493
6495
6495
6495
6499
6499
6500
6502
6504
6506
6507
6507
6508
6509
6511
6514
6514
6514
6515
6515
6516
6521
6522
6522
6523
6523
6524
6525
6527
6530
6531
6534
6539
6546
6548
6553
6554
6554
6559
6560
6562
6562
6562
6563
6567
6570
6575
6577
6577
6581
6583
6587
6587
6589
6590
6591
6594
6596
6601
6602
6602
6605
6605
6606
6610
6612
6613
6613
6615
6618
6620
6622
6623
6625
6626
6626
6627
6627
6628
6628
6631
6634
6635
6636
6641
6641
6641
6646
6647
6647
6649
6649
6653
6656
6657
6658
6658
6659
6660
6661
6662
6664
6664
6664
6669
6669
6671
6673
6679
6681
6684
6684
6686
6687
6689
6692
6692
6693
6694
6697
6698
6699
6701
6705
6705
6706
6706
6706
6710
6712
6718
6719
6720
6721
6722
6723
6726
6726
6729
6733
6735
6742
6744
6746
6748
6751
6751
6758
6759
6760
6761
6761
6764
6767
6770
6771
6772
6775
6779
6779
6779
6782
6783
6784
6786
6787
6787
6789
6791
6792
6793
6793
6794
6800
6800
6808
6812
6814
6817
6818
6821
6822
6823
6826
6827
6827
6829
6831
6831
6833
6834
6835
6837
6837
6837
6840
6841
6842
6843
6844
6850
6850
6851
6851
6852
6861
6866
6868
6871
6872
6873
6874
6875
6876
6879
6887
6887
6889
6890
6893
6896
6898
6898
6899
6901
6901
6903
6906
6908
6908
6908
6908
6911
6914
6915
6919
6926
6927
6929
6931
6934
6945
6946
6948
6949
6951
6959
6961
6961
6963
6973
6974
6976
6977
6979
6984
6985
6987
6988
6990
6995
6999
7001
7003
7009
7013
7017
7020
7022
7025
7025
7026
7034
7036
7040
7042
7042
7043
7044
7049
7050
7059
7064
7066
7070
7087
7097
7104
7108
7109
7122
7139
7141
7143
7150
7157
7159
7159
7160
7166
7182
7183
7185
7186
7189
7191
7194
7195
7197
7201
7201
7213
7218
7222
7225
7235
7248
7249
7259
7261
7269
7278
7280
7292
7293
7294
7317
7319
7321
7325
7335
7349
7355
7360
7365
7367
7375
7398
7399
7409
7411
7423
7427
7434
7444
7447
7449
7450
7463
7510
7515
7556
7588
7613
7757
7936
8068
8082
8228
8258
8275
8286
8672
8760
9009
9028
