10858
11074
11087
11100
11120
11125
11132
11142
11153
11188
11193
11226
11241
11246
11299
11319
11352
11357
11362
11367
11410
11413
11426
11433
11450
11452
11468
11478
11491
11498
11503
11508
11520
11542
11565
11574
11580
11653
11667
11667
11669
11680
11694
11700
11708
11726
11747
11756
11763
11772
11772
11777
11794
11805
11828
11840
11844
11848
11891
11909
11910
11927
11950
11954
11968
11969
11975
11994
12021
12040
12055
12064
12068
12070
12093
12180
12180
12228
12256
12264
12283
12292
12298
12299
12300
12303
12305
12310
12331
12355
12357
12375
12382
12389
12392
12393
12396
12399
12399
12405
12406
12407
12408
12415
12423
12426
12430
12431
12433
12433
12437
12457
12459
12460
12466
12474
12485
12497
12519
12532
12539
12543
12544
12545
12546
12553
12555
12558
12570
12580
12583
12592
12612
12613
12621
12625
12626
12642
12643
12655
12666
12667
12669
12678
12681
12682
12693
12722
12775
12783
12783
12789
12790
12804
12804
12817
12825
12835
12850
12851
12854
12855
12862
12866
12871
12873
12874
12877
12896
12902
12908
12910
12911
12917
12927
12929
12946
12946
12947
12949
12987
12987
12998
13003
13012
13014
13023
13036
13036
13043
13054
13057
13057
13057
13060
13060
13066
13073
13092
13095
13102
13103
13109
13117
13129
13132
13138
13149
13160
13163
13167
13173
13177
13178
13183
13185
13190
13191
13196
13197
13198
13198
13209
13217
13217
13218
13225
13230
13234
13241
13250
13258
13260
13263
13269
13275
13283
13288
13295
13306
13307
13311
13318
13323
13332
13334
13343
13349
13359
13362
13381
13388
13396
13396
13398
13408
13409
13410
13426
13429
13432
13440
13443
13448
13451
13453
13456
13457
13468
13473
13478
13479
13483
13485
13492
13504
13504
13510
13513
13523
13539
13552
13552
13559
13563
13565
13570
13575
13587
13597
13600
13604
13618
13619
13620
13628
13635
13644
13648
13656
13663
13664
13667
13668
13673
13682
13685
13688
13689
13695
13699
13702
13705
13707
13710
13724
13725
13729
13735
13736
13739
13745
13747
13750
13751
13754
13754
13759
13766
13768
13779
13779
13780
13782
13783
13784
13789
13794
13796
13798
13802
13821
13831
13832
13835
13837
13840
13841
13844
13848
13853
13856
13857
13863
13866
13866
13871
13872
13874
13894
13899
13907
13908
13917
13918
13925
13927
13927
13928
13932
13937
13940
13946
13950
13954
13954
13955
13958
13962
13968
13969
13985
13992
13994
13994
13995
13996
13998
14011
14015
14026
14030
14031
14040
14045
14045
14050
14065
14070
14072
14075
14077
14079
14082
14087
14090
14095
14100
14102
14112
14112
14116
14117
14117
14119
14123
14123
14131
14131
14134
14134
14136
14139
14144
14152
14155
14167
14172
14177
14178
14180
14181
14182
14186
14187
14187
14188
14189
14189
14198
14202
14208
14213
14217
14234
14239
14240
14240
14241
14244
14249
14253
14254
14257
14258
14261
14264
14264
14267
14267
14267
14274
14278
14280
14283
14284
14288
14292
14297
14299
14299
14299
14306
14309
14312
14316
14325
14331
14337
14340
14343
14346
14346
14349
14356
14360
14369
14373
14387
14397
14400
14405
14413
14413
14414
14417
14422
14422
14423
14427
14427
14429
14431
14431
14433
14434
14435
14435
14436
14446
14448
14449
14449
14450
14452
14454
14457
14457
14460
14464
14479
14480
14482
14483
14484
14495
14495
14499
14500
14503
14508
14512
14513
14517
14518
14521
14525
14528
14530
14531
14534
14535
14541
14542
14542
14547
14551
14552
14554
14554
14558
14560
14561
14568
14570
14572
14575
14576
14577
14578
14578
14588
14588
14591
14593
14594
14595
14601
14602
14603
14610
14616
14617
14617
14621
14623
14624
14626
14630
14631
14638
14643
14650
14651
14658
14658
14658
14659
14661
14666
14668
14676
14678
14678
14680
14681
14681
14682
14682
14682
14683
14683
14683
14684
14686
14686
14687
14689
14691
14692
14693
14695
14702
14703
14704
14711
14716
14723
14725
14727
14728
14730
14731
14731
14734
14737
14739
14742
14744
14744
14745
14749
14749
14749
14751
14751
14757
14762
14763
14765
14770
14772
14772
14774
14774
14774
14775
14778
14778
14779
14783
14783
14784
14785
14797
14800
14800
14801
14803
14806
14809
14809
14819
14826
14828
14830
14831
14835
14836
14846
14848
14850
14851
14856
14857
14863
14870
14873
14875
14878
14879
14885
14885
14886
14890
14891
14891
14893
14894
14894
14896
14896
14897
14901
14906
14906
14912
14917
14918
14923
14925
14927
14936
14937
14944
14949
14949
14952
14953
14954
14955
14959
14960
14961
14966
14972
14979
14983
14986
14988
14991
14995
14999
15002
15013
15019
15021
15031
15053
15054
15059
15063
15066
15066
15067
15082
15083
15084
15091
15092
15095
15097
15099
15099
15100
15101
15108
15112
15117
15120
15136
15138
15139
15150
15151
15155
15173
15180
15185
15190
15190
15191
15194
15195
15195
15197
15198
15198
15200
15203
15210
15214
15214
15215
15218
15221
15224
15225
15226
15228
15235
15237
15240
15243
15248
15249
15255
15255
15262
15263
15266
15272
15273
15275
15276
15277
15281
15284
15292
15303
15319
15319
15325
15335
15337
15337
15347
15351
15356
15360
15361
15366
15372
15373
15390
15393
15399
15404
15409
15419
15422
15428
15433
15439
15441
15454
15461
15469
15469
15472
15475
15489
15493
15495
15503
15506
15516
15518
15525
15526
15529
15530
15534
15534
15536
15544
15561
15561
15566
15573
15575
15581
15584
15586
15586
15591
15595
15598
15603
15608
15611
15611
15611
15627
15632
15632
15634
15642
15654
15663
15672
15677
15682
15694
15695
15696
15702
15712
15717
15722
15727
15740
15740
15756
15769
15771
15774
15785
15792
15805
15813
15820
15830
15831
15837
15838
15841
15841
15849
15850
15855
15856
15860
15871
15880
15882
15889
15907
15917
15955
15959
15978
15980
15985
15997
16007
16018
16023
16028
16030
16031
16032
16043
16062
16068
16070
16095
16106
16120
16123
16128
16130
16135
16146
16154
16157
16159
16175
16175
16190
16193
16195
16198
16203
16203
16207
16209
16217
16230
16230
16232
16234
16258
16266
16266
16323
16341
16348
16358
16365
16368
16385
16418
16428
16479
16484
16503
16524
16548
16550
16598
16607
16630
16632
16636
16645
16654
16666
16701
16757
16817
16844
16845
16858
16910
16914
16952
16962
17048
17083
17211
17230
17293
17336
17363
17377
17446
17738
18759
19107
