144934
144969
145061
145085
145103
145114
145117
145118
145141
145147
145190
145205
145211
145231
145245
145245
145254
145259
145261
145274
145295
145304
145306
145317
145319
145322
145322
145332
145334
145341
145347
145351
145360
145361
145363
145368
145381
145383
145396
145397
145400
145401
145401
145404
145408
145411
145416
145418
145421
145422
145424
145428
145433
145434
145438
145439
145440
145440
145443
145448
145448
145450
145452
145454
145458
145463
145468
145470
145472
145476
145477
145486
145488
145504
145505
145506
145509
145510
145512
145517
145518
145521
145523
145526
145527
145527
145529
145530
145539
145542
145546
145547
145547
145550
145550
145552
145553
145561
145562
145569
145569
145570
145572
145572
145575
145576
145576
145586
145590
145590
145592
145593
145594
145599
145601
145603
145606
145607
145607
145611
145612
145614
145614
145618
145625
145626
145629
145629
145629
145631
145631
145632
145632
145632
145633
145634
145640
145640
145640
145642
145644
145648
145648
145650
145652
145655
145655
145656
145659
145665
145665
145669
145669
145670
145671
145671
145674
145674
145675
145682
145683
145684
145685
145685
145686
145687
145688
145694
145694
145695
145696
145697
145697
145698
145703
145704
145707
145707
145711
145713
145716
145716
145719
145719
145725
145727
145728
145732
145732
145736
145741
145745
145746
145753
145753
145756
145760
145762
145763
145763
145764
145764
145765
145765
145765
145767
145768
145770
145770
145777
145779
145780
145780
145785
145786
145789
145792
145793
145794
145794
145795
145799
145800
145800
145800
145802
145803
145804
145809
145809
145810
145810
145812
145814
145815
145817
145817
145822
145823
145824
145825
145828
145828
145829
145831
145832
145832
145834
145836
145836
145839
145844
145845
145846
145846
145846
145846
145847
145848
145851
145851
145856
145856
145857
145860
145862
145862
145863
145864
145865
145866
145869
145869
145870
145871
145874
145878
145879
145880
145881
145882
145883
145884
145886
145888
145889
145890
145891
145893
145893
145894
145894
145894
145894
145895
145895
145896
145897
145897
145898
145900
145901
145902
145902
145905
145906
145906
145906
145907
145908
145909
145910
145910
145913
145915
145915
145917
145917
145918
145920
145921
145923
145927
145927
145928
145928
145933
145933
145934
145935
145936
145936
145940
145940
145943
145943
145944
145944
145945
145947
145948
145952
145954
145955
145956
145956
145957
145957
145959
145959
145960
145960
145960
145961
145963
145964
145964
145966
145967
145967
145967
145969
145970
145970
145971
145973
145974
145978
145979
145980
145980
145981
145982
145982
145982
145983
145984
145984
145985
145985
145985
145985
145986
145986
145986
145989
145989
145989
145991
145991
145992
145992
145994
145994
145994
145995
145996
145996
145997
146000
146003
146003
146005
146006
146008
146008
146010
146010
146010
146012
146018
146018
146018
146020
146021
146021
146021
146022
146023
146024
146025
146029
146030
146030
146030
146032
146033
146033
146036
146036
146036
146036
146036
146037
146038
146039
146041
146041
146042
146043
146043
146044
146044
146047
146047
146047
146048
146049
146049
146050
146052
146053
146055
146059
146060
146060
146060
146061
146062
146063
146063
146063
146065
146065
146066
146068
146070
146070
146071
146071
146073
146077
146077
146078
146078
146079
146082
146083
146084
146086
146086
146086
146090
146091
146092
146092
146094
146095
146095
146096
146096
146096
146098
146099
146099
146100
146100
146104
146108
146108
146109
146110
146111
146112
146113
146113
146114
146114
146114
146115
146117
146117
146122
146126
146126
146126
146127
146127
146128
146128
146131
146135
146135
146136
146137
146137
146139
146142
146143
146143
146145
146146
146146
146148
146152
146152
146156
146158
146160
146162
146165
146168
146170
146173
146173
146176
146178
146180
146181
146182
146183
146186
146186
146188
146188
146190
146191
146191
146192
146193
146194
146195
146195
146196
146197
146198
146198
146198
146200
146204
146207
146209
146209
146211
146212
146214
146215
146215
146218
146220
146225
146226
146226
146227
146227
146229
146229
146230
146230
146231
146231
146232
146233
146235
146235
146235
146236
146236
146237
146238
146239
146241
146242
146248
146249
146251
146252
146257
146258
146259
146260
146263
146265
146265
146266
146268
146269
146270
146272
146274
146275
146277
146277
146280
146282
146287
146290
146291
146294
146297
146299
146303
146305
146307
146307
146307
146308
146308
146308
146309
146310
146311
146313
146320
146329
146329
146332
146332
146336
146339
146339
146341
146343
146347
146347
146351
146352
146354
146363
146365
146365
146366
146366
146369
146371
146372
146373
146377
146382
146384
146384
146386
146388
146389
146389
146394
146402
146406
146406
146413
146413
146414
146415
146417
146417
146418
146419
146428
146431
146433
146440
146441
146442
146443
146444
146449
146449
146451
146454
146461
146475
146478
146479
146479
146481
146486
146503
146510
146514
146524
146526
146543
146553
146561
146595
146613
146624
146628
146637
146645
146649
146675
146678
146686
146691
146708
146709
146717
146727
146728
146732
146737
146790
146794
146795
146812
146845
146859
146926
146959
146980
146988
147087
147138
147151
147160
147163
147282
147400
147414
147566
147628
147676
147682
147711
147748
147885
148087
148087
148272
148276
148363
148460
148508
148552
148882
148906
148980
149428
149511
149519
149709
150131
150191
151578
151600
152323
152529
153675
153684
154178
154664
155090
155194
155279
155382
155467
155532
155628
155691
155716
155753
155798
155806
155838
155921
155973
156027
156037
156041
156062
156129
156130
156151
156174
156247
156262
156277
156303
156307
156332
156393
156401
156414
156440
156451
156456
156500
156522
156525
156529
156542
156550
156567
156600
156613
156627
156681
156708
156718
156719
156726
156727
156731
156811
156829
156843
156849
156857
156870
156875
156887
156912
156930
156973
156987
157025
157041
157059
157061
157089
157091
157105
157109
157134
157139
157141
157152
157164
157180
157197
157262
157275
157277
157310
157422
158075
158909
164823
164910
165987
167950
169621
172186
172924
175031
178412
181433
182094
184923
184928
185309
185469
185572
185645
185954
186370
186403
186429
186585
186618
186623
186936
187136
187140
187214
187228
187379
187458
187503
187549
187555
187581
187594
187622
187628
187868
187982
188172
188206
188476
188551
188704
188787
188829
188848
188923
188927
188944
188968
189027
189135
189240
189262
189267
189323
189370
189467
189548
189567
189572
189605
189614
189824
190010
190073
190112
190409
190425
190441
190510
190513
190516
190545
190650
190664
190685
190734
190767
190853
190865
190911
190942
191019
191126
191150
191171
191287
191473
191490
191504
191508
191515
191522
191529
191605
191645
191663
191722
191794
192048
192067
192108
192120
192143
192182
192185
192284
192416
192482
192619
192642
192656
192702
192829
193062
193169
193527
193732
193836
194401
195409
199567
200721
201681
222534
227628
227783
230048
231602
