34336
36643
36960
37115
37117
37157
37179
37201
37211
37224
37256
37268
37269
37287
37291
37311
37337
37355
37366
37375
37376
37503
37509
37518
37530
37586
37586
37613
37634
37653
37658
37667
37693
37703
37727
37748
37750
37761
37782
37797
37809
37812
37822
37839
37843
37851
37857
37871
37885
37936
37948
37954
37974
37978
38009
38016
38026
38033
38037
38037
38078
38081
38089
38098
38102
38125
38142
38155
38156
38162
38174
38177
38185
38185
38187
38198
38200
38207
38223
38236
38243
38248
38256
38259
38273
38274
38296
38300
38306
38309
38310
38324
38326
38338
38340
38348
38352
38363
38377
38380
38382
38385
38408
38410
38417
38418
38430
38431
38432
38436
38441
38450
38451
38453
38457
38466
38467
38467
38468
38496
38500
38500
38521
38521
38527
38547
38558
38564
38582
38584
38586
38589
38599
38599
38616
38620
38621
38638
38638
38641
38642
38650
38652
38654
38656
38656
38676
38676
38690
38694
38706
38715
38721
38721
38721
38727
38730
38736
38736
38739
38740
38743
38747
38769
38790
38792
38806
38813
38819
38824
38824
38825
38839
38845
38853
38853
38860
38861
38863
38870
38873
38877
38878
38878
38890
38890
38899
38902
38909
38911
38923
38925
38931
38939
38944
38944
38947
38952
38953
38966
38979
38983
38984
38984
38984
38990
38992
38992
38993
38998
38998
38999
39003
39024
39026
39029
39035
39041
39044
39048
39049
39052
39056
39058
39065
39072
39072
39074
39085
39087
39088
39089
39090
39091
39097
39102
39103
39105
39108
39112
39112
39114
39118
39119
39130
39130
39137
39146
39148
39149
39179
39182
39195
39207
39217
39219
39224
39227
39228
39229
39232
39232
39233
39234
39239
39240
39241
39246
39246
39254
39259
39261
39264
39268
39275
39284
39287
39288
39293
39307
39308
39308
39310
39311
39312
39318
39318
39319
39334
39340
39340
39361
39362
39365
39368
39374
39375
39380
39381
39382
39393
39395
39397
39402
39404
39408
39419
39421
39424
39424
39432
39436
39437
39442
39449
39450
39483
39483
39489
39490
39496
39505
39505
39507
39514
39516
39517
39524
39528
39556
39559
39580
39582
39591
39593
39593
39601
39612
39619
39619
39621
39623
39626
39631
39632
39633
39634
39640
39645
39645
39651
39651
39656
39656
39658
39667
39669
39672
39673
39679
39680
39681
39688
39698
39702
39704
39711
39712
39716
39719
39725
39727
39740
39747
39750
39758
39766
39775
39788
39789
39790
39790
39791
39792
39798
39812
39818
39822
39832
39832
39833
39834
39835
39840
39845
39845
39855
39857
39870
39873
39882
39884
39906
39906
39908
39911
39913
39916
39920
39925
39925
39927
39931
39945
39958
39970
39972
39978
39997
39999
40006
40008
40012
40014
40014
40019
40023
40026
40028
40036
40040
40040
40042
40042
40054
40057
40060
40061
40068
40069
40072
40078
40080
40090
40112
40113
40117
40124
40125
40132
40134
40134
40137
40142
40149
40150
40152
40153
40155
40158
40164
40171
40175
40176
40178
40182
40184
40193
40196
40197
40199
40199
40202
40203
40206
40207
40208
40210
40213
40220
40223
40225
40231
40232
40241
40242
40248
40250
40263
40264
40268
40288
40289
40290
40298
40299
40300
40302
40307
40312
40317
40318
40323
40333
40341
40341
40341
40346
40346
40350
40356
40360
40364
40365
40366
40381
40386
40393
40409
40430
40455
40457
40459
40476
40483
40484
40486
40490
40494
40497
40500
40511
40511
40524
40543
40545
40570
40571
40573
40575
40576
40585
40586
40592
40598
40603
40606
40608
40609
40613
40650
40650
40659
40660
40660
40662
40667
40674
40681
40682
40692
40694
40697
40704
40708
40723
40724
40735
40737
40743
40745
40750
40755
40756
40756
40759
40764
40777
40789
40817
40832
40847
40851
40854
40861
40872
40878
40879
40883
40893
40902
40902
40902
40917
40923
40938
40947
40949
40955
40960
40983
40984
40986
40986
40989
40995
41000
41009
41013
41015
41036
41038
41041
41049
41049
41050
41051
41054
41058
41061
41074
41077
41087
41090
41092
41105
41110
41124
41128
41133
41136
41136
41155
41156
41160
41162
41172
41175
41175
41183
41185
41185
41191
41192
41197
41211
41215
41227
41231
41235
41235
41250
41254
41262
41262
41275
41277
41279
41280
41280
41287
41295
41298
41302
41302
41312
41321
41326
41326
41335
41346
41346
41350
41351
41368
41370
41379
41380
41381
41382
41387
41388
41392
41401
41415
41420
41445
41453
41457
41459
41464
41469
41469
41470
41473
41487
41488
41508
41509
41519
41547
41549
41556
41563
41563
41568
41570
41577
41600
41602
41603
41607
41620
41631
41635
41642
41643
41645
41651
41652
41652
41661
41664
41676
41677
41677
41685
41694
41697
41706
41710
41714
41726
41741
41748
41750
41751
41753
41764
41767
41771
41774
41778
41782
41795
41800
41803
41810
41818
41823
41824
41849
41857
41857
41880
41884
41885
41887
41905
41911
41915
41917
41921
41924
41933
41935
41939
41948
41949
41950
41952
41960
41998
42000
42009
42023
42040
42040
42076
42076
42076
42078
42081
42099
42104
42106
42109
42126
42133
42138
42144
42152
42153
42159
42160
42162
42168
42171
42173
42175
42183
42203
42207
42221
42226
42239
42243
42259
42268
42271
42280
42284
42310
42316
42321
42338
42351
42368
42369
42375
42392
42393
42401
42429
42435
42441
42455
42478
42482
42501
42517
42523
42534
42537
42538
42546
42551
42551
42553
42558
42598
42598
42599
42620
42625
42638
42641
42654
42654
42656
42657
42665
42668
42673
42677
42686
42697
42700
42703
42707
42712
42716
42745
42766
42787
42793
42808
42810
42814
42815
42820
42821
42824
42851
42875
42882
42896
42904
42919
42936
42971
43010
43035
43039
43057
43095
43116
43120
43126
43132
43155
43180
43258
43267
43283
43295
43309
43318
43330
43339
43358
43374
43381
43383
43408
43412
43412
43432
43574
43592
43593
43600
43636
43650
43663
43674
43693
43700
43700
43705
43707
43718
43745
43803
43833
43844
43852
43860
43862
43898
43911
43944
43948
44005
44024
44029
44058
44058
44068
44080
44083
44116
44117
44149
44186
44221
44280
44295
44302
44324
44409
44425
44438
44490
44514
44518
44550
44550
44581
44647
44672
44682
44687
44693
44741
44744
44754
44762
44785
44812
44868
44886
44893
44897
45024
45065
45067
45241
45305
45340
45344
45408
45458
45461
45529
45712
45879
45907
45937
45964
46044
46183
46302
47148
47198
47235
47360
47467
48512
50579
