82803
82907
82915
82936
82959
82966
82979
83000
83011
83012
83023
83029
83046
83047
83068
83070
83073
83084
83086
83090
83094
83101
83102
83109
83109
83109
83111
83125
83128
83133
83136
83150
83151
83154
83157
83158
83158
83160
83172
83173
83175
83177
83179
83182
83185
83185
83186
83188
83190
83190
83195
83201
83208
83210
83214
83222
83225
83227
83229
83229
83231
83233
83244
83253
83260
83262
83266
83267
83270
83272
83274
83285
83286
83287
83294
83295
83298
83300
83301
83303
83306
83309
83315
83318
83319
83322
83323
83326
83329
83330
83332
83339
83344
83345
83354
83355
83355
83357
83358
83358
83359
83362
83363
83364
83365
83369
83379
83382
83386
83396
83396
83398
83399
83402
83407
83407
83413
83415
83415
83417
83419
83421
83427
83432
83440
83443
83444
83445
83446
83447
83448
83452
83453
83453
83464
83466
83470
83470
83472
83476
83478
83478
83479
83480
83484
83486
83489
83489
83490
83491
83491
83496
83498
83501
83501
83504
83505
83507
83510
83512
83515
83521
83526
83526
83528
83529
83532
83533
83534
83534
83535
83537
83538
83540
83540
83540
83543
83543
83544
83547
83549
83550
83555
83557
83557
83558
83558
83561
83564
83565
83567
83570
83574
83578
83585
83589
83590
83596
83601
83604
83606
83608
83608
83614
83615
83615
83616
83618
83623
83627
83627
83629
83629
83632
83633
83639
83641
83643
83646
83646
83647
83647
83648
83651
83654
83656
83657
83657
83659
83660
83663
83665
83667
83668
83672
83672
83673
83692
83698
83713
83716
83721
83723
83731
83732
83737
83737
83739
83739
83745
83750
83755
83759
83759
83761
83764
83764
83766
83770
83771
83775
83784
83785
83792
83792
83795
83800
83804
83804
83805
83805
83810
83814
83820
83828
83830
83832
83843
83844
83845
83848
83856
83859
83863
83884
83885
83886
83890
83892
83898
83902
83902
83909
83920
83923
83926
83927
83928
83930
83932
83943
83944
83949
83956
83958
83964
83965
83965
83980
83992
83997
83997
84003
84007
84016
84020
84023
84038
84038
84042
84043
84045
84051
84056
84061
84061
84061
84067
84074
84090
84091
84099
84103
84105
84109
84113
84116
84117
84135
84137
84137
84151
84166
84176
84189
84205
84208
84210
84217
84218
84224
84235
84246
84255
84261
84265
84272
84273
84280
84285
84289
84299
84300
84306
84312
84316
84317
84323
84324
84327
84337
84339
84341
84341
84348
84352
84357
84368
84396
84401
84407
84411
84414
84419
84421
84428
84443
84448
84452
84473
84478
84481
84482
84487
84489
84494
84497
84500
84505
84506
84513
84528
84535
84535
84536
84544
84550
84551
84553
84569
84575
84580
84590
84590
84592
84599
84599
84621
84654
84656
84659
84671
84689
84692
84701
84703
84707
84711
84712
84716
84728
84729
84738
84749
84749
84750
84752
84752
84765
84765
84770
84772
84779
84785
84787
84793
84794
84799
84801
84804
84808
84822
84827
84830
84831
84844
84854
84855
84856
84865
84866
84877
84886
84886
84889
84898
84905
84909
84909
84916
84924
84927
84929
84933
84933
84940
84940
84949
84964
84969
84977
84980
84982
84989
84991
84992
85001
85010
85011
85011
85027
85028
85030
85030
85033
85035
85036
85036
85051
85056
85064
85065
85068
85076
85081
85090
85091
85098
85100
85103
85114
85115
85117
85139
85145
85158
85161
85164
85166
85166
85166
85170
85178
85181
85182
85183
85188
85195
85217
85224
85240
85241
85259
85264
85283
85297
85300
85300
85302
85303
85305
85311
85312
85312
85314
85330
85340
85342
85351
85360
85360
85360
85367
85376
85398
85403
85403
85413
85415
85416
85416
85417
85418
85422
85428
85442
85448
85449
85453
85459
85461
85469
85469
85480
85491
85492
85504
85504
85511
85520
85521
85522
85535
85541
85542
85559
85565
85565
85570
85573
85575
85576
85588
85595
85595
85603
85608
85619
85634
85635
85638
85647
85651
85653
85654
85659
85661
85666
85667
85672
85673
85677
85681
85686
85696
85711
85713
85718
85719
85721
85732
85734
85739
85766
85781
85812
85815
85816
85818
85824
85834
85835
85837
85837
85862
85864
85870
85874
85877
85878
85879
85891
85892
85918
85920
85934
85938
85944
85952
85960
85964
85973
85982
85984
85990
86001
86002
86003
86014
86018
86048
86051
86056
86066
86067
86071
86074
86081
86104
86113
86122
86125
86131
86131
86131
86141
86142
86144
86146
86170
86176
86182
86182
86188
86191
86204
86227
86237
86242
86259
86261
86267
86274
86285
86299
86300
86320
86324
86329
86335
86349
86358
86369
86376
86390
86395
86401
86408
86417
86420
86425
86429
86431
86441
86454
86491
86498
86499
86499
86519
86553
86553
86564
86583
86590
86611
86612
86630
86630
86634
86688
86694
86696
86717
86722
86740
86765
86771
86791
86796
86801
86802
86806
86806
86807
86858
86859
86863
86869
86883
86904
86923
86954
86959
86987
86992
86997
87005
87010
87028
87086
87111
87144
87234
87240
87246
87377
87390
87438
87462
87512
87514
87550
87558
87562
87579
87602
87677
87717
87741
87815
87835
87839
87845
87854
87999
88014
88047
88129
88294
88299
88427
88427
88462
88577
88613
88673
88854
88896
88931
88978
88978
88992
89136
89145
89198
89221
89238
89255
89272
89306
89336
89344
89360
89405
89420
89458
89534
89538
89647
89648
89672
89683
89705
89722
89749
89809
89902
89951
89975
89980
89995
90107
90110
90180
90181
90243
90251
90255
90278
90358
90421
90448
90599
90627
90655
90711
90715
90788
90851
90919
90989
91091
91132
91143
91147
91199
91207
91227
91247
91263
91326
91358
91384
91514
91574
91580
91654
91674
91709
91752
91762
91770
91786
91909
92018
92023
92065
92141
92185
92249
92537
92676
92872
92936
93062
93177
93482
93659
93988
94614
95957
96063
96541
98697
101959
102018
102451
102665
102708
102736
103393
103837
104160
104274
104459
104754
104912
105064
105093
105123
105331
105331
105467
105565
105618
105707
105777
105812
105942
106067
106145
106158
106192
106301
106347
106417
106450
106454
106473
106654
106790
106892
106924
106927
107011
107040
107238
107263
107282
107416
107476
107484
107521
107542
107660
107689
107781
107847
107897
107901
107948
107983
107989
107992
107999
108039
108081
108102
108164
108243
108296
108326
108344
108365
108552
108564
108639
108771
108904
109294
109326
109582
109656
109664
109680
109682
109821
109950
110048
110075
110083
111933
112429
115107
115136
115873
116471
116498
117922
120004
120025
120081
121779
125369
125878
125946
127827
128015
130030
