11909
12144
12150
12231
12302
12347
12413
12421
12437
12449
12515
12531
12567
12574
12605
12648
12665
12671
12689
12714
12722
12738
12768
12775
12781
12791
12793
12794
12805
12831
12838
12839
12845
12864
12876
12887
12907
12914
12923
12923
12926
12927
12928
12930
12930
12938
12940
12948
12958
12979
12982
12983
12986
12995
13005
13007
13007
13007
13011
13014
13029
13029
13032
13034
13036
13040
13053
13053
13058
13063
13063
13065
13068
13068
13069
13075
13089
13090
13091
13092
13095
13098
13098
13103
13108
13108
13116
13121
13123
13129
13143
13149
13160
13167
13174
13175
13191
13194
13203
13211
13214
13217
13243
13243
13248
13250
13253
13257
13264
13270
13271
13272
13276
13277
13279
13283
13290
13297
13299
13306
13314
13319
13328
13330
13333
13335
13337
13343
13345
13350
13351
13357
13360
13376
13378
13384
13384
13406
13418
13419
13421
13433
13435
13455
13457
13460
13461
13461
13463
13470
13473
13477
13479
13482
13482
13483
13486
13495
13505
13507
13509
13519
13521
13531
13549
13549
13561
13564
13570
13574
13574
13582
13586
13590
13590
13592
13592
13597
13604
13611
13618
13621
13624
13624
13627
13627
13628
13632
13633
13643
13645
13655
13662
13672
13673
13678
13684
13688
13689
13690
13695
13698
13703
13704
13709
13710
13711
13720
13726
13736
13746
13755
13758
13759
13763
13766
13769
13774
13785
13786
13786
13787
13788
13791
13794
13801
13802
13802
13804
13808
13821
13822
13831
13835
13847
13852
13857
13872
13874
13875
13880
13881
13881
13882
13882
13883
13885
13887
13888
13888
13888
13893
13898
13903
13903
13907
13909
13920
13923
13926
13933
13937
13937
13940
13941
13942
13949
13951
13952
13954
13956
13958
13958
13960
13961
13970
13971
13972
13990
14001
14006
14008
14011
14015
14018
14018
14019
14022
14035
14036
14039
14048
14050
14056
14058
14062
14065
14074
14089
14095
14098
14101
14106
14112
14113
14120
14121
14122
14128
14128
14128
14133
14138
14141
14143
14144
14146
14148
14159
14167
14169
14174
14175
14176
14181
14182
14186
14197
14198
14198
14199
14206
14207
14215
14216
14217
14219
14220
14222
14222
14223
14226
14228
14229
14241
14243
14244
14248
14248
14252
14253
14262
14265
14272
14277
14277
14279
14282
14284
14285
14287
14293
14296
14300
14300
14301
14303
14304
14304
14310
14316
14326
14330
14331
14339
14341
14341
14342
14343
14347
14348
14350
14358
14359
14360
14362
14362
14363
14363
14365
14369
14372
14373
14373
14374
14375
14377
14379
14380
14385
14389
14389
14390
14391
14392
14393
14394
14397
14397
14398
14399
14399
14404
14411
14411
14411
14412
14413
14413
14414
14414
14418
14418
14423
14425
14430
14430
14433
14435
14443
14447
14450
14453
14457
14459
14459
14462
14463
14467
14468
14470
14472
14472
14473
14483
14484
14486
14487
14490
14493
14496
14497
14507
14508
14508
14509
14515
14516
14517
14524
14527
14530
14532
14532
14533
14533
14537
14542
14543
14544
14544
14549
14550
14553
14555
14558
14560
14560
14567
14569
14570
14583
14587
14591
14591
14592
14593
14598
14598
14599
14601
14603
14603
14604
14604
14605
14608
14612
14614
14614
14619
14621
14622
14625
14627
14632
14639
14641
14644
14644
14646
14648
14650
14650
14654
14660
14673
14674
14677
14677
14685
14692
14694
14694
14698
14707
14708
14711
14713
14715
14717
14718
14718
14725
14725
14726
14731
14732
14732
14735
14737
14740
14742
14743
14745
14747
14751
14755
14756
14756
14757
14758
14760
14761
14764
14770
14771
14771
14773
14775
14776
14779
14782
14783
14784
14792
14795
14798
14798
14799
14799
14801
14802
14820
14821
14824
14824
14827
14829
14837
14840
14849
14851
14854
14855
14856
14857
14857
14861
14866
14870
14882
14884
14885
14887
14887
14888
14888
14888
14889
14892
14893
14894
14894
14895
14898
14899
14900
14900
14907
14909
14912
14919
14921
14921
14922
14922
14935
14937
14937
14939
14940
14944
14945
14951
14955
14958
14962
14966
14969
14970
14971
14973
14973
14975
14979
14979
14981
14981
14982
14984
14987
14987
14990
14991
15003
15006
15012
15012
15014
15021
15022
15027
15029
15036
15037
15046
15047
15049
15057
15058
15059
15067
15068
15076
15078
15079
15082
15087
15089
15089
15090
15091
15092
15102
15102
15103
15116
15120
15122
15123
15123
15123
15124
15125
15135
15135
15135
15137
15139
15139
15146
15150
15151
15151
15151
15152
15152
15159
15165
15168
15178
15185
15187
15188
15196
15203
15203
15204
15207
15208
15216
15216
15220
15221
15225
15227
15229
15229
15230
15231
15232
15236
15240
15240
15249
15250
15250
15251
15253
15264
15264
15273
15277
15277
15283
15289
15294
15295
15297
15303
15305
15310
15318
15319
15324
15327
15331
15332
15340
15345
15352
15353
15367
15383
15384
15385
15391
15393
15393
15405
15417
15427
15430
15431
15435
15439
15439
15445
15455
15473
15474
15474
15475
15483
15483
15489
15491
15493
15493
15506
15511
15519
15522
15526
15538
15539
15540
15547
15549
15551
15554
15556
15559
15561
15561
15569
15572
15576
15583
15589
15590
15590
15591
15592
15593
15595
15596
15603
15604
15614
15625
15638
15638
15639
15640
15645
15651
15659
15676
15681
15683
15683
15685
15685
15687
15692
15698
15700
15705
15710
15711
15712
15722
15722
15729
15729
15734
15747
15751
15757
15758
15763
15763
15769
15769
15771
15772
15777
15782
15790
15793
15794
15795
15796
15798
15805
15815
15816
15828
15835
15837
15839
15841
15845
15855
15865
15868
15870
15878
15879
15882
15883
15887
15889
15889
15895
15899
15916
15916
15922
15939
15950
15951
15951
15952
15956
15962
15968
15975
15995
15996
16010
16013
16014
16014
16015
16017
16017
16021
16029
16036
16041
16044
16052
16053
16062
16074
16104
16107
16133
16137
16140
16143
16151
16153
16157
16162
16166
16176
16179
16183
16192
16196
16211
16213
16217
16221
16229
16230
16231
16232
16244
16245
16251
16261
16261
16264
16277
16279
16286
16291
16314
16326
16331
16336
16355
16361
16363
16372
16416
16445
16449
16499
16524
16535
16539
16573
16604
16612
16650
16672
16677
16705
16706
16767
16769
16828
16832
16885
16921
17043
17084
17233
17256
17266
17305
17323
17351
17380
17385
17460
17474
17504
17580
17605
17631
17633
17652
17682
17946
17958
18159
18341
18409
18720
18941
19007
19164
20976
