1878
1901
1909
1912
1920
1925
1926
1929
1930
1934
1946
1946
1956
1962
1962
1967
1970
1976
1978
1978
1979
1985
1987
1988
1989
1992
1993
1998
2003
2004
2005
2005
2006
2006
2007
2009
2010
2018
2018
2018
2019
2019
2020
2022
2024
2026
2028
2032
2034
2039
2041
2042
2042
2045
2045
2049
2050
2050
2051
2051
2052
2052
2053
2054
2055
2058
2058
2059
2060
2063
2063
2064
2065
2065
2065
2066
2067
2068
2069
2069
2070
2071
2073
2074
2074
2074
2075
2077
2078
2080
2083
2085
2087
2091
2091
2093
2094
2095
2096
2096
2097
2097
2098
2098
2098
2099
2099
2099
2100
2100
2103
2103
2104
2106
2110
2111
2112
2115
2116
2117
2118
2119
2120
2121
2121
2122
2123
2123
2124
2125
2125
2127
2130
2134
2135
2135
2136
2140
2140
2140
2140
2140
2142
2145
2146
2147
2148
2148
2149
2151
2153
2155
2156
2157
2157
2160
2161
2161
2161
2163
2164
2166
2167
2167
2174
2175
2178
2179
2179
2181
2182
2190
2190
2193
2194
2196
2198
2198
2200
2200
2201
2202
2202
2202
2205
2207
2208
2209
2212
2214
2216
2217
2217
2218
2222
2222
2225
2231
2231
2237
2239
2240
2240
2241
2242
2242
2244
2245
2248
2249
2249
2249
2250
2257
2258
2259
2260
2262
2265
2266
2269
2275
2280
2289
2290
2291
2293
2295
2297
2301
2305
2309
2312
2314
2322
2322
2325
2325
2325
2325
2327
2333
2335
2336
2343
2343
2344
2345
2346
2347
2348
2361
2363
2364
2364
2365
2367
2369
2372
2376
2377
2387
2392
2402
2403
2408
2408
2414
2424
2425
2430
2434
2436
2438
2439
2442
2445
2445
2447
2449
2455
2456
2459
2460
2461
2461
2462
2463
2464
2469
2471
2472
2478
2493
2498
2500
2502
2504
2505
2507
2510
2511
2512
2514
2515
2517
2520
2521
2522
2523
2523
2526
2529
2530
2534
2540
2541
2544
2552
2554
2555
2558
2564
2565
2567
2570
2571
2571
2576
2576
2576
2577
2580
2582
2582
2583
2585
2590
2590
2593
2598
2599
2599
2601
2601
2605
2606
2608
2611
2613
2614
2615
2616
2622
2623
2625
2627
2628
2628
2631
2631
2632
2632
2632
2634
2634
2635
2640
2641
2641
2641
2642
2642
2654
2654
2656
2657
2657
2658
2670
2671
2671
2674
2675
2675
2677
2677
2678
2681
2681
2686
2688
2690
2691
2693
2693
2694
2696
2696
2696
2697
2699
2699
2703
2705
2705
2705
2706
2707
2709
2712
2714
2715
2717
2719
2720
2721
2721
2724
2725
2727
2727
2730
2732
2732
2735
2735
2735
2742
2743
2744
2744
2748
2752
2753
2756
2757
2759
2761
2762
2762
2763
2764
2765
2765
2765
2767
2768
2769
2770
2770
2770
2771
2774
2775
2775
2776
2776
2777
2779
2780
2780
2782
2783
2783
2783
2785
2787
2789
2789
2793
2793
2793
2794
2796
2798
2799
2802
2804
2804
2807
2807
2809
2810
2810
2814
2815
2815
2817
2819
2820
2824
2824
2825
2826
2827
2828
2829
2831
2832
2833
2833
2833
2835
2836
2836
2836
2837
2838
2838
2839
2839
2840
2844
2844
2844
2845
2846
2846
2847
2849
2849
2849
2850
2850
2857
2858
2858
2860
2861
2861
2861
2862
2864
2865
2866
2866
2867
2868
2868
2869
2871
2871
2873
2875
2876
2876
2877
2879
2879
2880
2880
2881
2881
2882
2883
2883
2884
2884
2885
2885
2886
2886
2887
2888
2888
2888
2888
2889
2892
2893
2894
2894
2894
2895
2895
2896
2897
2897
2899
2900
2900
2900
2901
2901
2902
2903
2905
2905
2906
2909
2909
2912
2912
2913
2913
2915
2916
2917
2917
2918
2919
2922
2923
2923
2925
2926
2927
2928
2930
2931
2932
2932
2932
2933
2934
2935
2935
2935
2935
2936
2937
2937
2937
2938
2938
2939
2939
2939
2940
2940
2940
2941
2941
2941
2941
2941
2942
2943
2943
2945
2946
2946
2947
2948
2948
2948
2950
2950
2950
2950
2950
2952
2952
2952
2953
2954
2955
2956
2957
2959
2961
2962
2962
2963
2963
2965
2965
2965
2967
2967
2968
2970
2970
2971
2972
2973
2973
2975
2976
2976
2976
2976
2977
2978
2979
2979
2982
2982
2982
2983
2987
2988
2989
2991
2991
2991
2992
2992
2994
2995
2996
2997
2997
2999
3000
3001
3002
3003
3004
3007
3011
3011
3013
3013
3014
3014
3015
3017
3018
3019
3021
3022
3023
3025
3026
3026
3027
3028
3028
3029
3030
3033
3035
3035
3036
3038
3038
3039
3039
3041
3042
3043
3044
3044
3044
3045
3046
3047
3049
3050
3053
3053
3055
3055
3060
3060
3060
3062
3062
3064
3064
3065
3066
3066
3066
3068
3069
3070
3072
3072
3073
3074
3075
3075
3076
3076
3076
3078
3079
3083
3083
3084
3084
3085
3085
3085
3085
3086
3088
3088
3088
3088
3090
3091
3091
3091
3093
3093
3097
3099
3099
3100
3101
3101
3104
3105
3105
3106
3107
3107
3108
3109
3110
3111
3113
3113
3113
3113
3114
3115
3116
3118
3118
3119
3119
3122
3123
3123
3124
3125
3125
3126
3127
3128
3128
3131
3132
3133
3135
3136
3136
3137
3138
3138
3139
3142
3145
3146
3146
3150
3151
3152
3153
3153
3153
3154
3155
3157
3160
3160
3166
3167
3170
3170
3171
3172
3173
3173
3174
3174
3177
3180
3180
3181
3184
3184
3187
3188
3191
3191
3194
3198
3199
3200
3201
3201
3201
3204
3204
3209
3210
3210
3210
3210
3210
3211
3216
3219
3221
3223
3223
3223
3224
3225
3225
3230
3231
3234
3234
3236
3237
3241
3242
3243
3246
3249
3249
3259
3260
3261
3262
3264
3265
3266
3268
3269
3270
3281
3283
3285
3286
3287
3288
3290
3291
3292
3293
3294
3297
3297
3299
3299
3301
3303
3309
3312
3317
3318
3319
3321
3322
3323
3328
3343
3344
3349
3358
3363
3366
3385
3430
3432
3441
3444
3451
3464
3465
3467
3467
3467
3477
3478
3489
3489
3490
3518
3525
3527
3549
3578
3583
3595
3612
3615
3685
3765
3772
3784
3813
3842
4009
4261
4846
4847
4937
5446
5627
6821
12636
