14446
14452
14550
14657
14695
14697
14719
14746
14753
14798
14804
14827
14884
14905
14915
14975
14982
15019
15032
15083
15093
15107
15114
15133
15144
15145
15149
15164
15164
15168
15176
15177
15185
15187
15193
15208
15222
15225
15231
15251
15260
15286
15293
15301
15341
15361
15367
15374
15386
15387
15388
15388
15397
15398
15399
15416
15417
15419
15423
15425
15433
15437
15447
15459
15473
15480
15480
15487
15495
15501
15507
15525
15529
15531
15546
15547
15562
15569
15585
15591
15600
15603
15608
15609
15616
15624
15637
15639
15642
15645
15654
15660
15661
15664
15669
15671
15679
15679
15680
15681
15686
15713
15720
15724
15730
15730
15748
15762
15768
15769
15775
15782
15782
15783
15798
15803
15804
15806
15806
15825
15831
15832
15867
15867
15869
15877
15880
15881
15901
15917
15921
15922
15935
15945
15947
15947
15952
15953
15961
15961
15968
15980
15981
15982
15991
15997
16000
16007
16008
16010
16025
16046
16048
16069
16073
16093
16100
16102
16120
16129
16139
16148
16160
16168
16173
16185
16191
16197
16201
16213
16216
16219
16225
16227
16230
16232
16235
16256
16257
16275
16283
16290
16292
16299
16307
16307
16312
16318
16321
16335
16338
16338
16339
16342
16363
16369
16377
16384
16391
16393
16399
16408
16408
16414
16414
16420
16432
16436
16443
16447
16448
16451
16454
16459
16461
16462
16465
16469
16477
16479
16479
16499
16506
16506
16508
16508
16508
16509
16513
16519
16524
16529
16530
16535
16536
16541
16554
16567
16569
16571
16571
16572
16573
16574
16585
16591
16592
16600
16601
16604
16609
16612
16615
16626
16672
16677
16681
16685
16690
16691
16694
16700
16708
16723
16725
16728
16738
16751
16752
16753
16753
16753
16755
16760
16765
16765
16778
16782
16785
16788
16807
16813
16813
16813
16816
16827
16838
16839
16839
16840
16841
16843
16854
16856
16864
16865
16866
16869
16871
16882
16887
16888
16889
16893
16896
16900
16901
16907
16911
16914
16918
16920
16920
16923
16925
16925
16931
16939
16943
16950
16951
16952
16953
16963
16969
16973
16986
16986
16991
16995
16999
16999
17002
17009
17011
17020
17022
17028
17037
17046
17051
17052
17059
17071
17074
17074
17075
17079
17079
17086
17087
17087
17093
17103
17104
17106
17107
17112
17115
17116
17117
17126
17128
17129
17130
17131
17133
17133
17139
17139
17139
17141
17147
17147
17153
17158
17162
17163
17164
17164
17166
17167
17174
17177
17181
17182
17183
17184
17187
17190
17193
17197
17197
17200
17201
17202
17202
17202
17204
17208
17214
17217
17217
17221
17223
17226
17228
17228
17235
17237
17240
17243
17247
17248
17252
17253
17254
17256
17257
17258
17259
17261
17261
17266
17267
17274
17276
17279
17280
17280
17284
17288
17289
17289
17292
17293
17297
17298
17299
17304
17304
17305
17305
17306
17306
17315
17315
17319
17320
17326
17331
17338
17339
17343
17347
17347
17349
17354
17360
17360
17362
17364
17366
17367
17368
17369
17372
17379
17385
17388
17388
17393
17397
17399
17400
17403
17404
17405
17406
17408
17409
17409
17409
17409
17410
17417
17423
17423
17427
17427
17432
17437
17442
17447
17449
17450
17452
17455
17455
17457
17463
17463
17468
17470
17470
17470
17478
17480
17487
17487
17488
17492
17500
17503
17506
17507
17510
17513
17516
17516
17517
17519
17519
17524
17527
17528
17532
17535
17535
17536
17538
17541
17544
17544
17545
17546
17548
17548
17552
17556
17557
17560
17561
17562
17578
17587
17595
17598
17604
17606
17610
17611
17612
17613
17614
17614
17617
17618
17620
17623
17626
17631
17638
17639
17641
17641
17644
17653
17654
17658
17661
17671
17673
17673
17678
17679
17681
17682
17691
17696
17698
17703
17709
17712
17712
17715
17718
17726
17728
17730
17733
17734
17736
17737
17742
17747
17747
17749
17756
17759
17761
17768
17783
17785
17788
17791
17794
17797
17799
17805
17805
17805
17806
17806
17808
17808
17808
17816
17820
17820
17825
17829
17831
17837
17837
17842
17849
17850
17854
17854
17862
17864
17865
17869
17870
17877
17880
17880
17881
17882
17884
17884
17885
17895
17897
17898
17900
17906
17910
17915
17917
17922
17926
17927
17931
17938
17938
17945
17945
17954
17958
17962
17964
17971
17976
17977
17978
17979
17980
17983
17990
17991
18009
18014
18015
18015
18021
18023
18027
18028
18029
18037
18038
18039
18041
18049
18051
18053
18056
18060
18061
18062
18062
18069
18075
18078
18080
18084
18089
18091
18098
18099
18103
18107
18107
18115
18115
18116
18118
18121
18121
18128
18128
18130
18137
18146
18156
18159
18161
18164
18168
18173
18175
18179
18199
18206
18209
18211
18213
18223
18225
18227
18232
18236
18238
18246
18246
18248
18253
18256
18257
18262
18267
18270
18273
18275
18276
18283
18292
18299
18302
18306
18318
18325
18327
18327
18327
18328
18335
18336
18339
18341
18345
18347
18348
18349
18349
18351
18355
18361
18364
18372
18375
18385
18389
18398
18403
18404
18405
18405
18408
18409
18411
18412
18412
18418
18422
18426
18426
18434
18434
18445
18449
18451
18462
18463
18468
18469
18477
18481
18490
18493
18495
18503
18505
18506
18508
18509
18509
18515
18520
18525
18525
18536
18543
18545
18546
18549
18558
18558
18564
18575
18576
18581
18599
18604
18607
18614
18616
18618
18627
18628
18628
18638
18638
18640
18655
18660
18661
18664
18666
18682
18691
18691
18692
18698
18698
18705
18706
18706
18716
18723
18726
18732
18735
18746
18746
18749
18759
18764
18765
18765
18767
18769
18770
18771
18774
18781
18788
18789
18792
18795
18802
18808
18832
18839
18849
18856
18863
18867
18868
18869
18873
18877
18878
18881
18885
18889
18890
18892
18895
18899
18902
18906
18907
18910
18914
18922
18926
18928
18932
18946
18957
18973
18977
18978
18990
18995
18999
19005
19009
19011
19015
19018
19026
19027
19032
19046
19049
19065
19073
19084
19087
19106
19117
19120
19134
19147
19151
19154
19155
19157
19159
19162
19183
19227
19234
19238
19242
19273
19279
19280
19283
19284
19295
19303
19304
19305
19323
19332
19345
19354
19368
19398
19415
19425
19469
19570
19572
19572
19603
19623
19644
19654
19677
19693
19699
19709
19721
19741
19758
19760
19773
19784
19892
19902
19939
19964
19964
20298
20343
20495
20701
20701
20720
20773
20932
21118
21124
21233
21640
21800
21837
21956
22017
22061
22492
22542
22623
23896
