3513
3539
3600
3641
3651
3670
3674
3675
3688
3696
3700
3703
3711
3712
3716
3720
3723
3727
3733
3737
3738
3769
3772
3781
3791
3792
3792
3796
3800
3803
3803
3806
3807
3814
3820
3820
3825
3832
3838
3842
3843
3845
3845
3847
3848
3856
3858
3860
3865
3865
3869
3874
3876
3876
3883
3884
3885
3893
3893
3894
3894
3900
3901
3906
3907
3909
3911
3911
3911
3912
3913
3913
3915
3923
3923
3923
3924
3927
3927
3929
3929
3930
3934
3938
3938
3940
3941
3943
3943
3949
3953
3954
3954
3954
3954
3954
3955
3956
3957
3957
3957
3957
3958
3959
3959
3959
3960
3961
3961
3962
3963
3965
3965
3965
3969
3969
3969
3970
3970
3971
3972
3972
3973
3976
3979
3984
3986
3986
3987
3992
3993
3994
3994
3995
3995
3996
3998
3998
3998
3998
4002
4002
4003
4004
4004
4005
4005
4005
4007
4011
4012
4012
4014
4018
4019
4021
4027
4027
4028
4028
4029
4032
4034
4037
4037
4038
4039
4041
4041
4045
4046
4048
4052
4052
4053
4054
4054
4055
4059
4059
4061
4062
4063
4063
4065
4067
4068
4069
4070
4071
4071
4073
4074
4075
4076
4076
4077
4077
4077
4078
4079
4085
4086
4087
4088
4088
4090
4090
4091
4092
4092
4093
4094
4095
4096
4096
4096
4097
4100
4103
4107
4108
4108
4111
4112
4112
4113
4113
4113
4113
4113
4115
4118
4125
4128
4129
4129
4129
4130
4130
4130
4130
4132
4134
4134
4134
4135
4138
4139
4139
4139
4140
4144
4145
4146
4147
4147
4148
4152
4152
4154
4154
4157
4157
4161
4161
4163
4163
4168
4168
4168
4169
4173
4174
4174
4174
4175
4178
4179
4180
4180
4181
4181
4181
4182
4184
4184
4185
4186
4188
4188
4190
4192
4192
4192
4193
4194
4197
4197
4197
4200
4201
4201
4202
4203
4203
4203
4203
4203
4203
4204
4205
4205
4205
4211
4212
4215
4217
4219
4221
4221
4222
4223
4223
4223
4223
4225
4226
4228
4230
4230
4231
4231
4237
4237
4238
4238
4238
4239
4242
4243
4245
4246
4246
4248
4248
4249
4250
4250
4251
4251
4251
4257
4257
4257
4257
4258
4259
4261
4261
4262
4262
4263
4263
4264
4265
4265
4265
4266
4266
4267
4267
4268
4269
4270
4270
4271
4272
4273
4275
4276
4276
4278
4278
4278
4280
4280
4281
4282
4282
4282
4283
4283
4284
4284
4285
4285
4285
4285
4285
4285
4285
4286
4286
4286
4287
4287
4287
4288
4288
4288
4288
4289
4289
4290
4291
4292
4292
4294
4294
4295
4295
4297
4297
4297
4298
4298
4298
4299
4299
4299
4300
4300
4301
4301
4303
4304
4305
4305
4305
4305
4305
4306
4306
4307
4308
4308
4309
4309
4309
4309
4310
4310
4311
4312
4312
4313
4313
4314
4316
4316
4316
4316
4317
4317
4317
4318
4320
4320
4320
4321
4321
4321
4322
4322
4322
4322
4323
4323
4324
4325
4325
4325
4325
4326
4327
4328
4328
4330
4330
4331
4331
4332
4332
4332
4333
4333
4334
4334
4334
4335
4336
4337
4338
4339
4342
4346
4346
4347
4347
4347
4347
4348
4348
4349
4349
4351
4352
4353
4354
4354
4355
4355
4356
4356
4356
4358
4358
4359
4359
4359
4360
4360
4361
4362
4362
4363
4363
4363
4365
4366
4366
4367
4367
4368
4369
4369
4369
4370
4370
4371
4372
4373
4373
4373
4373
4374
4374
4375
4376
4376
4376
4377
4377
4377
4377
4379
4380
4382
4383
4383
4383
4384
4384
4385
4385
4387
4387
4387
4389
4390
4391
4391
4391
4392
4392
4393
4394
4395
4395
4395
4396
4396
4396
4398
4398
4398
4399
4399
4400
4402
4402
4402
4403
4404
4404
4404
4404
4404
4405
4406
4406
4406
4407
4408
4408
4409
4410
4411
4411
4413
4414
4415
4415
4416
4416
4416
4416
4417
4418
4418
4418
4419
4420
4421
4421
4422
4423
4424
4425
4426
4426
4426
4426
4427
4428
4429
4429
4429
4429
4430
4431
4431
4432
4433
4434
4435
4435
4437
4437
4437
4439
4439
4440
4441
4442
4443
4444
4444
4446
4446
4447
4447
4448
4449
4450
4450
4451
4451
4452
4452
4452
4453
4453
4453
4453
4454
4455
4455
4455
4457
4457
4459
4460
4460
4461
4461
4462
4464
4464
4464
4465
4465
4465
4466
4466
4470
4471
4471
4472
4472
4472
4473
4474
4476
4477
4481
4483
4483
4486
4487
4487
4488
4488
4488
4491
4491
4493
4495
4496
4499
4500
4500
4501
4502
4504
4505
4506
4507
4507
4509
4510
4510
4510
4510
4510
4511
4511
4512
4512
4512
4513
4514
4515
4515
4517
4517
4519
4519
4522
4525
4525
4525
4526
4526
4527
4527
4527
4527
4528
4529
4529
4530
4530
4531
4532
4534
4534
4534
4535
4537
4540
4540
4540
4540
4542
4542
4543
4544
4544
4545
4545
4545
4545
4546
4547
4548
4548
4548
4548
4550
4550
4551
4553
4554
4556
4558
4558
4558
4559
4559
4560
4562
4563
4565
4566
4567
4568
4568
4569
4571
4571
4571
4573
4576
4578
4579
4579
4583
4584
4585
4585
4585
4588
4592
4593
4593
4594
4594
4596
4597
4598
4599
4601
4601
4601
4603
4604
4604
4604
4605
4605
4606
4607
4611
4613
4613
4614
4614
4618
4619
4620
4623
4623
4625
4626
4627
4628
4628
4629
4630
4631
4632
4632
4633
4635
4635
4639
4639
4640
4641
4642
4643
4645
4645
4645
4645
4646
4646
4648
4651
4653
4654
4655
4656
4657
4657
4657
4660
4665
4667
4669
4670
4672
4674
4674
4674
4678
4679
4680
4680
4682
4684
4685
4688
4692
4702
4702
4703
4706
4709
4713
4716
4721
4723
4728
4729
4732
4733
4738
4738
4739
4740
4742
4743
4743
4747
4759
4762
4764
4769
4769
4771
4774
4777
4786
4786
4789
4791
4796
4797
4799
4809
4822
4824
4829
4833
4836
4837
4838
4842
4848
4855
4860
4869
4905
4912
4921
4922
4925
4936
4961
4965
4966
4968
4981
4988
4988
5000
5016
5027
5038
5076
5083
5090
5099
5108
5135
5138
5234
5249
5343
5570
5638
5933
6141
6264
6412
6547
6998
