2892
2963
2981
2996
2998
3048
3059
3074
3083
3084
3100
3102
3105
3107
3121
3130
3136
3136
3140
3145
3147
3152
3156
3156
3161
3163
3163
3164
3165
3165
3170
3175
3175
3177
3185
3189
3189
3198
3203
3208
3211
3211
3212
3221
3224
3225
3225
3227
3228
3231
3233
3242
3243
3245
3246
3246
3249
3253
3257
3260
3263
3269
3274
3277
3293
3293
3294
3295
3296
3297
3303
3305
3309
3314
3316
3321
3327
3329
3329
3334
3341
3342
3342
3346
3347
3351
3356
3357
3361
3361
3363
3365
3367
3368
3370
3373
3376
3376
3382
3387
3388
3389
3392
3397
3399
3413
3416
3417
3418
3422
3423
3424
3426
3427
3429
3433
3434
3434
3435
3436
3445
3453
3455
3456
3460
3460
3461
3477
3479
3491
3492
3492
3497
3504
3512
3517
3523
3525
3528
3533
3546
3549
3553
3566
3570
3573
3576
3582
3588
3592
3598
3602
3609
3615
3639
3644
3646
3648
3650
3673
3690
3705
3711
3715
3716
3733
3746
3752
3752
3752
3763
3766
3771
3772
3779
3781
3788
3789
3790
3800
3803
3807
3818
3824
3828
3831
3833
3838
3842
3855
3862
3873
3878
3880
3888
3888
3889
3896
3909
3910
3916
3916
3925
3941
3951
3952
3959
3969
3974
3982
3986
3990
4015
4024
4039
4053
4064
4067
4069
4075
4079
4088
4088
4089
4095
4104
4113
4124
4124
4135
4157
4164
4166
4185
4188
4189
4196
4197
4213
4221
4225
4226
4239
4241
4246
4254
4269
4272
4274
4274
4274
4277
4287
4299
4301
4301
4305
4312
4312
4320
4346
4356
4359
4360
4362
4367
4379
4383
4409
4410
4412
4415
4415
4424
4429
4453
4453
4464
4480
4485
4490
4491
4493
4495
4501
4503
4507
4512
4515
4529
4535
4538
4541
4550
4559
4568
4575
4580
4580
4580
4582
4585
4589
4594
4597
4619
4620
4624
4624
4625
4626
4630
4631
4632
4643
4653
4666
4671
4673
4674
4675
4675
4684
4689
4706
4707
4715
4723
4733
4733
4734
4735
4736
4739
4742
4742
4747
4753
4756
4758
4763
4763
4764
4768
4768
4769
4770
4772
4778
4779
4791
4794
4803
4803
4809
4816
4828
4832
4833
4836
4847
4849
4851
4859
4861
4871
4873
4894
4895
4902
4906
4909
4913
4925
4926
4936
4940
4944
4946
4951
4955
4955
4963
4975
4975
4976
4979
4980
4980
4982
4983
4984
4984
4984
4985
4988
4992
4999
5000
5003
5003
5004
5009
5012
5012
5020
5028
5029
5033
5034
5036
5037
5039
5041
5041
5042
5047
5048
5048
5048
5051
5057
5062
5069
5070
5072
5074
5079
5081
5084
5087
5092
5093
5095
5095
5103
5105
5107
5112
5112
5114
5115
5119
5129
5133
5135
5137
5143
5146
5148
5149
5154
5155
5156
5157
5167
5172
5178
5178
5180
5181
5181
5184
5187
5193
5194
5195
5199
5203
5205
5205
5207
5210
5212
5216
5219
5222
5224
5228
5230
5232
5235
5237
5240
5240
5241
5242
5245
5246
5248
5253
5259
5259
5259
5260
5262
5264
5265
5266
5271
5271
5272
5274
5282
5284
5288
5294
5298
5300
5302
5304
5307
5307
5316
5316
5325
5328
5338
5345
5346
5347
5349
5356
5361
5372
5372
5373
5380
5382
5382
5384
5385
5390
5397
5402
5406
5407
5409
5415
5419
5419
5419
5423
5428
5429
5430
5430
5430
5432
5437
5440
5443
5445
5446
5446
5452
5461
5462
5463
5465
5465
5466
5466
5471
5475
5478
5478
5480
5483
5483
5484
5488
5488
5489
5491
5492
5493
5494
5503
5503
5506
5513
5515
5515
5517
5519
5522
5522
5541
5541
5548
5549
5551
5552
5555
5558
5559
5562
5562
5566
5567
5573
5575
5577
5579
5579
5581
5581
5582
5586
5586
5589
5597
5600
5601
5603
5604
5606
5608
5610
5614
5622
5625
5631
5635
5637
5637
5638
5638
5640
5644
5644
5650
5651
5653
5654
5656
5658
5659
5660
5662
5664
5667
5668
5672
5672
5673
5675
5677
5682
5688
5695
5696
5696
5697
5701
5708
5711
5711
5711
5715
5715
5715
5717
5726
5727
5733
5744
5746
5750
5758
5760
5768
5769
5778
5783
5786
5788
5789
5789
5792
5793
5803
5803
5810
5812
5817
5821
5826
5829
5829
5829
5830
5834
5837
5838
5841
5843
5846
5846
5850
5856
5857
5859
5861
5871
5871
5874
5874
5875
5876
5883
5884
5886
5886
5887
5889
5889
5891
5892
5894
5895
5897
5902
5906
5909
5910
5912
5912
5913
5914
5914
5918
5918
5924
5925
5925
5926
5933
5939
5942
5942
5945
5946
5948
5950
5953
5954
5955
5956
5958
5959
5965
5967
5969
5971
5974
5977
5981
5986
5989
5992
5992
5994
5996
6000
6001
6005
6010
6011
6012
6013
6013
6020
6020
6028
6031
6034
6036
6042
6044
6047
6058
6063
6063
6066
6066
6066
6070
6076
6077
6078
6078
6089
6093
6104
6104
6109
6110
6111
6114
6115
6116
6121
6127
6127
6128
6130
6130
6130
6134
6136
6140
6141
6143
6145
6148
6148
6154
6156
6157
6163
6166
6170
6174
6175
6175
6178
6183
6189
6193
6195
6196
6200
6203
6204
6204
6207
6207
6208
6208
6214
6215
6221
6221
6223
6225
6228
6228
6233
6236
6237
6237
6242
6247
6248
6251
6252
6256
6262
6264
6267
6267
6270
6273
6275
6276
6277
6284
6287
6289
6292
6293
6298
6301
6303
6304
6306
6308
6309
6311
6315
6320
6325
6326
6331
6333
6334
6335
6342
6342
6343
6344
6347
6348
6350
6355
6361
6362
6362
6363
6363
6365
6372
6374
6381
6383
6383
6384
6390
6398
6406
6419
6422
6435
6439
6439
6448
6452
6458
6466
6468
6478
6482
6483
6486
6491
6496
6502
6506
6507
6515
6515
6517
6518
6519
6524
6525
6527
6528
6528
6540
6545
6548
6552
6553
6566
6570
6572
6574
6577
6586
6588
6593
6594
6594
6599
6600
6607
6611
6614
6620
6632
6639
6642
6651
6656
6659
6662
6671
6672
6673
6684
6694
6709
6728
6737
6753
6767
6778
6797
6799
6802
6815
6864
6865
6882
6890
6964
7122
7130
7134
7485
7534
7676
7793
8430
8524
9063
9064
