30035
30326
30811
30967
31081
31124
31565
31705
31921
32008
32038
32070
32089
32185
32195
32238
32264
32288
32332
32352
32424
32466
32473
32475
32485
32496
32497
32504
32512
32573
32596
32630
32632
32658
32670
32671
32671
32682
32685
32687
32708
32734
32784
32788
32791
32870
32896
32902
32985
33018
33020
33032
33034
33037
33038
33042
33042
33069
33084
33086
33091
33096
33111
33113
33134
33155
33218
33262
33275
33316
33325
33338
33355
33381
33403
33438
33440
33442
33456
33459
33461
33473
33475
33516
33529
33538
33540
33549
33570
33585
33585
33608
33621
33633
33638
33640
33659
33660
33676
33715
33719
33735
33746
33754
33758
33762
33774
33791
33792
33801
33818
33829
33837
33838
33849
33855
33859
33881
33887
33904
33907
33911
33912
33917
33924
33933
33938
33952
33957
33965
33965
33969
33982
33992
33994
33994
34000
34007
34013
34015
34017
34020
34038
34044
34056
34065
34075
34084
34090
34098
34100
34100
34117
34128
34146
34147
34148
34148
34153
34156
34158
34162
34163
34168
34173
34181
34184
34191
34195
34201
34203
34215
34217
34224
34248
34255
34258
34260
34267
34270
34274
34282
34313
34319
34339
34345
34348
34353
34358
34372
34377
34382
34390
34399
34400
34401
34413
34417
34417
34428
34434
34435
34443
34445
34452
34453
34475
34483
34485
34505
34512
34515
34521
34526
34530
34545
34554
34562
34566
34566
34571
34573
34590
34600
34604
34626
34635
34638
34643
34653
34655
34666
34682
34691
34691
34693
34703
34705
34714
34716
34734
34734
34736
34751
34789
34793
34796
34807
34807
34810
34817
34835
34845
34873
34875
34878
34904
34915
34925
34942
34956
34973
34982
34992
34992
35009
35038
35047
35069
35080
35097
35106
35110
35131
35131
35145
35153
35154
35241
35272
35284
35316
35331
35395
35449
35463
35473
35482
35484
35486
35513
35514
35598
35602
35604
35622
35625
35667
35678
35679
35737
35771
35779
35780
35781
35827
35841
35852
35867
35883
35889
35893
35908
35920
35949
35951
35952
35958
35986
36006
36024
36136
36148
36150
36163
36167
36168
36186
36234
36241
36254
36259
36282
36287
36305
36305
36326
36330
36334
36344
36385
36418
36426
36448
36450
36452
36457
36468
36481
36482
36487
36488
36512
36514
36521
36536
36540
36547
36553
36596
36602
36608
36624
36625
36634
36639
36644
36647
36650
36661
36661
36666
36671
36671
36672
36679
36679
36685
36687
36691
36698
36706
36710
36737
36738
36740
36746
36760
36761
36761
36774
36774
36776
36778
36793
36798
36804
36806
36818
36819
36820
36829
36835
36840
36841
36850
36860
36861
36870
36871
36874
36882
36893
36893
36894
36904
36906
36908
36922
36925
36927
36943
36955
36961
36963
36965
36982
36982
36986
36990
36994
36998
37008
37011
37016
37022
37024
37026
37028
37037
37039
37042
37043
37045
37054
37060
37062
37064
37064
37066
37067
37072
37072
37075
37076
37078
37080
37094
37095
37103
37104
37107
37127
37137
37139
37143
37146
37147
37152
37156
37158
37163
37171
37171
37172
37172
37175
37179
37183
37188
37188
37189
37191
37206
37210
37212
37216
37218
37221
37222
37228
37231
37235
37235
37239
37241
37243
37251
37251
37253
37253
37254
37256
37258
37263
37267
37277
37287
37289
37294
37295
37295
37297
37297
37300
37302
37315
37317
37319
37331
37334
37334
37337
37339
37344
37361
37362
37364
37365
37374
37375
37384
37393
37400
37400
37401
37403
37405
37407
37410
37414
37416
37421
37431
37442
37450
37451
37452
37453
37460
37470
37474
37474
37484
37489
37497
37498
37500
37501
37521
37521
37524
37526
37526
37531
37532
37546
37547
37553
37553
37555
37561
37567
37571
37571
37576
37587
37601
37601
37604
37604
37609
37611
37614
37621
37632
37634
37635
37637
37640
37640
37643
37646
37647
37649
37653
37653
37654
37656
37656
37668
37669
37671
37675
37679
37679
37686
37693
37693
37694
37694
37694
37697
37698
37701
37705
37706
37712
37717
37722
37723
37725
37727
37732
37735
37737
37743
37745
37745
37745
37747
37751
37753
37755
37759
37764
37765
37766
37772
37774
37783
37790
37790
37791
37794
37795
37795
37798
37810
37814
37814
37815
37815
37819
37821
37825
37827
37829
37835
37835
37835
37836
37839
37839
37843
37847
37851
37853
37853
37860
37867
37868
37870
37871
37878
37878
37883
37883
37891
37892
37896
37900
37905
37907
37910
37912
37913
37916
37921
37927
37927
37932
37937
37941
37941
37943
37946
37947
37948
37950
37950
37954
37957
37961
37962
37972
37976
37976
37977
37978
37985
37992
37992
37998
38005
38007
38014
38018
38019
38022
38023
38024
38028
38031
38036
38042
38044
38045
38051
38056
38059
38062
38063
38065
38070
38078
38078
38087
38091
38092
38093
38094
38097
38097
38103
38103
38106
38106
38109
38111
38115
38118
38118
38120
38124
38133
38136
38138
38147
38154
38159
38159
38162
38177
38177
38190
38191
38207
38211
38212
38220
38222
38226
38228
38234
38242
38246
38247
38252
38253
38256
38257
38258
38261
38262
38263
38266
38269
38275
38277
38279
38280
38284
38288
38299
38306
38308
38310
38311
38318
38326
38330
38333
38336
38336
38341
38347
38349
38352
38353
38353
38358
38364
38365
38367
38373
38380
38383
38386
38388
38392
38397
38398
38402
38403
38409
38414
38416
38442
38448
38448
38470
38476
38477
38484
38490
38490
38491
38494
38506
38507
38508
38511
38518
38528
38531
38543
38545
38560
38567
38570
38580
38581
38599
38616
38617
38617
38631
38633
38634
38660
38669
38674
38675
38676
38676
38680
38685
38691
38703
38704
38704
38715
38728
38729
38730
38742
38752
38758
38772
38772
38773
38774
38776
38776
38789
38798
38807
38812
38814
38860
38866
38885
38894
38906
38911
38922
38948
38949
38952
38952
38994
39005
39018
39021
39033
39034
39038
39064
39077
39122
39125
39135
39146
39159
39170
39187
39203
39221
39233
39237
39239
39239
39240
39261
39277
39283
39290
39307
39315
39338
39386
39424
39428
39463
39498
39498
39561
39653
39690
39710
39722
39753
39821
39846
39920
39927
39931
39957
40009
40011
40029
40127
40128
40144
40146
40216
40227
40253
40358
40394
40414
40420
40438
40466
40531
40542
40548
40579
40648
40684
40692
40775
40873
40942
41102
41125
41149
41271
41318
41424
41471
41491
41564
41579
41702
41792
41939
41955
42273
42315
42401
42451
42453
42964
43132
43434
44141
44669
48474
