6291
6324
6418
6440
6456
6484
6504
6511
6537
6554
6559
6584
6596
6632
6637
6638
6673
6693
6705
6721
6726
6729
6730
6738
6739
6741
6744
6748
6756
6761
6761
6762
6767
6775
6777
6781
6804
6818
6824
6832
6832
6844
6865
6866
6870
6872
6873
6877
6877
6897
6916
6920
6930
6933
6938
6942
6950
6953
6960
6964
6964
6988
6991
6996
7003
7009
7024
7053
7068
7070
7075
7084
7088
7091
7108
7111
7113
7115
7123
7132
7133
7134
7141
7141
7170
7171
7176
7180
7180
7188
7191
7197
7205
7216
7216
7230
7239
7242
7252
7252
7263
7270
7289
7321
7334
7335
7339
7341
7350
7366
7368
7384
7384
7390
7409
7423
7454
7454
7478
7507
7527
7532
7540
7543
7545
7547
7581
7587
7609
7649
7652
7661
7674
7677
7677
7693
7708
7711
7712
7730
7738
7748
7757
7780
7800
7811
7840
7848
7857
7877
7877
7894
7897
7902
7903
7906
7923
7928
7972
8012
8023
8038
8038
8039
8043
8053
8058
8059
8060
8061
8069
8072
8082
8084
8094
8110
8115
8125
8131
8151
8155
8163
8167
8183
8184
8189
8204
8205
8206
8207
8216
8223
8225
8232
8232
8237
8244
8252
8261
8269
8276
8277
8279
8280
8281
8287
8288
8307
8314
8318
8321
8325
8335
8342
8351
8355
8366
8367
8367
8382
8392
8392
8392
8395
8395
8403
8403
8404
8408
8409
8409
8417
8430
8443
8445
8447
8448
8449
8450
8451
8453
8453
8454
8458
8460
8462
8466
8470
8472
8479
8483
8489
8494
8510
8512
8513
8514
8516
8525
8526
8529
8532
8540
8553
8555
8555
8569
8572
8580
8584
8586
8590
8603
8605
8611
8616
8616
8617
8618
8625
8627
8629
8629
8632
8657
8660
8670
8676
8686
8692
8697
8700
8701
8704
8704
8706
8709
8716
8720
8721
8725
8729
8735
8737
8740
8754
8758
8762
8762
8766
8768
8769
8769
8770
8771
8772
8776
8781
8787
8789
8789
8789
8792
8794
8802
8803
8803
8807
8807
8809
8821
8825
8827
8828
8829
8831
8833
8833
8838
8839
8854
8857
8859
8866
8868
8869
8873
8875
8876
8876
8879
8880
8883
8883
8886
8886
8889
8890
8890
8893
8899
8910
8912
8912
8913
8914
8920
8921
8926
8938
8938
8943
8949
8952
8956
8959
8962
8962
8968
8968
8969
8969
8970
8974
8975
8981
8983
8983
8984
8986
8988
8990
8990
8995
8996
9002
9003
9004
9011
9013
9020
9029
9029
9032
9033
9036
9044
9049
9053
9054
9058
9060
9063
9065
9067
9069
9069
9071
9086
9088
9089
9090
9092
9093
9094
9094
9102
9102
9102
9103
9107
9109
9119
9123
9128
9129
9132
9137
9137
9142
9142
9143
9143
9145
9146
9148
9157
9158
9162
9169
9170
9170
9171
9178
9182
9183
9188
9197
9197
9197
9200
9200
9203
9203
9204
9204
9206
9208
9213
9214
9214
9216
9222
9227
9228
9230
9230
9232
9232
9235
9237
9241
9242
9243
9248
9249
9256
9257
9257
9258
9260
9263
9268
9270
9270
9273
9274
9276
9277
9282
9283
9289
9289
9290
9290
9293
9294
9298
9298
9301
9305
9306
9308
9311
9312
9312
9315
9321
9323
9324
9326
9328
9328
9328
9329
9330
9332
9334
9335
9337
9339
9344
9344
9347
9351
9351
9352
9352
9357
9357
9371
9372
9374
9378
9379
9381
9382
9385
9386
9388
9391
9391
9391
9393
9394
9397
9403
9405
9407
9407
9409
9410
9411
9415
9417
9421
9425
9425
9432
9433
9440
9441
9445
9445
9448
9453
9461
9464
9466
9469
9470
9478
9478
9479
9480
9483
9484
9487
9492
9493
9494
9494
9496
9500
9501
9503
9503
9504
9504
9508
9509
9509
9510
9510
9511
9513
9513
9514
9519
9523
9526
9530
9531
9531
9532
9539
9541
9547
9552
9552
9552
9558
9558
9559
9561
9564
9566
9580
9581
9586
9587
9592
9593
9597
9603
9604
9605
9605
9607
9607
9612
9612
9614
9619
9622
9625
9626
9628
9630
9634
9636
9643
9645
9647
9650
9650
9652
9652
9654
9655
9656
9658
9659
9661
9661
9670
9676
9677
9679
9679
9684
9685
9688
9689
9689
9690
9694
9695
9697
9698
9698
9701
9704
9708
9710
9711
9712
9715
9721
9722
9724
9725
9725
9728
9728
9728
9730
9732
9734
9739
9739
9743
9743
9748
9751
9753
9754
9760
9763
9771
9774
9774
9775
9779
9783
9795
9799
9801
9801
9805
9805
9807
9809
9811
9813
9814
9816
9822
9824
9829
9830
9837
9842
9844
9844
9845
9848
9848
9848
9849
9849
9861
9867
9869
9870
9872
9878
9880
9882
9885
9887
9894
9895
9898
9901
9906
9907
9912
9913
9916
9918
9921
9929
9930
9930
9932
9935
9935
9936
9937
9945
9958
9960
9962
9965
9966
9967
9968
9973
9975
9975
9978
9981
9982
9984
9985
9989
9991
10003
10004
10009
10017
10018
10026
10028
10035
10037
10037
10041
10044
10046
10047
10047
10048
10055
10066
10071
10073
10073
10076
10077
10078
10079
10080
10084
10087
10092
10103
10106
10109
10117
10122
10124
10131
10131
10132
10142
10142
10145
10160
10160
10161
10163
10168
10170
10170
10179
10180
10181
10182
10182
10182
10191
10193
10195
10208
10210
10211
10218
10218
10218
10219
10220
10222
10227
10227
10228
10230
10231
10234
10234
10236
10236
10239
10247
10250
10252
10252
10258
10258
10263
10266
10267
10273
10273
10276
10278
10282
10286
10286
10288
10290
10294
10295
10297
10307
10308
10308
10309
10317
10319
10319
10327
10334
10335
10338
10339
10348
10348
10352
10354
10358
10364
10364
10375
10377
10379
10380
10391
10401
10413
10413
10429
10429
10435
10436
10439
10448
10472
10472
10483
10487
10518
10524
10528
10529
10531
10539
10550
10552
10553
10556
10568
10570
10577
10587
10590
10595
10604
10612
10615
10620
10620
10627
10628
10642
10649
10662
10676
10684
10684
10685
10695
10704
10719
10724
10746
10749
10759
10771
10787
10797
10834
10841
10846
10862
10888
10894
10895
10910
10930
10931
10932
10947
10975
10994
11030
11044
11060
11072
11115
11127
11134
11143
11185
11190
11214
11268
11301
11309
11396
11447
11475
11506
11646
11791
11866
12978
13358
15789
