8697
8906
8997
9096
9100
9147
9176
9218
9237
9257
9346
9408
9436
9457
9463
9473
9572
9574
9589
9597
9649
9655
9707
9776
9778
9867
9945
9970
9988
10008
10016
10023
10025
10044
10066
10070
10088
10090
10112
10127
10136
10145
10153
10160
10196
10220
10236
10236
10250
10263
10281
10293
10304
10327
10327
10367
10418
10423
10463
10491
10534
10546
10587
10626
10630
10658
10746
10789
10827
10831
10848
10862
10865
10887
10963
10982
11041
11053
11069
11103
11117
11165
11179
11191
11248
11254
11263
11274
11275
11291
11335
11351
11381
11384
11397
11402
11415
11419
11421
11430
11432
11463
11465
11473
11512
11514
11522
11549
11556
11592
11603
11628
11643
11655
11669
11676
11677
11688
11697
11706
11707
11722
11741
11752
11766
11770
11773
11773
11789
11789
11803
11810
11831
11834
11865
11875
11877
11891
11905
11937
11950
11952
11956
11959
11959
11978
11984
11988
12002
12043
12046
12067
12072
12076
12079
12088
12099
12117
12135
12137
12137
12137
12140
12145
12149
12155
12161
12168
12176
12178
12180
12187
12197
12198
12200
12216
12222
12225
12232
12234
12238
12240
12248
12253
12265
12267
12274
12277
12281
12289
12290
12293
12293
12303
12311
12312
12320
12320
12340
12346
12354
12357
12362
12362
12367
12375
12377
12377
12379
12382
12392
12395
12405
12407
12412
12420
12420
12424
12440
12445
12448
12451
12454
12457
12463
12467
12477
12477
12477
12488
12500
12506
12507
12508
12513
12517
12522
12522
12522
12529
12531
12536
12536
12538
12540
12543
12548
12548
12550
12550
12551
12553
12554
12564
12573
12573
12580
12581
12586
12592
12596
12601
12604
12604
12613
12619
12619
12622
12622
12629
12631
12636
12644
12645
12646
12647
12650
12657
12666
12675
12676
12678
12681
12681
12683
12689
12690
12696
12696
12699
12700
12700
12701
12705
12711
12714
12718
12719
12720
12723
12726
12730
12732
12732
12736
12736
12736
12738
12741
12743
12746
12747
12749
12757
12760
12760
12761
12764
12764
12765
12767
12770
12770
12773
12780
12784
12784
12785
12785
12787
12789
12791
12793
12802
12803
12807
12811
12813
12814
12817
12817
12824
12825
12830
12833
12835
12835
12839
12839
12844
12844
12850
12852
12854
12858
12863
12863
12867
12869
12871
12872
12872
12875
12876
12878
12879
12881
12885
12885
12886
12891
12895
12903
12906
12911
12918
12919
12919
12920
12922
12925
12929
12932
12938
12940
12943
12946
12955
12956
12958
12958
12960
12964
12972
12974
12978
12985
12986
12993
12994
12997
12997
12999
12999
13000
13001
13001
13007
13010
13016
13017
13017
13020
13021
13023
13026
13027
13030
13038
13043
13044
13054
13056
13056
13059
13062
13064
13065
13068
13069
13071
13072
13080
13082
13085
13088
13095
13102
13108
13108
13109
13110
13111
13112
13115
13116
13118
13121
13121
13121
13124
13127
13132
13134
13142
13144
13145
13145
13147
13151
13151
13154
13157
13161
13162
13174
13176
13176
13185
13188
13188
13195
13198
13199
13200
13202
13205
13207
13214
13215
13216
13219
13219
13226
13227
13227
13228
13229
13236
13240
13242
13242
13243
13252
13255
13259
13260
13260
13261
13262
13264
13265
13265
13267
13268
13269
13275
13276
13276
13278
13280
13281
13282
13282
13283
13284
13285
13285
13289
13290
13295
13297
13298
13302
13303
13304
13304
13309
13310
13310
13312
13313
13316
13317
13320
13324
13324
13326
13328
13328
13334
13335
13339
13339
13339
13341
13342
13354
13355
13355
13361
13363
13363
13363
13364
13370
13375
13376
13377
13383
13383
13385
13387
13387
13390
13390
13392
13392
13396
13399
13407
13410
13416
13417
13420
13428
13435
13437
13440
13440
13440
13445
13446
13448
13450
13453
13455
13456
13456
13456
13464
13466
13467
13470
13471
13471
13472
13479
13480
13482
13482
13488
13488
13490
13492
13498
13500
13500
13505
13507
13508
13512
13517
13519
13519
13520
13524
13530
13533
13541
13545
13547
13550
13551
13554
13555
13556
13558
13560
13560
13561
13571
13572
13575
13576
13576
13585
13587
13588
13588
13592
13600
13603
13609
13610
13611
13614
13617
13620
13621
13625
13639
13642
13643
13647
13649
13653
13653
13653
13659
13660
13674
13687
13687
13690
13691
13694
13695
13696
13698
13698
13701
13702
13708
13710
13716
13720
13735
13736
13750
13754
13758
13759
13760
13765
13766
13768
13772
13775
13777
13780
13786
13786
13792
13795
13795
13795
13799
13804
13806
13809
13809
13814
13817
13818
13818
13826
13829
13836
13837
13843
13846
13847
13850
13854
13854
13856
13862
13864
13869
13871
13872
13873
13876
13876
13877
13881
13882
13882
13886
13887
13890
13900
13900
13900
13901
13903
13907
13907
13908
13915
13916
13918
13923
13927
13929
13932
13946
13948
13950
13952
13952
13955
13961
13963
13965
13967
13970
13970
13971
13972
13973
13978
13983
13985
13985
13986
13990
13991
13992
13995
13996
13996
13997
14000
14003
14006
14010
14014
14018
14020
14022
14030
14036
14037
14037
14037
14038
14043
14047
14047
14048
14057
14058
14062
14065
14076
14076
14077
14080
14080
14085
14087
14091
14092
14097
14099
14102
14109
14115
14117
14128
14131
14149
14155
14155
14159
14159
14159
14170
14172
14173
14176
14180
14190
14193
14193
14197
14197
14215
14219
14225
14231
14239
14243
14243
14250
14253
14255
14262
14263
14279
14280
14282
14288
14289
14300
14301
14305
14306
14306
14308
14310
14312
14325
14333
14336
14337
14347
14349
14354
14356
14364
14366
14368
14376
14377
14377
14378
14381
14384
14406
14413
14415
14421
14421
14422
14422
14428
14430
14431
14434
14436
14448
14449
14451
14457
14459
14472
14473
14482
14491
14493
14499
14514
14517
14522
14526
14528
14528
14532
14532
14534
14542
14542
14550
14568
14569
14570
14575
14576
14578
14587
14589
14590
14591
14597
14604
14613
14621
14646
14650
14654
14662
14685
14686
14688
14690
14697
14702
14714
14750
14755
14782
14786
14793
14797
14806
14811
14812
14814
14818
14823
14826
14853
14856
14856
14864
14867
14872
14874
14891
14899
14910
14917
14941
14943
14951
15010
15010
15047
15054
15055
15063
15073
15082
15102
15107
15109
15133
15153
15158
15185
15222
15227
15231
15231
15233
15256
15259
15270
15295
15344
15362
15423
15434
15436
15456
15477
15479
15486
15508
15547
15550
15755
15821
16233
16875
17217
18190
