770
798
800
802
829
830
831
831
833
835
835
835
835
839
841
842
843
844
844
845
845
847
847
852
854
855
856
858
859
859
860
860
860
860
861
862
862
863
863
863
864
864
866
866
867
868
868
868
869
869
870
871
871
872
873
874
875
875
875
875
875
875
878
878
878
879
879
879
880
881
881
882
882
882
882
883
883
883
884
885
885
885
885
887
887
887
890
890
890
891
891
891
891
892
892
892
893
894
894
894
894
895
895
897
897
898
898
898
898
898
898
899
899
899
900
900
900
900
900
900
901
902
902
902
902
902
903
903
903
903
903
904
905
905
905
905
905
905
905
906
906
906
906
906
907
907
907
907
907
908
909
909
909
909
910
910
910
910
911
911
911
912
912
912
912
913
914
914
914
915
915
915
915
916
916
916
916
917
917
917
917
918
919
919
919
920
920
920
920
920
920
920
921
921
922
922
923
923
923
923
923
924
924
924
924
925
926
926
926
926
926
926
927
927
927
927
928
928
928
929
929
929
929
929
929
930
930
930
931
931
932
932
933
933
933
934
934
934
934
934
934
935
935
936
937
937
937
939
941
941
941
941
942
944
944
945
946
946
947
947
947
948
948
949
949
950
951
951
952
952
952
953
953
953
953
954
954
956
957
957
958
958
958
958
959
961
961
962
962
964
964
966
966
967
967
967
968
969
969
969
970
970
971
973
973
975
976
976
977
978
979
980
982
983
984
984
984
985
987
991
992
993
997
997
998
998
999
999
1000
1001
1001
1002
1002
1004
1006
1007
1008
1010
1014
1015
1015
1015
1015
1015
1016
1018
1018
1021
1022
1024
1024
1024
1025
1026
1028
1028
1029
1030
1032
1032
1033
1035
1035
1038
1039
1040
1041
1043
1046
1046
1049
1052
1053
1054
1057
1059
1059
1064
1065
1066
1067
1067
1068
1069
1070
1071
1072
1073
1074
1075
1076
1078
1082
1083
1083
1085
1085
1086
1090
1092
1093
1093
1095
1096
1097
1098
1098
1100
1104
1106
1107
1107
1108
1110
1110
1111
1111
1111
1111
1112
1115
1117
1117
1121
1121
1124
1125
1125
1126
1126
1126
1128
1128
1129
1129
1132
1132
1134
1137
1137
1137
1138
1139
1140
1140
1142
1142
1142
1142
1143
1143
1143
1143
1144
1144
1147
1148
1150
1150
1150
1150
1151
1152
1152
1152
1153
1156
1156
1156
1157
1157
1157
1157
1158
1159
1159
1160
1160
1160
1163
1163
1164
1164
1166
1166
1167
1169
1169
1172
1172
1172
1172
1172
1173
1173
1173
1174
1175
1178
1180
1181
1183
1184
1185
1185
1185
1186
1186
1186
1187
1189
1189
1190
1191
1192
1192
1193
1193
1194
1196
1197
1197
1197
1198
1198
1198
1199
1200
1200
1201
1201
1202
1203
1204
1205
1205
1205
1206
1206
1207
1208
1209
1209
1210
1210
1212
1212
1214
1214
1215
1216
1216
1217
1217
1218
1219
1220
1220
1221
1221
1221
1221
1222
1222
1224
1224
1225
1225
1225
1225
1227
1228
1229
1229
1229
1229
1229
1229
1230
1230
1230
1231
1231
1231
1231
1232
1232
1232
1234
1234
1234
1235
1235
1235
1235
1235
1236
1236
1237
1237
1237
1238
1238
1239
1240
1241
1242
1242
1243
1244
1244
1245
1246
1246
1246
1246
1247
1247
1247
1247
1248
1248
1249
1249
1249
1249
1250
1250
1251
1252
1253
1253
1254
1254
1254
1254
1255
1255
1255
1255
1255
1255
1256
1256
1256
1257
1257
1257
1259
1260
1260
1260
1261
1262
1262
1262
1262
1262
1262
1262
1263
1263
1264
1264
1265
1265
1265
1265
1265
1266
1266
1266
1267
1269
1270
1271
1271
1271
1272
1272
1273
1273
1273
1274
1275
1276
1277
1277
1277
1278
1279
1280
1281
1281
1282
1282
1283
1283
1283
1284
1284
1284
1285
1286
1286
1287
1287
1288
1288
1288
1289
1291
1291
1291
1292
1292
1293
1293
1295
1296
1296
1296
1296
1296
1297
1297
1297
1297
1298
1298
1298
1299
1299
1300
1301
1302
1302
1302
1302
1304
1305
1305
1305
1306
1307
1307
1307
1307
1307
1307
1308
1308
1309
1312
1312
1312
1313
1314
1316
1316
1316
1316
1317
1317
1317
1318
1318
1319
1319
1319
1321
1321
1322
1323
1324
1324
1324
1325
1325
1327
1327
1328
1328
1328
1329
1329
1330
1331
1331
1331
1332
1332
1333
1333
1334
1334
1334
1335
1335
1335
1337
1337
1338
1338
1338
1339
1339
1340
1341
1341
1342
1342
1343
1344
1345
1345
1345
1346
1347
1348
1348
1348
1349
1350
1351
1351
1352
1352
1352
1353
1353
1354
1354
1355
1355
1356
1356
1356
1357
1358
1359
1359
1361
1362
1363
1363
1363
1363
1363
1365
1365
1366
1366
1368
1369
1370
1370
1370
1371
1372
1373
1373
1373
1379
1381
1382
1383
1384
1385
1385
1388
1389
1390
1391
1392
1393
1394
1394
1395
1398
1398
1399
1401
1402
1403
1403
1403
1403
1407
1408
1408
1408
1410
1410
1410
1411
1411
1411
1412
1412
1413
1413
1413
1414
1415
1415
1415
1416
1417
1419
1422
1422
1422
1429
1431
1431
1433
1433
1433
1436
1437
1438
1438
1439
1440
1446
1447
1447
1451
1451
1452
1455
1456
1457
1457
1461
1465
1466
1478
1479
1481
1482
1483
1490
1492
1499
1514
1514
1515
1521
1521
1526
1528
1533
1533
1535
1536
1538
1543
1544
1549
1557
1559
1562
1568
1572
1578
1578
1582
1589
1592
1596
1598
1620
1620
1636
1637
1647
1661
1668
1670
1704
1708
1710
1732
1805
1862
1912
1921
2046
2084
2174
2242
2291
2334
2516
2699
3221
3939
5776
