3326
3337
3374
3375
3405
3454
3456
3471
3478
3481
3493
3496
3502
3502
3509
3511
3515
3524
3532
3543
3551
3553
3553
3561
3565
3567
3569
3571
3574
3575
3576
3577
3580
3584
3589
3596
3597
3600
3604
3605
3605
3606
3615
3621
3623
3624
3624
3625
3628
3630
3636
3637
3639
3642
3645
3647
3648
3651
3654
3655
3656
3659
3661
3664
3667
3670
3673
3680
3684
3697
3698
3706
3706
3723
3728
3730
3732
3737
3737
3738
3742
3743
3749
3750
3758
3761
3765
3766
3771
3774
3776
3778
3780
3784
3784
3785
3795
3800
3809
3812
3814
3814
3816
3819
3819
3819
3822
3823
3829
3830
3832
3833
3835
3837
3839
3839
3841
3847
3847
3849
3852
3861
3861
3879
3881
3884
3885
3885
3890
3890
3893
3897
3909
3915
3919
3932
3934
3938
3939
3946
3951
3954
3961
3963
3964
3986
3991
4007
4020
4041
4053
4057
4063
4070
4072
4079
4080
4081
4081
4085
4087
4119
4128
4129
4131
4143
4143
4148
4153
4159
4160
4167
4168
4178
4183
4188
4192
4196
4214
4221
4222
4223
4223
4226
4236
4243
4249
4249
4255
4262
4277
4280
4282
4287
4298
4300
4302
4302
4304
4313
4321
4324
4342
4344
4344
4350
4351
4355
4358
4361
4365
4366
4372
4377
4378
4382
4382
4386
4390
4392
4396
4401
4403
4405
4412
4414
4416
4418
4422
4429
4443
4449
4449
4455
4455
4456
4457
4459
4461
4463
4466
4470
4480
4480
4493
4495
4508
4509
4509
4512
4518
4519
4521
4521
4525
4528
4528
4533
4533
4543
4543
4545
4551
4557
4560
4563
4563
4565
4569
4571
4572
4574
4576
4576
4577
4577
4578
4578
4580
4586
4586
4588
4588
4594
4597
4600
4609
4611
4613
4613
4613
4615
4619
4621
4622
4624
4626
4626
4629
4630
4630
4630
4632
4633
4638
4643
4647
4652
4653
4656
4656
4657
4660
4660
4664
4667
4667
4670
4674
4680
4681
4683
4683
4687
4687
4688
4689
4692
4693
4694
4694
4697
4702
4707
4708
4709
4711
4713
4716
4718
4718
4719
4721
4723
4725
4726
4729
4730
4731
4733
4737
4737
4737
4739
4740
4744
4747
4750
4751
4752
4754
4760
4760
4762
4773
4777
4782
4784
4785
4787
4789
4792
4793
4796
4797
4803
4806
4808
4808
4809
4813
4816
4817
4819
4821
4824
4824
4826
4826
4829
4833
4834
4837
4838
4840
4840
4843
4845
4850
4851
4854
4854
4859
4861
4862
4863
4865
4867
4867
4868
4873
4874
4875
4876
4876
4877
4878
4878
4880
4881
4886
4887
4888
4890
4890
4891
4895
4897
4897
4897
4898
4899
4900
4901
4902
4905
4907
4908
4910
4911
4912
4913
4913
4919
4921
4923
4924
4924
4924
4926
4929
4929
4930
4932
4936
4937
4939
4944
4945
4945
4948
4950
4950
4952
4954
4955
4955
4962
4964
4966
4967
4967
4967
4969
4969
4970
4972
4972
4972
4974
4976
4976
4977
4978
4980
4981
4982
4982
4987
4988
4989
4989
4992
4995
4995
4997
4999
5000
5001
5004
5004
5006
5007
5007
5009
5011
5012
5013
5014
5016
5016
5016
5018
5019
5019
5020
5022
5022
5022
5022
5027
5027
5031
5032
5033
5034
5035
5036
5038
5038
5038
5042
5042
5044
5045
5046
5048
5049
5053
5055
5058
5059
5060
5061
5061
5069
5070
5071
5073
5074
5074
5077
5080
5081
5084
5087
5087
5090
5091
5091
5093
5094
5094
5094
5096
5096
5098
5099
5101
5102
5102
5104
5105
5105
5106
5106
5107
5108
5109
5109
5115
5117
5117
5119
5120
5120
5121
5122
5122
5124
5124
5125
5125
5125
5126
5129
5130
5131
5132
5132
5132
5133
5133
5133
5135
5136
5138
5140
5140
5141
5144
5145
5146
5147
5148
5149
5149
5153
5155
5156
5157
5160
5161
5161
5164
5165
5165
5169
5176
5177
5180
5181
5183
5183
5184
5184
5185
5187
5191
5192
5194
5195
5196
5196
5197
5197
5199
5200
5200
5201
5202
5203
5203
5203
5204
5205
5205
5205
5206
5206
5206
5208
5208
5210
5212
5215
5216
5220
5222
5223
5224
5225
5226
5229
5231
5231
5234
5236
5238
5239
5241
5243
5245
5248
5250
5254
5255
5260
5261
5261
5262
5262
5264
5264
5267
5268
5270
5271
5273
5274
5275
5279
5279
5281
5281
5283
5285
5289
5290
5290
5291
5291
5293
5295
5296
5298
5298
5298
5299
5301
5307
5309
5309
5309
5311
5312
5312
5313
5315
5317
5319
5320
5324
5324
5325
5325
5333
5334
5335
5335
5337
5338
5339
5339
5340
5341
5342
5342
5343
5345
5345
5346
5347
5347
5348
5349
5349
5349
5351
5352
5354
5354
5355
5355
5356
5357
5363
5363
5363
5365
5369
5370
5370
5372
5373
5373
5374
5374
5377
5380
5383
5387
5387
5387
5390
5395
5397
5400
5401
5403
5404
5406
5409
5409
5413
5416
5425
5426
5426
5427
5427
5427
5430
5435
5435
5436
5439
5440
5441
5442
5446
5448
5449
5450
5451
5452
5453
5459
5459
5460
5461
5462
5463
5466
5466
5478
5478
5482
5483
5485
5486
5489
5493
5494
5495
5495
5497
5499
5501
5503
5507
5507
5508
5508
5514
5515
5518
5518
5520
5520
5522
5523
5523
5525
5525
5526
5527
5529
5530
5531
5532
5534
5535
5536
5540
5549
5566
5570
5578
5579
5581
5587
5587
5587
5589
5591
5592
5594
5598
5601
5603
5604
5604
5607
5612
5613
5614
5615
5620
5621
5623
5624
5625
5629
5631
5633
5638
5639
5643
5646
5647
5649
5649
5651
5653
5654
5657
5659
5665
5666
5670
5675
5681
5682
5685
5685
5686
5688
5689
5700
5703
5708
5712
5723
5728
5740
5740
5743
5745
5746
5756
5758
5763
5767
5778
5779
5781
5782
5787
5788
5799
5806
5807
5811
5820
5821
5822
5823
5823
5823
5830
5833
5845
5847
5850
5861
5862
5876
5878
5881
5884
5885
5895
5896
5901
5904
5905
5908
5908
5911
5914
5920
5971
5978
5984
6009
6012
6013
6031
6077
6079
6080
6099
6107
6121
6181
6218
6296
6311
6339
6348
6391
6432
6447
6461
6853
7204
7314
8174
11877
