24613
24818
24906
24913
25174
25285
25423
25576
25646
25734
25768
25780
25810
25857
25868
25881
25940
25958
25967
26052
26057
26090
26194
26209
26272
26285
26320
26326
26334
26367
26368
26402
26427
26452
26463
26522
26539
26558
26578
26579
26584
26748
26766
26838
26849
26850
26853
26869
26874
26882
26965
26988
27039
27087
27088
27150
27154
27165
27170
27186
27193
27213
27237
27240
27284
27325
27325
27345
27481
27546
27556
28040
28045
28092
28242
28550
29045
29063
29279
29283
29349
29368
29474
29546
29601
29610
29623
29713
29724
29886
29929
29977
30010
30023
30046
30166
30181
30186
30198
30205
30205
30250
30272
30278
30279
30327
30338
30350
30424
30446
30462
30473
30500
30536
30556
30604
30645
30681
30702
30707
30740
30743
30755
30759
30766
30829
30914
30917
30939
30951
30957
30968
30969
31002
31017
31017
31050
31069
31073
31073
31077
31101
31116
31133
31187
31198
31200
31256
31276
31323
31335
31381
31384
31384
31421
31441
31450
31477
31478
31498
31502
31537
31550
31552
31554
31555
31569
31572
31573
31581
31586
31588
31594
31599
31599
31610
31611
31616
31630
31645
31645
31653
31654
31657
31662
31681
31694
31694
31707
31719
31727
31739
31746
31750
31753
31782
31786
31795
31802
31804
31805
31807
31820
31823
31829
31829
31832
31832
31836
31839
31840
31854
31876
31899
31901
31904
31914
31916
31926
31934
31939
31941
31945
31953
31962
31963
31976
31979
32003
32009
32010
32029
32032
32034
32039
32041
32043
32046
32047
32053
32057
32059
32066
32077
32088
32092
32094
32094
32097
32099
32100
32106
32108
32110
32122
32124
32126
32129
32134
32138
32138
32139
32144
32148
32161
32163
32174
32175
32175
32177
32179
32186
32189
32189
32194
32197
32204
32207
32209
32215
32221
32226
32244
32258
32260
32261
32269
32270
32277
32279
32288
32301
32303
32306
32313
32321
32324
32326
32333
32336
32341
32344
32347
32358
32361
32362
32368
32371
32372
32374
32378
32379
32380
32381
32382
32382
32383
32383
32383
32385
32385
32385
32389
32389
32392
32399
32409
32414
32415
32421
32424
32427
32444
32451
32453
32457
32461
32463
32464
32465
32465
32465
32465
32470
32473
32474
32474
32476
32477
32478
32478
32488
32489
32490
32491
32493
32494
32494
32494
32496
32498
32502
32505
32507
32514
32522
32531
32532
32538
32546
32546
32546
32549
32555
32560
32564
32568
32568
32569
32572
32572
32574
32577
32581
32584
32585
32591
32592
32592
32595
32599
32601
32603
32604
32605
32606
32606
32606
32620
32620
32625
32627
32627
32627
32629
32634
32634
32637
32640
32640
32644
32645
32647
32648
32648
32654
32657
32664
32671
32672
32674
32692
32695
32697
32699
32700
32700
32703
32705
32709
32710
32711
32712
32714
32714
32717
32718
32720
32722
32724
32725
32731
32732
32733
32733
32734
32737
32737
32740
32743
32744
32744
32746
32747
32747
32747
32747
32748
32748
32750
32751
32760
32762
32768
32772
32775
32778
32780
32780
32783
32783
32785
32786
32790
32791
32793
32794
32796
32798
32798
32801
32802
32803
32805
32807
32812
32814
32818
32820
32824
32827
32828
32831
32831
32834
32836
32839
32840
32847
32848
32850
32850
32854
32854
32862
32864
32865
32867
32869
32869
32874
32875
32877
32891
32892
32892
32894
32895
32895
32895
32898
32900
32902
32904
32904
32905
32910
32911
32913
32917
32917
32918
32924
32935
32935
32942
32942
32947
32947
32948
32949
32951
32954
32954
32954
32960
32960
32964
32973
32973
32973
32977
32982
32985
32987
32987
32987
32988
32991
32992
32992
32995
32998
33001
33004
33007
33010
33014
33015
33018
33020
33032
33034
33035
33037
33038
33042
33042
33043
33045
33048
33049
33051
33052
33058
33058
33058
33059
33066
33067
33068
33069
33073
33074
33076
33076
33077
33077
33084
33085
33090
33091
33092
33094
33094
33104
33109
33109
33111
33111
33116
33122
33123
33131
33133
33134
33136
33142
33147
33152
33153
33155
33155
33162
33162
33165
33168
33170
33170
33175
33178
33182
33194
33198
33201
33203
33204
33209
33209
33210
33211
33211
33215
33217
33219
33228
33229
33233
33234
33241
33244
33245
33249
33252
33254
33256
33260
33263
33269
33276
33277
33280
33283
33290
33291
33297
33301
33305
33307
33308
33312
33316
33317
33317
33325
33326
33336
33341
33343
33347
33348
33360
33362
33363
33363
33368
33375
33380
33385
33388
33390
33391
33394
33398
33402
33405
33412
33412
33413
33415
33419
33420
33427
33427
33427
33430
33430
33431
33434
33437
33442
33445
33451
33451
33454
33461
33483
33487
33493
33496
33500
33506
33507
33510
33514
33515
33522
33524
33526
33529
33533
33534
33536
33543
33546
33549
33551
33554
33555
33565
33565
33571
33571
33573
33573
33574
33579
33583
33584
33597
33598
33598
33608
33611
33626
33627
33628
33631
33636
33637
33646
33655
33656
33657
33657
33657
33662
33663
33667
33669
33669
33671
33680
33707
33709
33722
33725
33739
33740
33740
33749
33750
33765
33767
33769
33785
33790
33798
33800
33813
33816
33824
33824
33829
33837
33838
33846
33849
33860
33874
33884
33891
33897
33897
33903
33904
33914
33916
33918
33925
33932
33946
33947
33947
33947
33950
33953
33954
33960
33964
33971
33972
33975
33976
33979
33991
34000
34002
34007
34009
34011
34015
34027
34028
34029
34052
34081
34086
34090
34092
34097
34103
34103
34104
34106
34112
34113
34127
34131
34140
34154
34164
34198
34203
34218
34219
34229
34255
34270
34298
34298
34308
34318
34344
34347
34364
34364
34374
34385
34386
34387
34396
34407
34425
34428
34448
34456
34460
34467
34475
34481
34482
34490
34498
34511
34513
34531
34546
34569
34589
34607
34655
34691
34692
34698
34701
34730
34731
34741
34749
34774
34791
34791
34793
34843
34888
34892
34904
34907
34931
34962
34964
35011
35050
35066
35111
35135
35142
35152
35198
35238
35256
35258
35273
35290
35292
35377
35415
35426
35444
35447
35493
35525
35546
35557
35587
35588
35588
35683
35686
35701
35703
35728
35749
35791
35812
35883
35886
35911
35995
35998
36034
36041
36065
36067
36091
36103
36122
36176
36238
36333
36354
36359
36383
36418
36423
36451
36477
36540
36627
36734
36744
36769
36821
36953
37007
37024
37054
37098
37150
37208
37243
37396
37668
37702
37716
37833
37939
37941
37993
38443
38469
38672
39205
39224
39233
40011
40786
41253
42094
