36973
37292
37333
37345
37651
37706
37775
37784
37850
37864
37887
37911
37921
37928
37974
38031
38056
38057
38070
38084
38085
38137
38167
38174
38218
38233
38290
38290
38302
38326
38337
38365
38415
38441
38451
38461
38489
38513
38542
38543
38549
38550
38560
38572
38578
38588
38590
38593
38620
38624
38624
38645
38649
38652
38667
38678
38686
38706
38708
38721
38748
38751
38765
38794
38808
38811
38811
38818
38820
38839
38849
38867
38882
38905
38918
38922
38922
38927
38946
38947
38954
38961
38963
38970
38972
38976
38983
38992
39000
39003
39009
39009
39013
39018
39034
39035
39056
39056
39062
39070
39076
39078
39079
39082
39083
39084
39086
39088
39090
39094
39097
39100
39105
39105
39105
39115
39117
39125
39132
39132
39137
39144
39159
39163
39164
39169
39169
39173
39174
39179
39181
39192
39193
39198
39199
39202
39215
39215
39220
39220
39235
39238
39240
39241
39243
39254
39254
39255
39262
39262
39270
39272
39278
39280
39284
39291
39292
39296
39298
39312
39321
39331
39335
39338
39341
39346
39351
39355
39366
39367
39371
39377
39378
39387
39389
39390
39396
39401
39402
39411
39418
39420
39427
39432
39440
39444
39457
39462
39479
39487
39487
39488
39494
39497
39511
39514
39519
39526
39533
39533
39535
39543
39546
39550
39551
39551
39554
39570
39572
39572
39587
39588
39588
39591
39592
39598
39603
39607
39611
39615
39615
39620
39626
39629
39630
39630
39635
39637
39637
39648
39651
39661
39668
39669
39676
39686
39693
39697
39698
39701
39702
39702
39712
39713
39716
39716
39716
39720
39724
39725
39731
39735
39739
39740
39747
39748
39754
39761
39762
39764
39765
39766
39767
39769
39773
39777
39780
39781
39783
39786
39792
39794
39794
39797
39797
39798
39807
39809
39809
39813
39815
39816
39818
39823
39833
39835
39839
39844
39847
39847
39853
39856
39862
39880
39897
39901
39904
39909
39909
39913
39916
39928
39928
39937
39943
39948
39955
39964
39965
39971
39972
39975
39991
40001
40001
40001
40008
40010
40014
40018
40019
40020
40020
40020
40021
40030
40034
40043
40060
40065
40067
40069
40071
40073
40077
40085
40100
40105
40114
40114
40115
40128
40130
40133
40136
40143
40149
40161
40172
40173
40175
40185
40185
40188
40190
40199
40199
40200
40200
40211
40214
40215
40222
40224
40225
40229
40233
40238
40239
40246
40251
40255
40255
40256
40258
40262
40263
40265
40275
40277
40279
40282
40286
40291
40292
40293
40294
40297
40299
40309
40309
40317
40320
40322
40324
40330
40331
40348
40354
40359
40364
40365
40365
40372
40377
40382
40385
40386
40386
40390
40394
40403
40406
40408
40409
40409
40421
40422
40430
40440
40440
40441
40443
40445
40447
40454
40464
40469
40471
40472
40477
40490
40510
40512
40520
40525
40540
40541
40550
40557
40557
40560
40570
40570
40573
40575
40576
40584
40585
40605
40609
40628
40634
40638
40642
40665
40675
40678
40678
40679
40687
40700
40714
40722
40746
40746
40749
40763
40783
40792
40805
40806
40811
40812
40813
40825
40832
40834
40845
40845
40882
40884
40888
40890
40895
40898
40900
40905
40909
40921
40926
40927
40931
40950
40950
40951
40971
40973
40977
40981
41013
41019
41036
41049
41061
41068
41072
41079
41086
41097
41109
41114
41120
41123
41128
41130
41132
41133
41134
41137
41159
41161
41170
41185
41190
41204
41211
41223
41235
41243
41252
41254
41271
41272
41272
41290
41290
41293
41300
41301
41311
41311
41313
41334
41341
41341
41343
41355
41375
41390
41420
41424
41430
41440
41446
41447
41449
41453
41463
41465
41484
41485
41497
41514
41515
41520
41532
41546
41549
41554
41556
41558
41561
41573
41579
41581
41583
41587
41589
41590
41595
41597
41601
41611
41620
41632
41640
41651
41669
41676
41677
41679
41679
41681
41696
41704
41706
41714
41715
41715
41718
41731
41734
41737
41737
41739
41741
41747
41754
41755
41756
41758
41768
41771
41771
41773
41774
41791
41803
41805
41813
41826
41832
41833
41838
41842
41843
41847
41851
41854
41855
41855
41864
41868
41874
41886
41892
41906
41913
41917
41921
41926
41934
41953
41958
41962
41965
41968
41971
41980
41982
41982
41986
41997
41998
42006
42008
42020
42024
42024
42034
42035
42039
42039
42041
42041
42055
42060
42071
42075
42078
42080
42081
42090
42092
42092
42097
42099
42102
42104
42114
42114
42120
42129
42129
42136
42148
42148
42148
42163
42165
42170
42170
42176
42191
42194
42196
42198
42209
42216
42221
42226
42228
42230
42232
42232
42233
42235
42237
42237
42237
42239
42251
42261
42274
42285
42287
42293
42294
42298
42299
42299
42312
42316
42317
42318
42321
42326
42326
42330
42338
42344
42349
42354
42355
42361
42370
42374
42377
42379
42383
42385
42387
42389
42396
42396
42398
42401
42401
42404
42411
42413
42413
42421
42421
42424
42436
42438
42441
42451
42451
42452
42455
42463
42468
42474
42479
42480
42489
42490
42490
42491
42492
42495
42495
42496
42499
42502
42510
42512
42515
42519
42529
42540
42550
42552
42572
42574
42576
42577
42579
42586
42590
42590
42598
42606
42607
42608
42613
42630
42631
42636
42640
42647
42650
42660
42664
42669
42670
42670
42674
42675
42682
42685
42691
42694
42695
42695
42699
42704
42709
42721
42721
42723
42733
42734
42745
42746
42748
42752
42753
42761
42767
42783
42790
42794
42797
42804
42805
42814
42837
42837
42843
42844
42848
42848
42850
42851
42851
42856
42858
42858
42860
42869
42879
42906
42915
42916
42935
42942
42971
42982
42998
43001
43006
43011
43021
43039
43045
43045
43052
43058
43066
43066
43070
43083
43088
43097
43110
43111
43159
43162
43167
43173
43180
43194
43198
43200
43215
43227
43241
43241
43258
43259
43263
43264
43270
43274
43283
43285
43294
43382
43392
43397
43400
43405
43411
43435
43436
43438
43445
43461
43470
43476
43477
43524
43541
43546
43555
43590
43601
43630
43679
43690
43694
43711
43724
43748
43812
43817
43818
43835
43839
43887
43926
43940
43984
43996
44013
44053
44113
44141
44141
44160
44173
44215
44216
44237
44251
44281
44390
44494
44547
44607
44624
44643
44659
44690
44709
44720
44736
44849
44863
44907
44942
44961
45116
45137
45145
45178
45185
45380
45477
45478
45591
45724
45754
45796
45812
45892
45895
45926
46018
46040
46178
46588
46612
46626
46627
46823
47456
47666
47971
48001
48007
48279
48699
49158
50287
52874
