12834
13298
13350
13426
13947
13984
14051
14124
14128
14129
14192
14261
14269
14290
14327
14440
14521
14580
14584
14615
14658
14695
14699
14699
14731
14749
14799
14800
14802
14815
14825
14831
14833
14870
14958
14968
14975
14994
15008
15011
15021
15023
15027
15039
15074
15120
15127
15135
15183
15210
15215
15222
15224
15239
15244
15314
15344
15389
15424
15430
15432
15434
15441
15464
15468
15474
15481
15562
15564
15590
15598
15615
15626
15632
15652
15659
15670
15673
15674
15676
15715
15720
15732
15738
15764
15768
15769
15777
15788
15788
15793
15823
15842
15845
15850
15854
15874
15879
15898
15910
15945
15963
15967
15972
16019
16020
16034
16045
16052
16066
16066
16083
16087
16094
16100
16109
16113
16120
16136
16153
16155
16165
16178
16199
16202
16211
16224
16230
16231
16234
16247
16256
16267
16284
16287
16308
16316
16337
16344
16345
16351
16352
16357
16359
16369
16386
16393
16408
16430
16454
16467
16487
16487
16492
16493
16504
16508
16510
16515
16518
16521
16521
16534
16539
16547
16551
16555
16567
16569
16576
16593
16602
16603
16628
16642
16660
16662
16673
16688
16695
16695
16698
16701
16701
16705
16706
16721
16723
16760
16766
16769
16769
16774
16776
16777
16782
16786
16786
16801
16810
16812
16813
16815
16824
16832
16836
16836
16843
16859
16861
16863
16868
16868
16868
16871
16875
16875
16880
16894
16913
16921
16928
16933
16936
16937
16939
16947
16949
16960
16963
16970
16973
16993
16995
16996
17000
17021
17024
17031
17031
17032
17033
17038
17045
17052
17055
17066
17066
17067
17071
17083
17087
17096
17101
17108
17109
17111
17112
17118
17120
17125
17128
17133
17137
17142
17144
17145
17158
17161
17162
17173
17173
17173
17173
17175
17177
17178
17180
17190
17213
17214
17215
17227
17232
17233
17235
17242
17247
17252
17256
17260
17262
17262
17267
17271
17274
17277
17278
17285
17293
17293
17295
17297
17304
17304
17308
17310
17312
17314
17316
17317
17318
17322
17323
17331
17333
17338
17352
17356
17361
17361
17362
17363
17365
17367
17371
17375
17376
17385
17393
17398
17400
17405
17409
17411
17412
17414
17416
17418
17418
17422
17424
17426
17426
17435
17436
17441
17442
17443
17443
17445
17446
17447
17453
17455
17463
17465
17471
17474
17475
17478
17491
17495
17496
17496
17502
17503
17504
17508
17510
17521
17524
17525
17526
17526
17527
17530
17532
17532
17534
17540
17543
17543
17550
17550
17551
17554
17564
17564
17564
17576
17582
17583
17584
17589
17590
17591
17593
17600
17602
17604
17610
17612
17613
17617
17622
17625
17626
17633
17642
17642
17649
17649
17654
17656
17659
17663
17669
17673
17675
17679
17679
17679
17680
17683
17686
17688
17704
17707
17707
17709
17712
17714
17716
17716
17718
17720
17722
17725
17735
17740
17753
17760
17766
17768
17776
17779
17779
17784
17784
17785
17786
17794
17794
17796
17799
17799
17800
17804
17806
17811
17811
17812
17815
17816
17816
17817
17818
17821
17822
17823
17824
17825
17827
17846
17848
17850
17851
17856
17857
17858
17859
17859
17867
17869
17869
17871
17872
17873
17880
17885
17886
17889
17891
17894
17898
17899
17913
17916
17918
17921
17921
17927
17929
17929
17933
17936
17939
17939
17942
17945
17950
17951
17952
17955
17958
17960
17963
17970
17970
17971
17972
17973
17973
17973
17975
17983
17989
17991
17992
17994
18002
18004
18010
18010
18011
18011
18014
18014
18016
18018
18020
18025
18027
18033
18038
18039
18043
18049
18049
18053
18057
18058
18059
18065
18068
18072
18074
18076
18077
18081
18081
18085
18094
18097
18107
18107
18125
18130
18132
18132
18134
18138
18146
18148
18155
18157
18159
18169
18170
18174
18176
18176
18190
18191
18194
18194
18196
18203
18205
18206
18215
18215
18218
18223
18233
18238
18243
18250
18251
18258
18258
18260
18262
18266
18271
18283
18283
18284
18294
18295
18298
18300
18302
18307
18308
18315
18320
18325
18332
18334
18339
18343
18344
18344
18352
18354
18354
18355
18358
18359
18364
18366
18370
18378
18381
18385
18386
18389
18390
18391
18396
18398
18407
18408
18410
18410
18415
18417
18419
18422
18427
18429
18430
18430
18432
18436
18439
18449
18449
18451
18455
18456
18462
18463
18464
18464
18473
18473
18477
18477
18480
18481
18482
18486
18488
18489
18489
18489
18490
18498
18502
18503
18503
18504
18506
18507
18508
18511
18517
18521
18528
18532
18534
18535
18544
18545
18551
18562
18563
18566
18567
18568
18571
18578
18582
18593
18594
18604
18607
18608
18610
18615
18618
18619
18624
18624
18627
18631
18637
18638
18639
18647
18647
18648
18652
18652
18652
18664
18665
18668
18671
18677
18683
18687
18687
18689
18695
18697
18698
18698
18705
18706
18718
18720
18727
18734
18735
18744
18745
18753
18756
18758
18759
18761
18763
18766
18767
18772
18774
18778
18794
18798
18799
18800
18802
18805
18806
18810
18814
18816
18818
18823
18825
18827
18830
18830
18838
18848
18851
18853
18853
18853
18854
18859
18864
18865
18866
18867
18872
18873
18874
18876
18877
18881
18883
18903
18904
18912
18913
18918
18920
18921
18922
18925
18927
18930
18931
18950
18951
18952
18959
18966
18968
18975
18988
18989
18990
18991
18991
18993
18996
19004
19006
19014
19015
19025
19044
19050
19050
19071
19074
19081
19105
19105
19114
19135
19138
19145
19151
19154
19154
19166
19169
19174
19175
19177
19180
19190
19199
19203
19213
19216
19229
19233
19235
19242
19250
19258
19268
19269
19269
19274
19276
19281
19284
19286
19287
19293
19295
19300
19302
19323
19325
19330
19331
19337
19357
19361
19364
19371
19373
19388
19418
19432
19433
19439
19443
19446
19463
19475
19481
19493
19493
19503
19514
19518
19530
19535
19541
19550
19554
19561
19572
19580
19598
19614
19621
19643
19644
19647
19663
19674
19677
19677
19694
19704
19726
19729
19751
19751
19761
19771
19783
19786
19791
19798
19802
19810
19813
19818
19829
19835
19836
19870
19873
19876
19880
19939
19943
19947
19950
19959
19963
19971
19977
19978
19996
19997
20011
20017
20028
20035
20062
20064
20075
20078
20079
20117
20138
20139
20139
20139
20149
20156
20169
20170
20173
20202
20231
20241
20254
20263
20282
20312
20317
20326
20359
20365
20399
20412
20436
20438
20453
20472
20548
20561
20563
20730
20813
20971
20972
21067
21141
21164
21320
21578
22290
22661
26279
