11862
11892
11951
12200
12262
12369
12402
12441
12481
12493
12533
12582
12624
12628
12652
12675
12728
12760
12795
12945
12974
12980
12983
13079
13114
13158
13192
13195
13231
13291
13294
13311
13318
13336
13355
13359
13367
13368
13392
13401
13405
13454
13472
13493
13518
13594
13596
13606
13821
13840
13886
13901
13908
13935
13940
13955
13966
13973
13985
14067
14079
14091
14095
14099
14100
14103
14104
14107
14134
14205
14366
14421
14454
14455
14467
14481
14489
14507
14511
14528
14553
14557
14562
14584
14588
14650
14663
14701
14704
14706
14714
14731
14733
14764
14766
14768
14780
14799
14819
14837
14842
14881
14933
14957
14985
14996
15041
15059
15136
15182
15186
15193
15227
15244
15253
15254
15257
15260
15291
15356
15368
15376
15397
15409
15491
15546
15607
15618
15629
15655
15795
15819
15819
15879
15937
15968
15968
15984
15984
16040
16081
16088
16115
16131
16135
16173
16176
16194
16242
16367
16376
16382
16384
16388
16419
16431
16470
16482
16563
16569
16570
16631
16635
16649
16667
16758
16772
16778
16791
16809
16826
16861
16878
16881
16921
16925
16926
16934
16948
16955
16967
16981
17001
17007
17012
17031
17045
17047
17089
17129
17149
17150
17152
17175
17178
17182
17186
17202
17215
17218
17226
17236
17275
17294
17324
17330
17334
17346
17348
17359
17371
17374
17376
17388
17395
17402
17423
17430
17452
17467
17472
17510
17516
17523
17526
17526
17528
17540
17568
17572
17592
17592
17603
17609
17616
17642
17676
17677
17703
17704
17720
17738
17747
17759
17774
17782
17789
17806
17834
17835
17841
17857
17859
17880
17884
17886
17892
17940
17941
17951
17954
17955
17959
17968
17978
17984
17998
18006
18020
18025
18038
18045
18057
18063
18064
18084
18088
18099
18099
18108
18114
18119
18137
18153
18174
18196
18220
18225
18238
18239
18253
18255
18262
18263
18273
18296
18299
18299
18305
18306
18309
18320
18321
18328
18328
18331
18331
18337
18338
18338
18345
18353
18362
18362
18362
18366
18367
18370
18374
18380
18398
18406
18409
18422
18433
18455
18455
18458
18461
18465
18466
18472
18475
18484
18493
18513
18515
18518
18526
18528
18530
18535
18551
18551
18553
18571
18572
18575
18580
18582
18583
18590
18593
18600
18607
18608
18610
18620
18623
18631
18641
18641
18641
18646
18647
18648
18649
18655
18656
18657
18670
18671
18672
18673
18678
18681
18684
18685
18695
18695
18696
18709
18712
18716
18716
18717
18729
18732
18732
18737
18737
18742
18743
18744
18744
18762
18781
18781
18792
18801
18807
18809
18817
18817
18824
18827
18834
18835
18836
18843
18855
18859
18866
18867
18872
18876
18878
18884
18886
18888
18890
18894
18900
18900
18903
18907
18909
18916
18920
18921
18927
18931
18943
18943
18944
18945
18945
18955
18961
18961
18964
18976
18976
18979
18986
18991
18996
18998
18998
18999
19007
19010
19025
19031
19033
19035
19036
19038
19038
19039
19043
19044
19046
19046
19048
19050
19052
19053
19056
19059
19069
19080
19088
19102
19103
19104
19109
19110
19111
19111
19115
19117
19117
19121
19127
19134
19139
19141
19147
19159
19172
19174
19182
19183
19186
19187
19195
19198
19202
19205
19214
19214
19226
19227
19228
19229
19232
19233
19238
19238
19239
19242
19245
19254
19255
19257
19260
19261
19262
19275
19276
19282
19282
19299
19301
19303
19304
19319
19323
19324
19325
19327
19329
19334
19335
19340
19340
19345
19351
19353
19362
19372
19373
19379
19389
19408
19410
19413
19414
19425
19427
19427
19428
19429
19429
19442
19443
19463
19464
19466
19467
19467
19468
19476
19478
19481
19483
19506
19506
19523
19523
19528
19530
19534
19542
19545
19547
19553
19555
19562
19563
19566
19574
19588
19624
19626
19633
19634
19634
19635
19639
19640
19642
19645
19646
19647
19648
19649
19649
19664
19667
19670
19670
19670
19671
19673
19689
19691
19697
19714
19714
19715
19715
19723
19724
19724
19724
19725
19731
19741
19749
19749
19750
19754
19760
19764
19766
19767
19771
19784
19786
19795
19803
19804
19805
19809
19810
19812
19815
19821
19822
19825
19840
19844
19846
19849
19854
19856
19857
19858
19859
19860
19862
19863
19869
19876
19877
19878
19880
19893
19896
19903
19915
19917
19922
19924
19930
19934
19934
19944
19945
19950
19957
19961
19964
19967
19974
19975
19977
19981
19982
19989
19998
19998
20002
20004
20006
20015
20017
20017
20018
20022
20035
20036
20038
20052
20059
20073
20074
20080
20085
20086
20104
20109
20110
20110
20116
20119
20128
20137
20141
20141
20143
20146
20157
20160
20164
20169
20185
20198
20201
20205
20216
20217
20221
20222
20229
20233
20235
20241
20244
20251
20254
20261
20262
20268
20274
20275
20279
20283
20285
20285
20294
20296
20333
20336
20337
20338
20342
20344
20350
20350
20352
20354
20355
20363
20367
20378
20392
20405
20407
20410
20412
20419
20431
20434
20440
20444
20452
20460
20472
20479
20480
20502
20502
20505
20506
20509
20511
20514
20518
20528
20540
20541
20550
20551
20556
20560
20564
20573
20574
20576
20582
20605
20607
20609
20611
20628
20629
20629
20638
20642
20642
20649
20650
20656
20660
20680
20684
20694
20698
20703
20706
20714
20716
20716
20718
20726
20727
20728
20735
20736
20737
20742
20748
20748
20750
20751
20781
20785
20786
20793
20800
20813
20817
20826
20837
20845
20854
20862
20873
20874
20878
20888
20894
20906
20908
20919
20925
20927
20930
20938
20939
20947
20947
20947
20948
20953
20953
20955
20961
20974
20980
20982
20994
21006
21011
21028
21035
21062
21089
21092
21093
21099
21102
21112
21114
21122
21128
21132
21135
21143
21143
21148
21161
21165
21166
21175
21175
21176
21176
21184
21189
21190
21193
21209
21215
21217
21219
21228
21230
21240
21257
21259
21269
21295
21306
21313
21313
21334
21344
21354
21357
21358
21367
21368
21377
21384
21392
21393
21406
21437
21443
21467
21472
21476
21489
21499
21500
21500
21503
21505
21506
21524
21531
21541
21550
21561
21595
21608
21624
21637
21674
21674
21692
21694
21719
21728
21741
21752
21769
21771
21778
21782
21803
21830
21844
21846
21926
21927
21932
21949
21953
21970
21990
21997
22007
22023
22060
22083
22084
22107
22126
22138
22165
22167
22188
22207
22269
22380
22384
22401
22445
22542
22620
22642
22665
22689
22754
22768
22782
22953
23116
23214
23257
23346
23668
23669
23979
25546
