45547
45885
45889
45998
46015
46107
46144
46206
46313
46433
46434
46444
46526
46535
46546
46547
46554
46568
46581
46583
46599
46641
46686
46697
46788
46796
46805
46818
46828
46868
46877
46914
46926
46990
47025
47027
47044
47073
47074
47078
47080
47087
47108
47118
47170
47175
47206
47235
47253
47266
47298
47319
47328
47346
47384
47392
47408
47417
47428
47428
47433
47441
47443
47444
47447
47487
47502
47511
47519
47531
47531
47543
47564
47564
47580
47600
47610
47615
47634
47650
47654
47663
47681
47688
47695
47713
47715
47718
47758
47777
47790
47792
47795
47817
47825
47825
47836
47839
47841
47847
47864
47871
47873
47882
47884
47887
47891
47892
47896
47899
47914
47916
47917
47919
47928
47930
47933
47933
47936
47945
47947
47963
47966
47979
47983
47990
47990
48009
48017
48019
48021
48033
48050
48053
48061
48077
48080
48088
48092
48095
48098
48105
48116
48120
48121
48126
48132
48142
48150
48153
48159
48162
48162
48163
48174
48175
48178
48180
48188
48198
48200
48211
48217
48229
48233
48233
48238
48245
48248
48249
48253
48254
48257
48262
48263
48265
48268
48271
48273
48276
48277
48277
48278
48278
48280
48281
48281
48282
48286
48288
48289
48289
48295
48296
48300
48302
48305
48307
48310
48311
48314
48321
48336
48338
48340
48341
48343
48347
48348
48351
48352
48354
48355
48356
48356
48361
48364
48371
48373
48373
48374
48378
48381
48388
48399
48402
48405
48415
48422
48424
48424
48426
48428
48430
48435
48439
48446
48449
48452
48457
48463
48464
48471
48475
48481
48481
48481
48482
48483
48485
48485
48485
48486
48487
48489
48492
48497
48506
48511
48516
48517
48521
48522
48523
48535
48537
48537
48542
48546
48549
48553
48555
48572
48573
48573
48581
48582
48584
48585
48587
48594
48596
48596
48599
48602
48603
48605
48605
48611
48613
48619
48624
48625
48628
48635
48636
48636
48638
48639
48640
48645
48649
48652
48653
48654
48654
48656
48660
48660
48661
48665
48667
48669
48678
48678
48678
48680
48684
48687
48689
48691
48694
48695
48697
48697
48698
48699
48700
48710
48711
48713
48717
48718
48722
48724
48740
48741
48743
48745
48746
48746
48750
48752
48755
48758
48759
48761
48762
48769
48778
48792
48793
48795
48797
48799
48800
48801
48804
48813
48813
48818
48818
48822
48824
48831
48831
48831
48832
48833
48836
48842
48844
48844
48846
48847
48847
48847
48857
48864
48865
48866
48879
48880
48881
48882
48899
48901
48907
48909
48909
48911
48912
48916
48921
48928
48934
48939
48940
48941
48943
48946
48951
48958
48962
48969
48970
48970
48975
48977
48979
48988
48989
48989
48990
48991
48991
48992
48993
48993
48995
48996
48997
49008
49009
49009
49013
49015
49017
49020
49024
49027
49028
49041
49047
49049
49051
49051
49055
49058
49061
49065
49067
49074
49076
49078
49083
49086
49086
49087
49089
49098
49099
49101
49103
49115
49116
49118
49120
49122
49137
49140
49141
49143
49145
49149
49151
49152
49155
49155
49161
49161
49162
49163
49163
49164
49166
49166
49171
49172
49174
49174
49176
49178
49178
49178
49181
49184
49189
49190
49195
49196
49209
49211
49214
49215
49216
49220
49230
49239
49239
49242
49248
49251
49252
49255
49256
49257
49262
49262
49269
49269
49274
49281
49285
49290
49293
49294
49296
49302
49317
49330
49351
49353
49354
49355
49357
49358
49358
49358
49359
49360
49362
49363
49364
49365
49365
49366
49377
49383
49386
49386
49392
49399
49404
49404
49409
49414
49417
49419
49420
49425
49427
49429
49433
49435
49440
49440
49442
49446
49447
49454
49455
49459
49460
49470
49487
49502
49513
49515
49516
49517
49522
49527
49530
49534
49539
49540
49540
49544
49545
49558
49560
49568
49583
49584
49584
49588
49588
49611
49618
49619
49623
49626
49627
49631
49634
49635
49640
49647
49647
49649
49660
49662
49664
49666
49675
49678
49686
49688
49689
49691
49702
49709
49715
49722
49725
49727
49731
49738
49743
49753
49766
49769
49770
49772
49773
49774
49775
49779
49779
49780
49791
49792
49793
49803
49812
49816
49821
49824
49830
49881
49886
49892
49903
49915
49918
49924
49929
49929
49934
49944
49954
49957
49957
49963
49971
49972
49978
49982
49982
49988
50016
50017
50017
50019
50022
50040
50040
50053
50056
50060
50062
50070
50086
50086
50089
50094
50096
50106
50119
50121
50133
50134
50143
50158
50159
50160
50160
50172
50177
50180
50199
50208
50216
50218
50224
50225
50227
50230
50235
50260
50268
50270
50283
50285
50304
50311
50321
50322
50332
50334
50352
50354
50359
50366
50366
50367
50367
50376
50380
50386
50392
50408
50408
50411
50429
50443
50452
50461
50462
50464
50481
50485
50490
50510
50512
50516
50518
50520
50531
50539
50545
50550
50551
50558
50563
50583
50589
50598
50606
50606
50635
50637
50650
50673
50676
50698
50718
50722
50726
50739
50742
50767
50768
50776
50779
50783
50800
50803
50803
50807
50810
50813
50850
50867
50869
50873
50881
50883
50931
50945
50945
50950
50950
50958
50973
50979
51005
51010
51023
51027
51029
51046
51055
51056
51059
51077
51094
51096
51105
51117
51120
51140
51148
51165
51172
51172
51173
51192
51207
51231
51232
51237
51274
51287
51304
51306
51315
51318
51338
51368
51413
51414
51415
51434
51445
51449
51458
51466
51468
51494
51497
51555
51556
51588
51589
51604
51605
51693
51714
51788
51797
51797
51804
51813
51832
51884
51910
51968
51999
52029
52042
52047
52065
52131
52134
52166
52180
52190
52201
52222
52233
52240
52251
52251
52322
52377
52410
52417
52435
52468
52484
52488
52503
52507
52541
52555
52664
52680
52742
52742
52751
52765
52817
52848
52853
52931
52967
53021
53052
53067
53134
53182
53200
53204
53357
53418
53557
53716
53728
53737
53751
53964
54109
54112
54118
54239
54343
54365
54462
54589
54645
54887
54936
54972
55160
55192
55231
55372
55405
55494
55503
55633
55704
55839
55885
55951
55995
56103
56150
56167
56299
56320
56519
56628
56823
57175
57250
57427
57468
57673
57702
57893
58071
58153
58426
58429
58458
58509
58544
58559
58579
58618
59105
59137
59275
59337
59437
59637
59740
59772
59796
59799
59918
60004
60017
60156
60211
60277
60386
60447
60536
60607
60758
60915
60959
61142
61148
61351
61386
61528
61601
61677
61719
61826
62114
62379
62505
62607
63245
64108
64197
64241
64710
65082
65298
66073
67016
67422
69246
