2507
2529
2536
2542
2566
2576
2578
2584
2586
2596
2603
2611
2611
2614
2615
2618
2622
2622
2626
2629
2631
2632
2636
2637
2640
2641
2642
2643
2645
2645
2646
2649
2650
2652
2654
2661
2661
2664
2665
2666
2666
2677
2680
2681
2686
2689
2690
2692
2692
2697
2698
2698
2699
2699
2699
2699
2702
2702
2702
2706
2708
2709
2711
2712
2712
2712
2714
2723
2724
2727
2728
2731
2735
2735
2736
2736
2736
2738
2740
2740
2740
2741
2743
2743
2746
2746
2747
2750
2751
2751
2751
2752
2753
2753
2753
2759
2759
2761
2761
2761
2764
2765
2765
2765
2767
2767
2767
2768
2771
2772
2773
2773
2774
2783
2785
2785
2787
2791
2792
2795
2795
2798
2800
2801
2806
2806
2809
2811
2811
2812
2812
2813
2814
2815
2816
2818
2821
2823
2826
2827
2830
2833
2834
2834
2834
2834
2835
2836
2836
2837
2838
2842
2842
2843
2845
2849
2850
2850
2851
2853
2855
2857
2858
2861
2862
2866
2868
2869
2869
2870
2871
2872
2875
2876
2877
2877
2878
2878
2878
2882
2887
2890
2890
2891
2894
2897
2898
2906
2907
2914
2915
2916
2916
2917
2926
2927
2927
2927
2928
2931
2933
2936
2937
2937
2937
2941
2945
2947
2947
2949
2949
2951
2953
2954
2954
2955
2960
2962
2963
2963
2965
2966
2968
2968
2975
2980
2981
2982
2983
2986
2991
2997
2998
2999
2999
3004
3005
3008
3009
3010
3010
3010
3012
3013
3015
3017
3019
3020
3026
3027
3028
3030
3030
3031
3035
3039
3052
3059
3069
3069
3072
3077
3077
3077
3089
3100
3100
3104
3105
3106
3109
3114
3114
3119
3120
3121
3128
3128
3130
3130
3139
3140
3141
3149
3155
3158
3160
3161
3164
3164
3165
3166
3167
3170
3173
3176
3181
3189
3189
3191
3194
3198
3204
3205
3210
3211
3216
3219
3219
3219
3219
3221
3224
3226
3227
3227
3228
3232
3232
3233
3245
3248
3251
3252
3255
3257
3258
3259
3270
3277
3277
3279
3285
3286
3287
3290
3291
3292
3293
3295
3297
3298
3299
3299
3300
3304
3305
3308
3310
3312
3319
3320
3322
3322
3325
3327
3333
3334
3339
3344
3346
3350
3355
3358
3365
3365
3365
3370
3371
3376
3376
3377
3381
3387
3388
3389
3393
3394
3399
3399
3402
3403
3404
3410
3413
3414
3417
3417
3417
3423
3427
3429
3430
3433
3436
3438
3438
3441
3442
3443
3443
3443
3443
3445
3445
3446
3448
3449
3451
3457
3459
3459
3461
3463
3464
3464
3465
3466
3469
3473
3474
3475
3476
3477
3477
3480
3480
3481
3482
3483
3484
3486
3488
3491
3492
3492
3496
3496
3499
3500
3501
3502
3503
3506
3506
3508
3509
3517
3518
3521
3525
3526
3528
3529
3530
3532
3534
3534
3535
3535
3536
3537
3537
3547
3553
3556
3556
3558
3558
3563
3564
3567
3567
3568
3568
3572
3572
3576
3577
3582
3584
3584
3585
3586
3587
3588
3589
3590
3591
3593
3595
3596
3597
3599
3599
3601
3603
3605
3605
3618
3619
3621
3621
3624
3625
3629
3630
3631
3632
3632
3633
3635
3636
3639
3641
3643
3646
3646
3647
3649
3649
3649
3654
3655
3659
3661
3661
3663
3666
3666
3668
3668
3671
3672
3674
3679
3681
3682
3684
3685
3685
3690
3691
3692
3692
3696
3697
3702
3704
3704
3707
3709
3710
3711
3716
3717
3720
3721
3722
3724
3729
3730
3731
3732
3735
3735
3735
3738
3739
3744
3747
3749
3751
3751
3752
3752
3754
3754
3755
3756
3756
3757
3760
3761
3764
3764
3767
3768
3768
3768
3769
3770
3775
3776
3776
3777
3778
3778
3779
3782
3782
3785
3787
3789
3790
3792
3796
3796
3799
3799
3802
3802
3803
3803
3804
3805
3805
3805
3805
3807
3807
3808
3809
3810
3810
3812
3814
3814
3814
3816
3818
3818
3819
3820
3821
3821
3822
3822
3822
3824
3824
3826
3831
3831
3832
3832
3833
3835
3836
3837
3837
3838
3839
3840
3840
3843
3844
3846
3846
3852
3852
3853
3854
3858
3858
3864
3866
3866
3868
3869
3874
3874
3874
3875
3875
3876
3876
3877
3883
3884
3886
3889
3889
3890
3893
3895
3897
3898
3899
3899
3899
3901
3902
3902
3903
3904
3905
3907
3909
3913
3918
3918
3918
3918
3919
3921
3922
3923
3923
3924
3932
3933
3935
3935
3936
3937
3938
3938
3940
3946
3947
3947
3948
3948
3953
3954
3957
3958
3960
3964
3965
3965
3965
3966
3967
3972
3973
3974
3975
3976
3976
3978
3979
3980
3980
3980
3981
3981
3984
3984
3987
3992
3994
3994
3996
3997
3998
3999
4000
4000
4001
4002
4003
4004
4005
4006
4010
4010
4012
4014
4015
4017
4018
4019
4020
4023
4023
4025
4025
4030
4032
4033
4036
4037
4040
4041
4045
4046
4047
4048
4049
4050
4050
4053
4055
4058
4058
4059
4060
4062
4063
4064
4064
4065
4072
4075
4076
4076
4077
4077
4078
4080
4085
4088
4088
4090
4090
4091
4092
4097
4097
4098
4100
4100
4100
4103
4103
4104
4104
4105
4109
4111
4115
4115
4116
4118
4121
4122
4124
4125
4125
4127
4128
4128
4129
4132
4136
4136
4142
4144
4145
4150
4151
4152
4153
4153
4155
4157
4158
4160
4163
4165
4165
4168
4175
4176
4178
4178
4178
4181
4186
4187
4190
4193
4196
4197
4209
4209
4210
4218
4220
4220
4223
4226
4229
4229
4231
4232
4236
4240
4242
4244
4247
4250
4251
4253
4254
4256
4257
4259
4262
4263
4266
4266
4267
4267
4270
4273
4273
4280
4282
4282
4285
4302
4304
4316
4319
4319
4320
4321
4321
4327
4334
4334
4338
4339
4341
4342
4343
4347
4347
4348
4350
4350
4353
4357
4361
4369
4374
4377
4377
4378
4388
4393
4397
4401
4403
4408
4408
4408
4409
4411
4417
4421
4422
4430
4433
4438
4442
4448
4450
4451
4457
4472
4477
4481
4491
4500
4527
4528
4532
4546
4548
4549
4551
4567
4569
4575
4580
4586
4595
4608
4631
4635
4644
4648
4656
4659
4728
4736
4744
4793
4946
4972
5041
5077
5329
5787
5821
6564
