4778
4809
4934
4953
4953
4958
4985
5001
5002
5002
5003
5012
5013
5020
5031
5035
5050
5088
5090
5090
5104
5123
5124
5127
5131
5159
5163
5171
5180
5183
5193
5207
5226
5226
5229
5239
5240
5241
5241
5256
5270
5273
5297
5300
5305
5316
5327
5329
5353
5374
5380
5399
5409
5414
5424
5428
5432
5435
5452
5459
5477
5504
5512
5515
5518
5523
5529
5532
5536
5538
5541
5545
5547
5550
5551
5552
5560
5562
5565
5565
5574
5574
5575
5579
5579
5613
5625
5639
5648
5648
5652
5654
5654
5655
5666
5672
5675
5685
5689
5690
5691
5691
5692
5698
5699
5699
5700
5700
5709
5710
5718
5720
5728
5743
5744
5745
5756
5758
5760
5761
5761
5765
5770
5772
5774
5782
5782
5790
5795
5799
5805
5805
5807
5812
5818
5832
5833
5834
5834
5835
5839
5846
5861
5861
5863
5871
5872
5877
5882
5886
5888
5891
5897
5897
5905
5905
5906
5908
5922
5922
5934
5934
5935
5938
5938
5938
5939
5941
5944
5944
5945
5947
5951
5953
5954
5955
5965
5966
5971
5972
5973
5974
5979
5983
5986
5986
5990
5990
5995
5995
5996
5998
6000
6000
6003
6010
6012
6014
6017
6021
6022
6024
6026
6032
6035
6036
6037
6038
6044
6044
6046
6046
6051
6054
6055
6056
6060
6064
6065
6066
6067
6068
6074
6074
6076
6077
6077
6080
6081
6083
6084
6088
6090
6092
6095
6097
6101
6108
6108
6111
6111
6113
6119
6120
6121
6122
6124
6126
6126
6128
6129
6134
6135
6136
6138
6140
6147
6148
6151
6152
6157
6157
6159
6160
6163
6165
6170
6171
6171
6172
6172
6174
6179
6183
6183
6184
6186
6186
6188
6189
6191
6191
6192
6193
6195
6196
6197
6198
6199
6201
6203
6207
6209
6209
6211
6212
6213
6213
6214
6215
6217
6217
6218
6219
6221
6221
6221
6222
6225
6225
6225
6227
6228
6229
6229
6231
6233
6235
6236
6238
6242
6242
6243
6247
6248
6249
6249
6250
6253
6254
6254
6259
6259
6262
6265
6267
6272
6274
6274
6277
6280
6280
6280
6281
6283
6283
6284
6285
6286
6287
6287
6289
6289
6294
6295
6296
6301
6302
6303
6304
6310
6310
6311
6311
6313
6314
6314
6316
6317
6322
6323
6324
6325
6326
6327
6327
6327
6328
6329
6329
6330
6333
6334
6334
6336
6338
6339
6339
6340
6340
6340
6341
6341
6343
6344
6347
6347
6348
6349
6352
6355
6356
6361
6362
6362
6363
6367
6367
6368
6369
6369
6369
6370
6370
6370
6372
6372
6372
6373
6374
6374
6376
6376
6377
6382
6383
6384
6385
6385
6386
6386
6388
6388
6391
6391
6392
6394
6395
6395
6395
6398
6398
6399
6399
6400
6401
6403
6404
6405
6405
6405
6408
6408
6409
6409
6410
6411
6413
6413
6414
6414
6417
6418
6418
6419
6422
6422
6426
6430
6430
6433
6433
6437
6439
6440
6440
6443
6446
6446
6447
6448
6450
6451
6451
6452
6452
6453
6453
6454
6460
6460
6461
6461
6462
6462
6464
6464
6466
6467
6468
6468
6470
6472
6473
6475
6477
6477
6480
6480
6482
6483
6484
6484
6484
6484
6485
6486
6487
6487
6492
6494
6495
6496
6497
6498
6499
6502
6506
6509
6512
6513
6513
6514
6516
6519
6519
6519
6520
6524
6524
6526
6527
6528
6530
6530
6531
6532
6532
6537
6538
6539
6540
6541
6541
6545
6546
6546
6548
6548
6549
6551
6552
6552
6554
6554
6556
6558
6558
6559
6561
6561
6562
6564
6565
6566
6568
6570
6570
6571
6572
6572
6573
6573
6573
6575
6576
6578
6578
6581
6582
6584
6585
6586
6592
6592
6592
6594
6594
6595
6599
6600
6601
6601
6602
6602
6602
6603
6604
6605
6606
6607
6608
6609
6611
6612
6613
6616
6616
6617
6618
6618
6621
6621
6621
6631
6631
6632
6633
6634
6639
6641
6642
6642
6644
6646
6647
6647
6649
6650
6651
6653
6653
6656
6659
6661
6665
6665
6669
6670
6673
6678
6681
6683
6686
6686
6687
6687
6689
6691
6693
6693
6696
6697
6698
6703
6703
6704
6705
6706
6709
6712
6713
6713
6713
6714
6717
6717
6717
6719
6719
6719
6720
6722
6722
6722
6723
6723
6724
6725
6728
6728
6729
6730
6731
6732
6734
6735
6735
6735
6736
6738
6738
6739
6742
6743
6744
6746
6746
6746
6747
6751
6753
6755
6756
6756
6761
6761
6763
6764
6764
6764
6768
6770
6771
6776
6779
6779
6780
6781
6783
6785
6787
6788
6789
6793
6793
6794
6795
6795
6797
6798
6799
6800
6802
6804
6805
6807
6808
6809
6809
6812
6814
6817
6820
6820
6821
6821
6822
6822
6822
6824
6828
6831
6833
6837
6837
6837
6838
6842
6842
6843
6847
6850
6851
6851
6855
6855
6858
6861
6862
6863
6864
6870
6871
6872
6875
6877
6879
6880
6880
6881
6882
6884
6886
6887
6888
6888
6893
6894
6895
6897
6897
6904
6905
6907
6908
6910
6912
6915
6916
6917
6918
6919
6920
6920
6923
6923
6928
6931
6937
6937
6941
6944
6944
6945
6945
6947
6953
6955
6956
6957
6957
6957
6958
6963
6964
6964
6966
6966
6966
6967
6975
6981
6984
6986
6986
6988
6991
6996
6998
6998
6999
6999
7001
7001
7003
7004
7004
7007
7009
7013
7013
7016
7020
7021
7022
7023
7026
7033
7034
7034
7039
7040
7041
7045
7048
7049
7055
7056
7058
7060
7060
7060
7062
7066
7068
7068
7069
7071
7071
7077
7079
7087
7088
7090
7091
7091
7096
7097
7097
7099
7099
7099
7100
7103
7106
7107
7108
7112
7121
7124
7124
7127
7128
7129
7129
7135
7138
7151
7154
7164
7178
7180
7180
7181
7184
7187
7188
7191
7191
7192
7203
7205
7210
7211
7214
7223
7231
7234
7238
7240
7253
7257
7258
7258
7264
7264
7283
7296
7297
7308
7311
7320
7324
7339
7340
7343
7349
7353
7356
7376
7388
7394
7394
7403
7409
7410
7414
7432
7446
7448
7452
7458
7467
7499
7603
7651
7670
7696
7710
7821
7885
7962
7986
8088
8095
8122
8215
8290
8410
8532
8573
8579
8767
8981
9443
9788
10287
11752
13126
