50907
51047
51109
51481
51543
51566
51700
51830
51888
51940
51950
51951
51968
52011
52078
52086
52105
52116
52142
52145
52229
52242
52334
52336
52344
52391
52524
52620
52623
52642
52649
52670
52677
52678
52746
52789
52822
52824
52879
52926
52942
52950
52965
53007
53013
53017
53024
53031
53065
53071
53077
53079
53087
53089
53091
53102
53118
53216
53230
53248
53252
53254
53302
53308
53329
53338
53367
53377
53388
53389
53390
53391
53394
53397
53409
53412
53427
53428
53434
53444
53446
53449
53491
53508
53509
53516
53532
53534
53547
53558
53582
53601
53614
53627
53637
53638
53662
53672
53740
53757
53761
53773
53777
53782
53803
53803
53810
53822
53842
53850
53875
53900
53953
53967
53973
53975
53991
54018
54039
54049
54080
54087
54093
54121
54145
54150
54156
54167
54169
54191
54194
54195
54203
54206
54239
54262
54267
54291
54291
54299
54319
54377
54379
54390
54411
54433
54436
54438
54468
54473
54483
54498
54507
54520
54521
54543
54548
54561
54578
54579
54594
54600
54601
54604
54608
54612
54612
54617
54621
54622
54627
54628
54639
54650
54652
54656
54668
54680
54683
54706
54710
54723
54726
54726
54732
54732
54736
54737
54762
54787
54793
54798
54800
54801
54822
54831
54838
54840
54847
54858
54866
54867
54875
54876
54880
54888
54888
54900
54908
54909
54911
54924
54925
54932
54957
54978
54978
54985
54987
54987
54999
55006
55009
55015
55019
55029
55030
55031
55036
55040
55045
55059
55068
55107
55109
55117
55119
55120
55122
55138
55143
55147
55152
55152
55153
55170
55171
55173
55185
55194
55203
55222
55226
55233
55241
55245
55261
55263
55277
55284
55286
55291
55292
55311
55323
55335
55336
55343
55348
55354
55355
55361
55367
55376
55381
55383
55386
55392
55399
55406
55422
55428
55430
55440
55442
55446
55457
55463
55473
55474
55494
55503
55505
55508
55509
55515
55529
55534
55534
55539
55554
55557
55559
55563
55568
55586
55586
55593
55603
55609
55611
55614
55619
55619
55621
55622
55629
55637
55641
55641
55658
55662
55665
55665
55666
55674
55675
55681
55682
55684
55696
55699
55701
55706
55715
55715
55735
55741
55749
55754
55754
55762
55766
55771
55775
55780
55784
55788
55790
55812
55815
55821
55821
55826
55833
55846
55863
55874
55877
55877
55897
55904
55913
55918
55921
55926
55934
55939
55941
55941
55943
55950
55951
55955
55958
55963
55966
55980
55980
55984
55985
55986
55994
56002
56026
56028
56043
56044
56045
56047
56051
56061
56063
56065
56068
56069
56073
56075
56077
56084
56087
56088
56095
56114
56116
56121
56123
56126
56135
56143
56143
56144
56144
56149
56152
56158
56182
56182
56185
56185
56198
56200
56203
56204
56213
56217
56218
56222
56230
56231
56232
56241
56241
56245
56256
56257
56257
56262
56272
56273
56280
56287
56289
56294
56297
56310
56313
56315
56321
56333
56337
56337
56347
56353
56360
56367
56373
56374
56394
56407
56409
56416
56416
56417
56425
56425
56425
56426
56426
56426
56434
56435
56437
56440
56440
56445
56445
56458
56459
56463
56464
56466
56467
56473
56476
56478
56481
56496
56500
56500
56508
56513
56520
56536
56537
56542
56553
56559
56561
56573
56577
56580
56593
56593
56594
56606
56611
56612
56624
56631
56635
56639
56640
56647
56651
56694
56708
56718
56722
56724
56725
56729
56740
56744
56765
56781
56786
56795
56800
56808
56836
56836
56840
56842
56846
56861
56864
56864
56867
56869
56881
56884
56897
56900
56901
56902
56910
56911
56918
56929
56931
56932
56935
56946
56958
56977
56980
56980
56981
56982
56983
56988
56991
56995
56999
57000
57023
57027
57028
57031
57034
57036
57038
57038
57042
57056
57057
57058
57071
57074
57080
57082
57096
57101
57104
57110
57111
57113
57120
57148
57168
57176
57183
57189
57196
57201
57209
57222
57224
57226
57231
57233
57247
57265
57271
57274
57307
57310
57311
57313
57321
57322
57326
57328
57332
57335
57337
57344
57347
57350
57352
57355
57357
57357
57363
57365
57367
57371
57379
57383
57399
57402
57403
57409
57411
57412
57415
57432
57438
57444
57456
57456
57458
57474
57476
57504
57509
57512
57512
57517
57552
57556
57569
57571
57586
57587
57590
57590
57593
57600
57614
57620
57622
57622
57640
57661
57683
57685
57697
57697
57715
57715
57719
57727
57734
57740
57740
57746
57758
57760
57770
57772
57772
57778
57794
57797
57808
57836
57838
57851
57853
57855
57858
57859
57859
57863
57865
57867
57873
57884
57888
57896
57903
57916
57917
57919
57920
57928
57929
57936
57949
57984
57992
57993
57997
58002
58002
58008
58008
58018
58020
58024
58030
58037
58053
58057
58060
58061
58067
58079
58096
58105
58108
58109
58115
58116
58118
58123
58125
58134
58135
58143
58148
58170
58173
58187
58194
58208
58209
58214
58218
58223
58258
58272
58282
58285
58286
58310
58317
58318
58361
58369
58382
58384
58392
58394
58398
58406
58416
58441
58460
58477
58481
58481
58484
58489
58514
58525
58540
58546
58555
58560
58563
58564
58582
58587
58590
58605
58628
58629
58639
58646
58660
58671
58720
58731
58734
58736
58744
58755
58769
58770
58771
58781
58783
58795
58796
58801
58819
58829
58834
58835
58839
58851
58861
58867
58872
58875
58878
58908
58916
58931
59004
59022
59023
59028
59051
59066
59093
59114
59119
59123
59154
59179
59182
59187
59203
59214
59236
59241
59264
59269
59275
59303
59314
59317
59328
59346
59349
59367
59378
59385
59388
59425
59427
59459
59479
59482
59485
59488
59501
59536
59558
59627
59647
59651
59657
59666
59688
59705
59755
59766
59800
59804
59811
59830
59866
59877
59882
59891
59900
59907
59920
59943
59955
59975
59991
59994
60036
60067
60071
60086
60101
60147
60164
60173
60188
60191
60194
60224
60227
60238
60259
60266
60284
60289
60294
60309
60345
60349
60361
60390
60419
60428
60433
60478
60511
60561
60566
60568
60594
60635
60653
60725
60727
60733
60745
60760
60771
60773
60785
60791
60797
60833
60856
60878
60887
60888
60907
60920
60928
60938
60943
60950
60953
60965
60991
60997
61082
61100
61107
61122
61135
61187
61247
61269
61322
61340
61390
61435
61465
61502
61521
61564
61568
61572
61577
61605
61611
61674
61896
61937
62005
62408
62511
62537
62639
62817
63275
63278
63330
63380
63659
63746
63809
63823
63988
64130
64500
64809
65599
65702
65782
66322
66715
66778
69600
70719
71340
72658
