138148
138263
138283
138333
138337
138349
138353
138409
138422
138426
138448
138497
138505
138557
138560
138562
138598
138629
138643
138664
138706
138719
138720
138753
138766
138769
138830
138834
138840
138841
138850
138850
138905
138914
138930
138933
138945
138947
138955
138963
138967
138976
138989
139000
139011
139020
139030
139035
139037
139038
139041
139044
139047
139047
139078
139091
139091
139102
139105
139119
139140
139155
139174
139187
139190
139223
139225
139226
139233
139238
139243
139264
139276
139279
139282
139283
139311
139318
139327
139329
139353
139358
139364
139376
139389
139406
139420
139430
139437
139456
139457
139459
139461
139470
139472
139475
139478
139487
139500
139505
139515
139534
139536
139538
139549
139554
139557
139563
139564
139578
139579
139586
139593
139595
139595
139597
139598
139607
139610
139612
139630
139633
139633
139640
139657
139667
139668
139668
139677
139685
139690
139694
139707
139711
139717
139723
139727
139728
139733
139734
139739
139743
139745
139745
139771
139777
139778
139788
139788
139801
139801
139807
139809
139809
139812
139812
139813
139815
139817
139817
139821
139826
139830
139834
139835
139841
139852
139854
139888
139890
139895
139896
139903
139913
139932
139941
139942
139943
139959
139960
139967
139984
139986
139994
140001
140016
140022
140023
140028
140032
140033
140048
140049
140051
140055
140061
140075
140076
140078
140081
140088
140102
140103
140123
140128
140128
140147
140157
140170
140174
140176
140210
140223
140232
140241
140252
140257
140261
140273
140284
140291
140294
140303
140308
140309
140310
140319
140321
140324
140330
140332
140346
140362
140367
140378
140385
140392
140395
140397
140400
140407
140423
140424
140429
140432
140444
140448
140465
140471
140477
140477
140489
140503
140513
140520
140530
140531
140554
140627
140631
140665
140677
140682
140706
140731
140743
140770
140772
140778
140780
140788
140791
140794
140794
140797
140800
140829
140835
140859
140862
140865
140887
140948
140954
141028
141033
141035
141037
141044
141057
141076
141106
141128
141130
141155
141160
141174
141294
141299
141307
141376
141380
141433
141435
141440
141443
141465
141478
141503
141510
141513
141515
141538
141551
141574
141600
141612
141625
141635
141641
141642
141647
141654
141655
141657
141667
141681
141695
141776
141808
141813
141818
141818
141838
141881
141900
141931
141939
141944
141945
142060
142068
142095
142098
142120
142167
142169
142207
142251
142272
142274
142359
142362
142380
142389
142403
142416
142429
142468
142482
142501
142507
142528
142554
142566
142609
142661
142663
142677
142683
142766
142773
142822
142831
142838
142860
143046
143084
143085
143196
143274
143410
143564
143628
143688
143698
143778
143803
143833
143918
143984
143984
143994
144259
144299
144555
144574
144633
144715
144951
145002
145442
145474
145631
145891
145954
146197
146218
146536
146616
146776
146787
147047
147076
147127
147137
147169
147170
147272
147283
147312
147337
147422
147428
147447
147464
147492
147510
147522
147593
147600
147604
147633
147640
147654
147655
147660
147667
147726
147731
147743
147785
147795
147817
147838
147851
147863
147874
147875
147879
147892
147914
147925
147944
147954
147965
147966
147968
147973
147973
147974
148013
148020
148023
148027
148036
148040
148066
148088
148098
148102
148108
148121
148128
148133
148136
148139
148141
148143
148158
148168
148187
148193
148201
148204
148206
148209
148212
148223
148223
148232
148234
148241
148248
148250
148269
148274
148279
148280
148283
148286
148286
148290
148293
148301
148301
148303
148325
148331
148333
148336
148343
148349
148356
148362
148364
148364
148375
148381
148389
148404
148405
148410
148422
148425
148433
148435
148438
148445
148447
148450
148462
148463
148468
148479
148490
148493
148497
148498
148513
148519
148520
148522
148528
148532
148537
148545
148546
148549
148551
148553
148557
148558
148559
148560
148561
148583
148583
148597
148603
148604
148609
148613
148623
148625
148633
148647
148652
148653
148664
148664
148666
148666
148669
148670
148673
148684
148685
148686
148686
148695
148695
148696
148700
148704
148706
148713
148724
148725
148728
148735
148735
148742
148742
148747
148750
148751
148752
148753
148758
148763
148765
148769
148776
148803
148805
148814
148820
148823
148828
148835
148835
148842
148843
148843
148843
148856
148856
148859
148869
148877
148883
148888
148889
148889
148891
148892
148894
148897
148900
148902
148902
148915
148916
148920
148931
148933
148935
148942
148945
148960
148960
148963
148967
148978
148978
148985
148991
149002
149003
149017
149020
149024
149025
149035
149046
149047
149051
149059
149062
149080
149085
149085
149088
149088
149093
149093
149093
149093
149098
149100
149104
149109
149114
149118
149124
149124
149126
149127
149128
149133
149138
149141
149149
149152
149153
149156
149158
149162
149164
149168
149168
149174
149182
149187
149195
149195
149196
149198
149199
149211
149214
149216
149221
149226
149229
149232
149246
149251
149251
149259
149260
149264
149268
149271
149276
149276
149283
149285
149293
149295
149300
149303
149315
149315
149317
149317
149322
149333
149348
149358
149360
149360
149365
149367
149378
149381
149385
149394
149395
149398
149403
149404
149409
149428
149434
149437
149447
149450
149459
149460
149461
149464
149468
149476
149483
149484
149492
149495
149504
149507
149530
149532
149543
149546
149557
149557
149568
149570
149572
149576
149578
149578
149609
149612
149613
149625
149639
149648
149649
149650
149654
149660
149661
149662
149666
149670
149675
149677
149683
149685
149705
149721
149725
149728
149729
149737
149751
149755
149767
149804
149814
149825
149829
149829
149841
149852
149897
149902
149903
149918
149937
149941
149952
149960
149961
149981
149991
149993
149995
150008
150025
150054
150055
150056
150065
150071
150085
150086
150090
150108
150123
150137
150162
150166
150223
150225
150229
150230
150230
150232
150250
150264
150266
150297
150303
150312
150326
150330
150345
150350
150351
150365
150388
150395
150408
150433
150451
150451
150458
150466
150489
150491
150498
150531
150577
150612
150612
150622
150636
150702
150703
150704
150712
150767
150809
150828
150873
150883
150906
150916
150924
150926
150940
150958
150993
151057
151066
151072
151108
151136
151249
151259
151299
151346
151365
151381
151414
151423
151425
151462
151467
151479
151583
151599
151634
151643
151657
151673
151720
151720
151752
151774
151783
151839
151846
151861
151881
151913
151915
151925
151930
151933
151944
152015
152077
152151
152178
152183
152196
152199
152221
152233
152320
152348
152358
152365
152414
152515
152575
152691
152752
152765
152836
152869
152900
152923
152929
152963
152966
152971
152996
153036
153095
153108
153433
153548
153597
153609
153616
153629
153688
153715
154017
154273
154477
154724
154746
154776
154822
154836
155148
155149
155226
155302
155353
155560
155983
156267
156276
156309
156451
156533
156728
156930
157007
157647
157690
157872
158796
158824
161816
162743
164187
165512
173413
183388
183612
183926
189939
