2453
2509
2537
2540
2563
2578
2596
2597
2603
2612
2617
2623
2624
2652
2666
2678
2690
2690
2691
2691
2696
2704
2705
2705
2707
2739
2744
2745
2749
2749
2756
2758
2760
2761
2765
2767
2768
2773
2779
2787
2791
2792
2792
2794
2795
2796
2799
2799
2807
2809
2815
2816
2817
2824
2827
2830
2833
2835
2836
2837
2838
2839
2839
2840
2840
2842
2843
2845
2846
2846
2847
2847
2847
2847
2852
2852
2854
2855
2856
2860
2860
2861
2867
2869
2870
2870
2871
2871
2873
2875
2876
2877
2878
2878
2880
2882
2886
2886
2887
2894
2894
2895
2895
2896
2897
2897
2898
2901
2902
2904
2905
2906
2906
2907
2907
2913
2917
2917
2921
2922
2922
2923
2923
2923
2924
2925
2925
2925
2925
2925
2926
2926
2927
2927
2928
2928
2929
2929
2930
2931
2931
2932
2932
2933
2933
2933
2933
2937
2938
2939
2939
2939
2940
2941
2941
2941
2941
2942
2942
2943
2944
2944
2945
2946
2947
2949
2950
2951
2952
2952
2953
2956
2960
2960
2961
2961
2962
2963
2965
2965
2966
2966
2967
2968
2969
2969
2970
2970
2972
2973
2975
2977
2977
2979
2980
2980
2980
2980
2981
2982
2983
2983
2984
2984
2985
2986
2987
2987
2987
2989
2989
2989
2990
2990
2993
2995
2995
2996
2996
2997
2997
2998
2998
2999
3000
3000
3000
3000
3001
3002
3002
3003
3005
3005
3005
3006
3006
3007
3007
3008
3009
3011
3011
3012
3012
3013
3013
3017
3017
3017
3017
3019
3020
3020
3020
3020
3021
3021
3022
3024
3024
3025
3026
3027
3028
3028
3028
3030
3031
3032
3032
3033
3033
3033
3034
3034
3034
3035
3036
3038
3038
3038
3038
3039
3040
3041
3042
3043
3043
3044
3044
3045
3045
3045
3046
3046
3046
3047
3048
3049
3049
3049
3049
3050
3050
3050
3050
3051
3052
3052
3052
3054
3054
3054
3055
3055
3055
3056
3056
3056
3057
3058
3058
3058
3059
3060
3061
3061
3062
3062
3063
3063
3063
3063
3063
3063
3064
3065
3065
3065
3066
3066
3067
3067
3069
3069
3069
3070
3071
3071
3071
3071
3072
3072
3072
3072
3073
3074
3074
3074
3074
3074
3075
3075
3076
3076
3077
3077
3077
3078
3078
3079
3079
3079
3080
3080
3081
3081
3081
3082
3083
3083
3086
3086
3087
3087
3088
3088
3088
3089
3089
3090
3090
3090
3090
3090
3091
3091
3091
3091
3091
3091
3092
3092
3092
3092
3093
3093
3094
3094
3095
3095
3096
3096
3096
3097
3097
3097
3098
3100
3101
3103
3103
3105
3105
3107
3107
3108
3108
3108
3113
3113
3114
3115
3115
3115
3115
3115
3116
3116
3117
3117
3117
3119
3119
3120
3121
3122
3122
3122
3122
3122
3122
3123
3123
3124
3124
3124
3125
3125
3125
3126
3126
3126
3127
3127
3128
3128
3128
3129
3129
3129
3129
3131
3131
3132
3133
3133
3133
3133
3133
3134
3135
3137
3137
3137
3138
3138
3138
3138
3138
3139
3139
3139
3140
3141
3141
3141
3143
3143
3144
3144
3144
3145
3145
3145
3146
3148
3149
3149
3149
3150
3150
3151
3151
3151
3151
3152
3152
3153
3153
3153
3154
3154
3154
3154
3154
3155
3155
3155
3156
3156
3157
3158
3158
3159
3159
3159
3160
3160
3161
3161
3161
3162
3162
3162
3162
3162
3162
3163
3163
3163
3164
3164
3164
3165
3165
3165
3166
3166
3166
3167
3167
3167
3167
3167
3167
3168
3168
3169
3170
3170
3170
3170
3170
3170
3171
3171
3172
3172
3173
3174
3174
3175
3175
3175
3175
3176
3176
3176
3176
3177
3177
3177
3177
3177
3178
3178
3178
3179
3179
3179
3179
3180
3181
3182
3182
3183
3183
3183
3183
3184
3184
3184
3184
3185
3185
3186
3187
3187
3188
3188
3189
3190
3190
3190
3191
3191
3192
3193
3193
3193
3193
3196
3197
3197
3197
3198
3198
3198
3198
3199
3199
3199
3199
3200
3200
3201
3201
3201
3201
3202
3203
3203
3203
3203
3204
3204
3204
3205
3205
3205
3206
3206
3206
3206
3207
3207
3208
3208
3208
3209
3209
3210
3211
3211
3212
3212
3212
3212
3212
3213
3213
3214
3214
3215
3216
3216
3216
3217
3218
3218
3219
3219
3219
3220
3220
3220
3221
3221
3221
3221
3222
3222
3222
3222
3222
3225
3225
3226
3226
3227
3227
3227
3228
3228
3228
3228
3229
3229
3229
3230
3230
3230
3231
3232
3233
3233
3234
3235
3235
3236
3236
3236
3237
3237
3237
3238
3239
3239
3239
3239
3240
3241
3242
3242
3242
3243
3243
3244
3244
3245
3245
3245
3245
3246
3246
3248
3250
3250
3251
3253
3254
3254
3254
3255
3256
3256
3256
3257
3258
3259
3259
3259
3260
3261
3261
3261
3261
3261
3262
3262
3262
3262
3264
3265
3265
3266
3267
3268
3268
3270
3270
3271
3271
3272
3273
3273
3274
3274
3274
3276
3276
3277
3277
3278
3278
3279
3280
3280
3280
3280
3281
3281
3282
3282
3282
3282
3283
3283
3283
3283
3286
3287
3287
3290
3290
3293
3297
3298
3298
3298
3299
3299
3300
3302
3303
3303
3304
3304
3306
3308
3309
3309
3311
3311
3311
3311
3312
3313
3313
3313
3314
3314
3314
3316
3316
3317
3318
3318
3318
3319
3321
3322
3327
3327
3327
3333
3333
3335
3335
3340
3340
3342
3342
3345
3348
3349
3350
3351
3352
3352
3354
3354
3356
3359
3360
3362
3364
3365
3366
3366
3367
3368
3370
3371
3371
3372
3372
3373
3373
3376
3376
3381
3381
3381
3385
3387
3390
3392
3394
3396
3396
3396
3399
3401
3404
3405
3406
3408
3409
3411
3412
3414
3415
3416
3418
3422
3424
3426
3427
3428
3430
3430
3431
3431
3434
3436
3437
3438
3439
3442
3452
3454
3458
3458
3459
3460
3461
3462
3462
3492
3502
3504
3510
3515
3521
3522
3522
3524
3534
3534
3535
3536
3546
3551
3559
3562
3563
3579
3581
3581
3586
3590
3596
3607
3642
3651
3666
3684
3685
3688
3702
3715
3756
3762
3792
3793
3808
3809
3827
3831
3837
3840
3960
3985
4040
4886
5869
15454
