189520
189975
189976
190036
190040
190107
190131
190180
190216
190293
190297
190331
190335
190343
190384
190410
190444
190537
190563
190576
190601
190609
190617
190627
190653
190658
190701
190766
190791
190806
190807
190817
190820
190848
190848
190858
190915
190916
190918
190933
190951
190973
190991
190997
190997
191003
191008
191011
191050
191053
191062
191064
191070
191083
191085
191089
191089
191093
191102
191111
191119
191122
191131
191140
191147
191150
191161
191175
191181
191181
191183
191196
191197
191209
191211
191220
191220
191234
191242
191244
191246
191247
191249
191268
191288
191303
191305
191316
191324
191353
191370
191386
191389
191391
191404
191408
191410
191421
191457
191461
191464
191470
191480
191486
191493
191500
191506
191512
191523
191530
191543
191548
191549
191554
191572
191572
191573
191576
191578
191587
191604
191609
191609
191620
191624
191626
191645
191655
191657
191668
191686
191704
191708
191709
191717
191722
191727
191730
191731
191736
191741
191748
191752
191778
191789
191791
191795
191797
191806
191809
191814
191815
191818
191832
191839
191847
191859
191868
191871
191913
191916
191919
191922
191924
191934
191938
192002
192017
192023
192027
192054
192066
192077
192079
192092
192098
192105
192105
192106
192113
192120
192125
192137
192146
192152
192155
192163
192163
192176
192181
192193
192205
192205
192213
192230
192233
192239
192245
192252
192253
192254
192255
192273
192274
192285
192291
192295
192302
192304
192311
192316
192317
192328
192332
192340
192346
192355
192357
192359
192363
192374
192389
192397
192405
192412
192415
192425
192429
192435
192444
192455
192508
192513
192514
192520
192548
192553
192562
192563
192563
192571
192595
192595
192599
192606
192615
192615
192619
192621
192631
192636
192652
192652
192656
192658
192669
192679
192680
192681
192684
192684
192684
192685
192695
192713
192718
192727
192752
192778
192788
192801
192809
192812
192822
192859
192862
192865
192870
192870
192884
192892
192895
192915
192922
192940
192941
192943
192952
192989
192995
192996
192997
193010
193014
193024
193026
193044
193046
193061
193061
193075
193097
193103
193113
193118
193133
193133
193137
193162
193186
193187
193196
193197
193204
193210
193220
193228
193231
193248
193253
193321
193322
193327
193331
193333
193341
193364
193388
193414
193434
193446
193455
193474
193507
193528
193532
193591
193611
193633
193640
193689
193757
193763
193771
193788
193788
193823
193899
193918
193941
193943
193955
193989
194011
194035
194057
194094
194101
194177
194187
194286
194373
194450
194461
194483
194486
194565
194682
194725
194827
194910
194917
194936
194966
194968
194982
194988
194995
195122
195159
195292
195396
195416
195462
195776
195777
196066
196317
196854
196859
197226
197520
197555
198289
198320
198321
198423
199056
199135
199341
199422
199497
199617
199835
200144
200194
200233
200284
200487
200626
200776
200812
200826
200879
201322
201371
201645
201829
201850
201866
201926
201938
202044
202459
202556
202573
202708
202750
202791
202937
202953
202958
202968
202996
202998
203063
203102
203188
203242
203260
203263
203291
203323
203375
203382
203406
203407
203429
203434
203438
203459
203473
203483
203487
203491
203494
203495
203504
203519
203536
203537
203537
203540
203550
203558
203561
203581
203581
203587
203623
203624
203625
203636
203646
203664
203667
203677
203682
203683
203683
203685
203694
203704
203710
203719
203721
203727
203741
203751
203760
203768
203775
203777
203795
203797
203807
203814
203846
203850
203864
203865
203867
203868
203889
203890
203892
203902
203906
203907
203909
203916
203916
203938
203944
203951
203969
203976
203978
203989
203993
203994
203995
204000
204002
204026
204031
204034
204038
204038
204039
204048
204050
204064
204069
204089
204091
204102
204104
204110
204113
204114
204132
204156
204164
204165
204168
204170
204175
204176
204185
204185
204189
204189
204193
204196
204200
204200
204207
204209
204213
204220
204226
204230
204236
204239
204242
204243
204251
204265
204267
204271
204274
204280
204282
204285
204290
204290
204297
204297
204303
204306
204312
204326
204337
204338
204341
204351
204358
204358
204363
204371
204374
204374
204381
204382
204385
204387
204397
204397
204401
204406
204408
204411
204412
204412
204414
204419
204425
204429
204451
204451
204452
204453
204456
204459
204460
204465
204474
204475
204479
204482
204483
204483
204484
204498
204501
204504
204505
204511
204512
204526
204526
204533
204533
204533
204534
204536
204540
204548
204549
204560
204563
204571
204582
204583
204596
204603
204606
204608
204611
204611
204617
204618
204624
204626
204630
204635
204644
204653
204676
204678
204681
204683
204687
204693
204703
204704
204704
204705
204711
204714
204715
204722
204728
204729
204732
204734
204742
204759
204780
204781
204784
204790
204796
204796
204801
204808
204817
204830
204831
204838
204842
204844
204855
204856
204867
204875
204877
204890
204906
204909
204915
204920
204926
204930
204931
204948
204949
204950
204956
204962
204963
204966
204968
204970
204977
204984
204990
204997
205000
205007
205011
205020
205020
205026
205031
205040
205041
205043
205055
205058
205059
205063
205069
205082
205083
205090
205090
205107
205113
205117
205118
205125
205137
205138
205139
205141
205148
205155
205159
205160
205171
205176
205177
205189
205192
205192
205193
205198
205202
205206
205215
205218
205220
205222
205238
205243
205265
205279
205281
205289
205295
205303
205312
205321
205327
205334
205339
205339
205346
205346
205352
205376
205381
205382
205387
205389
205391
205394
205396
205398
205407
205415
205420
205425
205431
205431
205432
205440
205445
205455
205456
205465
205474
205481
205488
205499
205505
205519
205536
205541
205546
205547
205555
205570
205587
205604
205608
205621
205622
205637
205639
205644
205647
205651
205653
205654
205659
205664
205670
205700
205702
205713
205718
205728
205746
205750
205756
205773
205774
205779
205794
205796
205808
205825
205834
205843
205854
205879
205897
205929
205956
205961
205966
205969
205978
205981
205983
206000
206001
206038
206042
206055
206071
206077
206104
206119
206132
206146
206160
206167
206172
206179
206194
206217
206235
206254
206308
206360
206369
206415
206416
206425
206450
206467
206472
206485
206490
206490
206538
206550
206556
206562
206582
206606
206679
206684
206700
206710
206750
206821
206856
207049
207059
207059
207111
207113
207118
207132
207133
207221
207278
207293
207423
207433
207444
207546
207608
207629
207629
207686
207716
207783
207797
207950
208030
208479
208515
208522
208523
208738
208771
208943
208981
209035
209250
209285
209296
209321
209356
209429
209438
209518
209595
209688
209855
209926
209940
210015
210020
210185
210228
210264
210388
210489
210533
210674
210679
210693
210949
211243
211856
212030
212067
212080
212536
212632
212718
212820
212993
213037
213347
213415
213541
213983
214439
215107
215266
215461
215486
215640
216146
216394
218159
219511
219620
222181
223804
224167
224323
226463
230122
231157
242270
247369
256657
256781
256874
258875
279169
