7525
7631
7669
7702
7745
7851
7868
7872
7874
7884
7898
7917
7921
7950
7955
7957
7960
7973
7994
7996
7996
8013
8013
8056
8090
8100
8109
8144
8171
8173
8176
8229
8246
8276
8291
8348
8362
8364
8376
8380
8457
8464
8500
8560
8587
8603
8650
8669
8670
8700
8727
8763
8833
8873
8890
8897
8902
8908
8909
8984
8994
9000
9001
9043
9062
9093
9106
9119
9122
9129
9155
9199
9224
9241
9260
9277
9316
9380
9409
9419
9428
9439
9457
9462
9471
9503
9504
9550
9550
9554
9569
9579
9580
9586
9586
9589
9590
9607
9626
9631
9644
9647
9660
9661
9663
9670
9686
9707
9717
9726
9732
9732
9757
9758
9766
9768
9780
9805
9813
9822
9829
9831
9835
9849
9863
9878
9879
9900
9905
9905
9922
9922
9923
9926
9930
9939
9949
9953
9963
9969
9973
9977
9980
9991
10001
10009
10021
10033
10038
10038
10045
10051
10057
10066
10075
10075
10085
10090
10092
10100
10101
10102
10107
10117
10127
10132
10139
10143
10143
10145
10145
10155
10160
10164
10176
10185
10187
10187
10187
10188
10193
10196
10200
10200
10207
10209
10210
10212
10220
10222
10232
10238
10239
10240
10248
10252
10253
10255
10258
10271
10282
10285
10289
10293
10304
10308
10310
10310
10312
10313
10313
10313
10314
10316
10319
10325
10326
10326
10328
10328
10331
10333
10333
10337
10347
10351
10352
10361
10371
10374
10376
10381
10382
10392
10393
10394
10408
10411
10412
10420
10422
10423
10426
10429
10435
10438
10441
10442
10448
10448
10449
10451
10454
10459
10460
10466
10466
10470
10471
10474
10474
10477
10482
10485
10491
10494
10499
10503
10504
10515
10515
10515
10515
10522
10532
10533
10533
10538
10540
10540
10545
10548
10552
10556
10556
10560
10560
10562
10573
10575
10576
10577
10591
10594
10596
10598
10600
10607
10611
10611
10631
10631
10635
10638
10640
10643
10644
10645
10645
10648
10651
10653
10655
10657
10658
10658
10661
10663
10666
10667
10668
10673
10675
10676
10676
10676
10702
10704
10705
10705
10710
10711
10711
10713
10716
10725
10730
10730
10731
10732
10734
10734
10734
10734
10735
10745
10745
10748
10749
10749
10752
10753
10756
10758
10762
10763
10768
10769
10772
10776
10778
10779
10780
10788
10793
10797
10798
10799
10803
10805
10805
10806
10809
10810
10813
10818
10825
10826
10827
10832
10833
10835
10835
10837
10838
10839
10846
10847
10848
10852
10855
10861
10863
10865
10866
10868
10871
10872
10874
10877
10877
10880
10880
10883
10888
10888
10896
10896
10897
10897
10898
10904
10904
10904
10907
10908
10909
10911
10911
10913
10918
10923
10924
10925
10929
10934
10934
10935
10935
10936
10937
10938
10938
10945
10947
10948
10948
10951
10953
10954
10960
10960
10960
10963
10964
10965
10971
10973
10975
10978
10979
10979
10980
10982
10989
10993
10998
11001
11005
11006
11007
11012
11020
11020
11021
11028
11029
11029
11037
11039
11040
11042
11042
11043
11043
11045
11066
11067
11067
11068
11068
11070
11071
11072
11075
11078
11079
11079
11083
11088
11088
11095
11097
11101
11101
11105
11105
11107
11107
11109
11114
11122
11124
11125
11128
11131
11132
11136
11138
11139
11140
11140
11145
11154
11154
11155
11156
11159
11159
11165
11167
11168
11171
11171
11171
11174
11180
11181
11183
11192
11194
11195
11204
11206
11206
11209
11209
11210
11216
11217
11219
11221
11224
11228
11229
11243
11246
11247
11254
11261
11262
11263
11266
11268
11270
11270
11273
11275
11277
11278
11279
11287
11293
11299
11300
11301
11302
11305
11309
11312
11313
11319
11324
11327
11329
11330
11331
11338
11338
11339
11339
11341
11341
11347
11348
11349
11350
11351
11359
11360
11361
11363
11368
11370
11371
11374
11375
11377
11378
11384
11385
11386
11388
11388
11391
11392
11393
11394
11396
11398
11402
11402
11404
11416
11417
11418
11418
11421
11424
11431
11432
11433
11435
11435
11436
11438
11438
11438
11438
11441
11443
11443
11445
11446
11446
11453
11454
11454
11455
11455
11455
11457
11458
11458
11460
11460
11461
11463
11468
11469
11474
11475
11476
11479
11487
11488
11493
11495
11495
11496
11501
11505
11511
11513
11519
11522
11526
11528
11529
11531
11535
11537
11538
11539
11540
11540
11542
11543
11543
11545
11548
11549
11549
11552
11553
11555
11557
11558
11565
11565
11566
11567
11572
11573
11574
11574
11581
11584
11586
11596
11601
11602
11608
11610
11614
11615
11618
11622
11623
11624
11624
11626
11628
11632
11636
11637
11642
11645
11645
11648
11648
11651
11656
11656
11657
11659
11659
11661
11671
11674
11676
11676
11678
11680
11685
11686
11689
11690
11690
11691
11695
11695
11705
11705
11713
11716
11717
11720
11720
11723
11723
11725
11735
11735
11739
11745
11751
11764
11775
11775
11776
11777
11778
11778
11784
11784
11785
11789
11796
11799
11801
11802
11803
11808
11809
11812
11816
11817
11818
11820
11828
11833
11834
11837
11839
11844
11844
11845
11850
11853
11855
11855
11860
11861
11862
11862
11864
11866
11869
11893
11894
11897
11898
11902
11903
11903
11906
11912
11919
11924
11927
11930
11934
11935
11936
11939
11942
11942
11942
11943
11945
11946
11947
11958
11961
11970
11973
11974
11986
11990
11990
11993
12002
12006
12009
12010
12012
12016
12026
12026
12028
12028
12031
12037
12038
12039
12042
12047
12057
12061
12062
12064
12067
12068
12069
12072
12072
12073
12073
12080
12084
12084
12086
12095
12095
12097
12098
12099
12100
12101
12106
12108
12110
12113
12117
12120
12126
12132
12140
12141
12141
12144
12148
12158
12159
12161
12163
12163
12173
12185
12186
12190
12192
12192
12209
12215
12217
12222
12227
12230
12231
12237
12242
12245
12261
12263
12269
12275
12276
12279
12281
12281
12286
12310
12311
12337
12338
12338
12343
12343
12349
12353
12363
12368
12377
12381
12385
12401
12413
12415
12436
12437
12443
12448
12459
12471
12472
12473
12493
12519
12523
12526
12533
12539
12547
12551
12553
12563
12573
12574
12577
12588
12592
12603
12610
12611
12628
12647
12650
12662
12678
12680
12683
12699
12723
12733
12739
12743
12748
12749
12772
12775
12779
12830
12843
12845
12848
12854
12863
12869
12955
12957
12989
13000
13004
13017
13063
13064
13065
13135
13186
13191
13351
13386
13398
13456
13514
13655
13794
14000
