170521
170583
170634
170656
170716
170872
170893
170912
170949
171016
171100
171118
171120
171134
171154
171183
171199
171201
171216
171218
171223
171250
171270
171285
171293
171295
171317
171342
171344
171370
171408
171415
171424
171427
171435
171455
171463
171469
171473
171491
171492
171504
171512
171520
171573
171583
171590
171600
171636
171654
171657
171659
171660
171663
171666
171670
171682
171692
171697
171716
171747
171751
171776
171779
171786
171787
171797
171809
171811
171822
171840
171856
171861
171864
171866
171869
171873
171879
171881
171883
171909
171909
171910
171918
171925
171943
171948
171959
171970
171979
171981
171997
171997
171999
172000
172001
172005
172014
172018
172022
172023
172026
172029
172030
172048
172050
172053
172057
172072
172093
172094
172094
172102
172112
172124
172125
172128
172156
172159
172164
172165
172166
172187
172212
172214
172241
172244
172248
172253
172258
172275
172286
172304
172305
172306
172340
172340
172344
172348
172350
172355
172364
172374
172386
172418
172422
172429
172431
172435
172446
172447
172455
172462
172466
172467
172479
172488
172489
172489
172497
172499
172503
172507
172513
172515
172521
172527
172542
172542
172569
172569
172569
172572
172572
172581
172581
172585
172594
172602
172607
172618
172661
172666
172667
172668
172676
172680
172681
172682
172682
172684
172684
172690
172691
172692
172699
172709
172716
172723
172725
172726
172741
172745
172751
172752
172753
172753
172758
172759
172770
172772
172782
172785
172793
172798
172810
172810
172812
172814
172821
172830
172840
172843
172849
172852
172866
172874
172877
172880
172886
172890
172894
172905
172909
172911
172913
172918
172928
172928
172930
172935
172939
172945
172954
172958
172972
173001
173003
173013
173019
173020
173025
173031
173044
173046
173047
173065
173076
173091
173115
173115
173120
173125
173140
173142
173150
173153
173154
173172
173175
173176
173192
173198
173203
173208
173212
173215
173216
173223
173225
173233
173255
173268
173277
173281
173293
173305
173310
173340
173342
173346
173352
173368
173384
173389
173438
173449
173455
173476
173476
173490
173499
173507
173523
173531
173531
173538
173551
173552
173557
173558
173558
173586
173618
173626
173628
173629
173630
173641
173642
173663
173666
173687
173695
173697
173728
173731
173736
173740
173740
173753
173762
173769
173785
173800
173818
173823
173857
173862
173874
173895
173897
173912
173916
173922
173930
173931
173931
173936
173936
173949
173950
173954
173984
174003
174017
174032
174037
174040
174044
174045
174063
174083
174101
174115
174118
174124
174172
174196
174234
174318
174346
174371
174407
174414
174427
174432
174461
174476
174483
174490
174499
174514
174516
174529
174531
174597
174613
174663
174696
174742
174760
174806
174813
174831
174835
174851
174865
174868
174911
174942
174980
174991
174999
175013
175034
175035
175039
175047
175105
175108
175131
175149
175208
175210
175233
175295
175300
175361
175382
175391
175409
175563
175582
175617
175634
175662
175748
175754
175767
175802
175824
176048
176100
176227
176295
176457
176504
176506
176513
176578
176636
176735
176746
176820
176889
177034
177049
177077
177638
177780
177839
177851
177966
179113
179168
179326
179563
179727
180217
180241
180298
180408
180417
180494
180603
181029
181423
181661
181842
182118
182247
182352
182406
182486
182496
182512
182530
182582
182598
182602
182603
182615
182619
182621
182629
182634
182670
182671
182686
182689
182694
182695
182722
182746
182758
182770
182775
182785
182796
182804
182805
182811
182811
182814
182816
182845
182846
182858
182861
182864
182880
182917
182918
182919
182928
182939
182940
182954
182956
182965
182972
182975
182980
182996
183006
183007
183013
183023
183026
183035
183036
183038
183046
183061
183066
183067
183068
183069
183073
183074
183098
183098
183118
183130
183144
183156
183162
183171
183172
183181
183182
183194
183200
183212
183216
183217
183220
183221
183222
183233
183234
183238
183250
183253
183260
183267
183270
183275
183276
183284
183288
183296
183298
183298
183302
183311
183317
183318
183321
183321
183341
183346
183346
183358
183367
183371
183374
183391
183397
183409
183412
183416
183419
183422
183432
183434
183436
183436
183440
183449
183450
183456
183458
183460
183467
183470
183475
183485
183485
183492
183498
183510
183517
183522
183525
183526
183531
183539
183547
183548
183568
183578
183588
183613
183614
183618
183620
183625
183638
183641
183651
183654
183659
183660
183666
183668
183674
183675
183678
183680
183689
183695
183705
183706
183711
183716
183717
183717
183721
183722
183726
183727
183742
183743
183747
183747
183755
183764
183764
183769
183770
183774
183777
183777
183777
183783
183789
183797
183803
183807
183811
183812
183813
183818
183818
183824
183828
183829
183842
183844
183849
183850
183856
183858
183859
183863
183863
183864
183868
183871
183882
183882
183906
183910
183916
183920
183921
183932
183950
183950
183951
183955
183957
183959
183960
183962
183962
183963
183969
183972
183972
183980
183989
184000
184001
184006
184007
184009
184013
184015
184015
184019
184019
184025
184026
184028
184034
184039
184043
184044
184048
184050
184051
184068
184070
184074
184081
184082
184085
184092
184097
184098
184101
184113
184116
184122
184130
184140
184148
184152
184160
184165
184171
184174
184180
184182
184192
184203
184219
184222
184233
184234
184250
184251
184251
184251
184254
184256
184257
184260
184261
184262
184281
184281
184285
184296
184299
184314
184314
184321
184325
184327
184328
184331
184334
184343
184354
184361
184365
184367
184370
184377
184377
184384
184391
184393
184395
184399
184405
184409
184412
184415
184424
184429
184449
184451
184464
184468
184480
184482
184489
184491
184493
184502
184510
184513
184513
184528
184528
184530
184537
184540
184543
184555
184564
184569
184578
184582
184583
184587
184595
184607
184625
184635
184649
184653
184662
184664
184667
184673
184674
184691
184693
184703
184706
184728
184731
184733
184741
184742
184746
184757
184782
184792
184816
184829
184838
184840
184842
184892
184898
184909
184917
184921
184925
184942
184977
184995
185016
185033
185057
185113
185114
185123
185144
185165
185199
185212
185214
185219
185230
185232
185284
185308
185308
185320
185329
185334
185347
185359
185373
185432
185451
185471
185503
185510
185526
185529
185533
185538
185542
185546
185548
185583
185598
185611
185612
185626
185637
185694
185703
185720
185773
185787
185824
185827
185891
185895
185957
185973
185976
185988
185990
186033
186043
186059
186073
186090
186101
186117
186126
186158
186159
186231
186250
186375
186412
186415
186572
186596
186620
186626
186626
186682
186924
186928
186975
187034
187089
187107
187113
187169
187181
187191
187247
187251
187361
187399
187564
187739
187755
187860
187878
187892
188137
188347
188818
189147
189295
189773
190213
190584
190754
190926
191075
191080
192191
192727
192766
193186
193907
195043
195083
195141
195271
197025
197041
199261
199439
200488
203116
204158
220079
229573
230155
230293
231503
231505
233281
