22715
23339
23661
23735
24089
24120
24178
24253
24282
24326
24356
24359
24434
24527
24535
24535
24569
24667
24674
24693
24707
24708
24755
24777
24794
24796
24811
24822
24830
24850
24854
24875
24886
24888
24898
24899
24911
24921
24946
24968
24977
25020
25031
25037
25040
25059
25077
25094
25128
25131
25208
25215
25230
25231
25266
25270
25274
25283
25284
25300
25309
25309
25329
25353
25360
25372
25377
25391
25406
25419
25437
25440
25445
25477
25478
25479
25480
25504
25515
25517
25524
25530
25531
25531
25537
25571
25585
25586
25589
25590
25591
25612
25615
25630
25637
25639
25640
25648
25652
25662
25680
25703
25706
25719
25721
25723
25733
25743
25744
25756
25765
25770
25805
25808
25822
25825
25837
25842
25842
25850
25856
25856
25858
25866
25887
25899
25900
25900
25917
25917
25919
25930
25942
25943
25951
25957
25960
25969
25983
25989
25997
26001
26013
26015
26030
26031
26036
26038
26043
26043
26050
26051
26060
26069
26080
26082
26086
26095
26108
26119
26124
26124
26140
26145
26174
26183
26187
26196
26203
26205
26206
26210
26211
26235
26235
26240
26247
26250
26252
26260
26263
26269
26281
26299
26305
26309
26310
26310
26314
26314
26354
26365
26367
26369
26371
26380
26383
26388
26389
26403
26419
26424
26425
26428
26429
26430
26440
26443
26458
26479
26493
26494
26496
26497
26498
26499
26503
26504
26507
26514
26515
26518
26526
26534
26551
26560
26564
26570
26571
26574
26576
26582
26585
26595
26595
26596
26599
26611
26613
26615
26620
26624
26627
26630
26634
26636
26638
26639
26658
26659
26663
26671
26672
26677
26679
26683
26690
26697
26702
26706
26718
26719
26720
26724
26727
26729
26740
26746
26753
26772
26776
26783
26794
26796
26807
26811
26812
26820
26831
26838
26853
26854
26856
26858
26859
26866
26873
26876
26885
26891
26891
26894
26898
26900
26901
26902
26903
26904
26912
26912
26915
26916
26917
26923
26926
26926
26936
26939
26959
26986
26986
27002
27003
27004
27013
27014
27018
27019
27022
27024
27027
27028
27032
27033
27035
27039
27047
27050
27070
27073
27080
27081
27089
27098
27101
27114
27124
27128
27129
27130
27130
27148
27149
27153
27159
27159
27165
27167
27170
27189
27190
27198
27204
27214
27230
27238
27239
27242
27242
27249
27252
27254
27255
27260
27283
27287
27298
27304
27305
27330
27331
27352
27354
27355
27360
27363
27374
27382
27382
27382
27389
27393
27395
27401
27402
27404
27406
27415
27415
27418
27423
27424
27441
27451
27456
27459
27459
27459
27471
27475
27476
27483
27494
27506
27517
27521
27526
27529
27539
27555
27556
27561
27561
27563
27565
27565
27568
27569
27570
27583
27590
27592
27596
27596
27596
27602
27606
27609
27614
27616
27629
27631
27634
27638
27646
27656
27661
27669
27672
27685
27689
27692
27706
27707
27712
27714
27717
27718
27723
27724
27732
27733
27740
27741
27746
27747
27747
27752
27753
27757
27758
27762
27776
27779
27781
27792
27793
27813
27816
27822
27833
27835
27843
27844
27848
27860
27881
27893
27900
27903
27909
27914
27915
27921
27923
27926
27942
27942
27946
27950
27953
27960
27960
27974
27994
28001
28014
28014
28021
28023
28024
28031
28037
28041
28044
28049
28049
28050
28052
28056
28065
28066
28066
28079
28085
28089
28091
28095
28100
28105
28115
28122
28127
28129
28132
28135
28144
28145
28145
28149
28159
28159
28159
28164
28165
28166
28196
28196
28211
28219
28221
28231
28231
28234
28236
28237
28240
28243
28246
28251
28260
28263
28266
28277
28278
28285
28291
28291
28291
28295
28295
28309
28335
28337
28338
28340
28341
28351
28354
28359
28359
28366
28372
28379
28384
28392
28395
28405
28421
28424
28428
28431
28433
28434
28450
28466
28468
28470
28472
28490
28493
28498
28511
28526
28527
28531
28531
28533
28534
28540
28544
28548
28569
28574
28575
28580
28587
28592
28594
28595
28597
28610
28614
28618
28622
28624
28627
28627
28630
28633
28636
28639
28644
28654
28657
28665
28672
28676
28676
28684
28686
28690
28691
28692
28695
28697
28699
28700
28709
28713
28719
28722
28727
28731
28747
28761
28769
28772
28774
28782
28786
28794
28810
28817
28819
28822
28842
28848
28849
28857
28859
28863
28865
28870
28879
28883
28898
28900
28909
28925
28929
28937
28941
28944
28956
28958
28962
28962
28994
29000
29001
29006
29011
29027
29034
29035
29040
29044
29057
29080
29083
29096
29103
29112
29113
29117
29117
29132
29141
29142
29144
29155
29160
29160
29169
29179
29179
29186
29186
29208
29208
29210
29240
29242
29244
29250
29254
29262
29277
29281
29290
29292
29293
29297
29313
29329
29330
29335
29339
29353
29355
29371
29372
29379
29388
29388
29391
29396
29401
29401
29402
29414
29437
29445
29450
29453
29460
29465
29470
29474
29491
29526
29529
29532
29532
29543
29551
29552
29557
29560
29564
29568
29588
29617
29619
29631
29633
29646
29647
29656
29658
29665
29666
29667
29693
29707
29708
29714
29719
29727
29737
29752
29753
29753
29770
29782
29785
29793
29802
29805
29811
29812
29816
29823
29825
29827
29828
29868
29874
29877
29896
29913
29927
29941
29945
29949
29953
29960
29968
29975
29980
29984
30001
30006
30013
30014
30015
30020
30039
30041
30045
30049
30060
30061
30069
30071
30086
30108
30109
30116
30122
30132
30146
30165
30174
30199
30199
30202
30212
30222
30223
30237
30240
30250
30255
30276
30278
30279
30287
30295
30296
30310
30339
30340
30349
30367
30373
30373
30376
30384
30386
30389
30393
30395
30423
30435
30448
30485
30517
30519
30528
30529
30529
30537
30540
30561
30567
30567
30570
30571
30581
30644
30665
30675
30692
30717
30721
30724
30728
30737
30759
30765
30768
30794
30794
30810
30815
30837
30875
30895
30895
30900
30919
30926
30940
30947
30957
31017
31037
31046
31054
31090
31092
31125
31128
31129
31129
31152
31156
31183
31187
31197
31206
31217
31218
31220
31234
31245
31252
31257
31287
31295
31295
31304
31319
31322
31342
31351
31385
31428
31434
31435
31435
31440
31449
31491
31496
31501
31564
31567
31580
31601
31602
31627
31644
31652
31662
31671
31681
31718
31728
31746
31760
31771
31795
31838
31916
31941
31974
32061
32106
32113
32161
32168
32199
32219
32239
32269
32440
32619
32664
32826
32847
32871
32955
33006
33152
33358
33419
33744
33766
33865
33882
33966
33977
34429
34552
36103
37187
37671
