26418
26537
27056
27088
27337
27448
27498
27513
27521
27589
27591
27606
28032
28159
28215
28225
28230
28230
28355
28356
28361
28397
28439
28487
28564
28596
28619
28630
28638
28677
28692
28744
28783
28829
28840
28862
28896
28905
28933
28933
28936
28953
28963
28970
28975
28989
28999
29019
29025
29025
29044
29053
29084
29085
29109
29122
29123
29152
29174
29181
29236
29240
29261
29269
29273
29313
29318
29320
29336
29350
29358
29364
29377
29385
29403
29414
29426
29437
29438
29447
29447
29457
29493
29496
29506
29518
29526
29532
29549
29588
29592
29603
29620
29623
29631
29642
29664
29664
29683
29701
29706
29711
29711
29717
29726
29743
29749
29773
29778
29807
29819
29828
29832
29842
29867
29890
29899
29901
29909
29923
29924
29926
29940
29942
29950
29977
29984
29985
29992
29993
29997
30017
30029
30048
30057
30058
30060
30077
30081
30082
30086
30087
30090
30100
30108
30116
30127
30128
30134
30140
30162
30165
30176
30179
30180
30188
30189
30200
30207
30211
30212
30216
30218
30232
30238
30264
30264
30265
30270
30271
30272
30273
30278
30290
30294
30298
30306
30329
30333
30340
30345
30379
30382
30398
30408
30410
30417
30426
30430
30448
30454
30454
30463
30463
30468
30482
30485
30487
30498
30498
30506
30508
30529
30533
30546
30548
30550
30588
30603
30610
30611
30612
30616
30630
30630
30630
30632
30638
30644
30646
30651
30659
30659
30677
30677
30685
30687
30687
30691
30697
30697
30700
30700
30705
30711
30717
30726
30728
30732
30738
30741
30744
30744
30756
30764
30770
30771
30776
30777
30780
30782
30790
30791
30792
30797
30799
30801
30806
30815
30817
30827
30836
30836
30843
30844
30846
30847
30859
30868
30871
30875
30878
30882
30885
30885
30888
30893
30895
30905
30916
30926
30926
30939
30942
30946
30949
30959
30965
30969
30982
30984
30991
31004
31042
31043
31044
31057
31065
31066
31071
31077
31094
31105
31117
31118
31120
31131
31132
31136
31144
31145
31146
31149
31153
31158
31158
31160
31164
31167
31170
31181
31183
31198
31211
31212
31216
31216
31217
31218
31228
31234
31236
31238
31246
31252
31255
31260
31260
31276
31276
31290
31291
31309
31317
31317
31321
31322
31325
31334
31335
31342
31345
31349
31352
31356
31356
31358
31361
31369
31374
31381
31394
31397
31406
31418
31440
31448
31450
31452
31463
31464
31468
31470
31480
31483
31499
31499
31513
31516
31521
31535
31540
31541
31545
31548
31549
31549
31549
31562
31571
31579
31587
31596
31601
31605
31622
31625
31628
31629
31632
31636
31640
31645
31649
31651
31661
31668
31678
31679
31681
31691
31693
31693
31696
31702
31706
31707
31707
31708
31720
31727
31728
31731
31731
31735
31738
31740
31743
31747
31754
31758
31760
31765
31776
31778
31781
31784
31786
31789
31793
31799
31804
31804
31805
31812
31813
31818
31819
31827
31833
31834
31835
31838
31839
31846
31856
31865
31882
31892
31894
31900
31904
31910
31915
31916
31918
31924
31926
31931
31937
31947
31965
31967
31971
31971
31972
31973
31979
31996
32003
32014
32026
32027
32038
32039
32039
32040
32046
32050
32051
32066
32068
32072
32074
32080
32085
32086
32087
32092
32093
32101
32109
32116
32116
32122
32124
32131
32136
32139
32141
32142
32148
32162
32163
32166
32184
32190
32202
32215
32215
32225
32229
32250
32256
32257
32258
32273
32283
32292
32292
32305
32308
32332
32337
32339
32345
32351
32356
32356
32367
32367
32369
32372
32375
32375
32380
32382
32383
32386
32386
32387
32394
32397
32404
32409
32410
32427
32429
32436
32442
32443
32454
32454
32458
32463
32476
32480
32481
32482
32489
32493
32499
32515
32527
32528
32543
32562
32568
32570
32578
32595
32613
32620
32623
32624
32626
32640
32641
32643
32647
32647
32648
32651
32657
32657
32657
32663
32664
32665
32668
32675
32680
32688
32704
32706
32708
32716
32718
32718
32732
32734
32745
32747
32750
32757
32757
32758
32759
32770
32774
32775
32777
32797
32806
32810
32818
32832
32833
32848
32848
32848
32862
32865
32869
32874
32879
32884
32893
32894
32899
32901
32916
32916
32921
32931
32935
32937
32938
32946
32952
32957
32989
33000
33005
33037
33038
33043
33051
33053
33054
33074
33074
33074
33075
33081
33108
33109
33112
33125
33126
33137
33147
33148
33149
33149
33149
33165
33167
33173
33173
33176
33179
33184
33193
33197
33215
33219
33223
33232
33236
33249
33250
33264
33266
33274
33312
33312
33332
33335
33339
33355
33369
33377
33378
33381
33388
33389
33400
33404
33408
33419
33428
33436
33451
33454
33470
33471
33488
33502
33507
33521
33523
33525
33528
33530
33550
33559
33561
33572
33576
33580
33582
33591
33595
33598
33624
33638
33638
33649
33661
33665
33665
33666
33679
33685
33702
33704
33707
33715
33738
33755
33779
33783
33784
33796
33798
33802
33810
33816
33818
33821
33821
33827
33836
33865
33865
33867
33882
33896
33904
33910
33921
33924
33939
33946
33949
33952
34033
34038
34050
34057
34066
34082
34090
34102
34103
34106
34107
34111
34118
34122
34135
34154
34192
34192
34201
34208
34209
34236
34238
34244
34251
34253
34257
34259
34271
34276
34278
34286
34295
34300
34304
34304
34338
34349
34374
34379
34384
34417
34419
34431
34436
34451
34452
34457
34463
34467
34481
34481
34494
34495
34495
34499
34511
34530
34530
34548
34549
34586
34589
34613
34634
34645
34647
34649
34651
34657
34674
34683
34687
34689
34730
34755
34758
34763
34766
34770
34777
34781
34781
34782
34785
34800
34810
34825
34825
34826
34845
34849
34851
34855
34870
34874
34881
34893
34896
34897
34903
34921
34927
34933
34937
34954
34961
34966
34968
34975
34978
34982
34988
34995
35001
35022
35024
35027
35035
35039
35048
35055
35066
35077
35079
35089
35115
35121
35129
35190
35232
35239
35249
35255
35258
35259
35277
35278
35285
35288
35308
35320
35337
35374
35375
35395
35422
35432
35452
35465
35477
35482
35487
35491
35495
35517
35532
35574
35588
35593
35617
35618
35625
35769
35773
35804
35809
35824
35835
35846
35881
35893
35940
35945
35959
35971
36019
36037
36126
36176
36190
36197
36280
36290
36302
36307
36354
36388
36467
36477
36515
36518
36676
36729
36732
36734
36789
36803
36938
36976
37035
37036
37209
37271
37285
37374
37497
37693
37757
37784
37799
37859
38204
38213
38388
38797
38804
38934
39264
39362
39483
40012
42684
