10336
10389
10410
10489
10616
10645
10705
10752
10804
10845
10855
10899
10937
10946
11000
11049
11065
11078
11084
11107
11113
11131
11137
11151
11159
11160
11169
11176
11176
11257
11269
11299
11299
11351
11401
11408
11411
11427
11479
11490
11491
11553
11570
11579
11589
11601
11613
11667
11723
11734
11765
11767
11792
11794
11807
11855
11870
11877
11920
11938
11981
11988
11992
12006
12012
12018
12073
12074
12095
12096
12103
12109
12111
12117
12118
12129
12152
12162
12194
12196
12200
12215
12256
12338
12356
12364
12372
12419
12436
12441
12446
12448
12467
12469
12472
12472
12480
12481
12508
12512
12554
12580
12592
12599
12635
12696
12714
12733
12742
12791
12815
12830
12843
12846
12892
12896
12898
12928
12944
12952
12967
12999
13101
13114
13137
13139
13139
13147
13174
13175
13177
13223
13226
13246
13250
13271
13290
13292
13293
13311
13312
13317
13318
13339
13379
13392
13403
13449
13455
13471
13498
13503
13538
13547
13576
13578
13592
13616
13618
13624
13626
13638
13644
13646
13646
13647
13671
13673
13680
13687
13698
13709
13716
13720
13726
13728
13742
13750
13759
13773
13775
13779
13801
13805
13818
13820
13825
13827
13840
13852
13855
13865
13878
13898
13901
13919
13930
13945
13946
13949
13952
13954
13963
13978
13980
13982
13990
13996
13997
14003
14013
14028
14043
14044
14049
14050
14060
14062
14069
14087
14090
14097
14105
14109
14110
14113
14117
14123
14124
14138
14139
14178
14190
14191
14192
14193
14199
14209
14209
14212
14214
14217
14217
14225
14229
14232
14234
14235
14238
14240
14246
14256
14259
14263
14274
14277
14286
14287
14292
14295
14299
14305
14317
14320
14320
14322
14339
14349
14349
14352
14358
14358
14368
14371
14378
14390
14398
14415
14422
14436
14437
14438
14438
14444
14446
14451
14455
14457
14458
14464
14465
14482
14488
14496
14507
14512
14512
14517
14518
14518
14522
14524
14524
14527
14529
14534
14537
14544
14544
14553
14553
14559
14586
14588
14588
14591
14594
14596
14598
14607
14613
14618
14619
14620
14623
14624
14641
14652
14665
14670
14671
14681
14683
14686
14691
14694
14694
14701
14701
14704
14704
14708
14720
14722
14724
14741
14747
14749
14752
14763
14787
14788
14808
14808
14810
14810
14811
14814
14821
14822
14825
14827
14828
14836
14837
14842
14844
14846
14848
14849
14850
14853
14855
14856
14860
14864
14865
14865
14869
14870
14872
14873
14878
14878
14883
14884
14886
14887
14890
14892
14894
14895
14898
14902
14903
14915
14919
14928
14930
14931
14938
14943
14943
14950
14959
14959
14971
14975
14982
14991
14991
14991
14995
14995
14996
14998
14998
15008
15010
15012
15013
15016
15017
15017
15018
15020
15024
15029
15032
15036
15044
15048
15048
15049
15054
15055
15064
15064
15068
15070
15072
15075
15076
15077
15078
15083
15095
15099
15107
15110
15121
15124
15126
15134
15137
15145
15150
15150
15153
15154
15155
15158
15160
15160
15163
15166
15167
15169
15171
15181
15184
15185
15189
15193
15194
15201
15205
15206
15207
15208
15209
15212
15214
15217
15224
15225
15225
15226
15226
15227
15231
15236
15237
15239
15245
15255
15256
15257
15257
15257
15257
15257
15260
15263
15263
15264
15265
15272
15273
15273
15276
15281
15283
15283
15287
15290
15290
15294
15300
15302
15304
15307
15309
15310
15310
15313
15316
15317
15324
15329
15332
15336
15337
15343
15344
15354
15355
15356
15359
15362
15362
15365
15366
15368
15369
15372
15373
15381
15386
15386
15388
15391
15394
15394
15395
15395
15395
15396
15405
15405
15414
15416
15416
15417
15418
15421
15424
15425
15429
15434
15438
15440
15443
15446
15452
15454
15455
15455
15455
15457
15466
15473
15475
15475
15478
15479
15484
15484
15496
15497
15497
15498
15498
15499
15500
15507
15512
15516
15517
15518
15523
15524
15530
15531
15532
15534
15534
15535
15535
15553
15555
15556
15567
15572
15572
15574
15576
15583
15585
15585
15592
15593
15597
15598
15604
15605
15611
15614
15616
15617
15620
15622
15622
15625
15626
15627
15634
15637
15637
15638
15660
15660
15663
15672
15686
15692
15692
15696
15701
15702
15703
15704
15716
15719
15729
15729
15730
15734
15743
15745
15748
15749
15756
15764
15765
15766
15767
15768
15770
15772
15775
15777
15777
15781
15782
15783
15785
15786
15791
15792
15792
15792
15794
15795
15795
15795
15796
15796
15799
15799
15801
15801
15803
15808
15810
15812
15817
15827
15830
15832
15834
15837
15838
15839
15841
15843
15853
15853
15855
15867
15868
15869
15869
15870
15874
15878
15883
15886
15887
15895
15897
15899
15900
15906
15908
15910
15912
15912
15915
15915
15922
15925
15937
15944
15966
15966
15972
15976
15981
15988
15989
15990
15991
15995
15997
16000
16016
16023
16028
16034
16046
16048
16049
16051
16053
16060
16064
16064
16064
16072
16073
16081
16084
16087
16090
16093
16100
16107
16118
16120
16120
16120
16121
16125
16126
16128
16128
16136
16137
16141
16152
16152
16152
16153
16158
16160
16162
16162
16163
16167
16168
16175
16176
16185
16186
16186
16187
16189
16196
16199
16206
16207
16209
16211
16216
16222
16229
16230
16233
16242
16244
16251
16253
16254
16254
16254
16264
16264
16264
16271
16272
16277
16279
16279
16280
16284
16288
16292
16297
16302
16304
16307
16309
16314
16316
16319
16322
16331
16338
16339
16345
16350
16359
16360
16361
16366
16377
16380
16383
16393
16398
16401
16408
16409
16415
16434
16447
16455
16455
16457
16459
16460
16492
16497
16504
16520
16527
16528
16534
16534
16538
16539
16540
16540
16544
16545
16547
16549
16552
16560
16562
16566
16592
16604
16607
16607
16612
16643
16644
16646
16653
16657
16664
16667
16676
16687
16691
16698
16709
16714
16717
16726
16727
16728
16731
16733
16743
16755
16760
16764
16768
16771
16778
16786
16791
16797
16798
16805
16805
16812
16821
16827
16832
16837
16859
16865
16867
16874
16881
16911
16917
16956
16959
16975
16981
16983
17005
17034
17037
17056
17062
17063
17074
17083
17088
17092
17095
17113
17130
17149
17157
17160
17199
17212
17218
17228
17239
17285
17285
17287
17292
17304
17334
17363
17366
17366
17383
17403
17453
17475
17477
17492
17508
17513
17525
17531
17600
17625
17652
17676
17685
17757
17830
17909
17919
17925
18045
18072
18101
18122
18137
18227
18244
18270
18324
18544
18673
19043
19209
19887
