18173
19758
20990
21444
21531
21576
21748
22116
22143
22147
22201
22319
22350
22360
22684
22700
22740
22780
22803
22820
22827
22894
22940
22963
22971
23024
23069
23183
23203
23277
23281
23282
23323
23332
23356
23363
23377
23379
23383
23469
23485
23502
23502
23524
23538
23544
23556
23576
23588
23649
23657
23668
23670
23682
23685
23698
23701
23727
23729
23746
23751
23754
23758
23773
23822
23828
23855
23862
23870
23893
23906
23920
23947
23959
23959
23960
24019
24022
24028
24036
24045
24072
24076
24078
24083
24083
24096
24098
24100
24104
24120
24123
24126
24128
24146
24151
24159
24185
24192
24208
24214
24216
24216
24232
24253
24294
24301
24331
24365
24366
24368
24382
24382
24395
24398
24405
24407
24409
24426
24431
24441
24442
24442
24469
24472
24482
24496
24500
24523
24524
24528
24532
24542
24560
24570
24581
24582
24584
24585
24591
24624
24642
24658
24659
24663
24675
24677
24678
24706
24709
24709
24710
24713
24725
24736
24757
24761
24769
24775
24784
24789
24790
24797
24813
24814
24840
24856
24876
24877
24898
24900
24905
24913
24923
24923
24933
24940
24942
24955
24982
24994
24994
25003
25005
25008
25033
25046
25047
25064
25069
25075
25088
25088
25100
25108
25116
25124
25128
25131
25138
25138
25148
25165
25169
25173
25178
25179
25186
25191
25208
25209
25214
25216
25231
25253
25264
25269
25278
25284
25301
25312
25323
25326
25329
25340
25362
25363
25368
25375
25390
25409
25412
25418
25432
25438
25440
25463
25474
25475
25477
25477
25480
25522
25528
25533
25535
25535
25547
25554
25567
25589
25589
25591
25603
25610
25612
25622
25626
25629
25629
25636
25636
25640
25641
25642
25645
25662
25662
25662
25672
25677
25682
25686
25689
25693
25699
25707
25708
25718
25741
25748
25752
25761
25761
25769
25776
25782
25783
25785
25795
25795
25802
25810
25813
25815
25818
25834
25844
25850
25873
25876
25882
25889
25905
25906
25916
25920
25924
25927
25932
25934
25947
25948
25955
25956
25982
26005
26014
26035
26036
26039
26041
26048
26052
26055
26057
26061
26070
26070
26071
26079
26085
26086
26097
26102
26104
26106
26108
26113
26117
26120
26137
26139
26143
26149
26172
26179
26179
26202
26204
26221
26226
26226
26234
26238
26246
26249
26258
26270
26272
26272
26272
26274
26276
26276
26298
26303
26304
26316
26316
26322
26322
26327
26333
26350
26354
26355
26358
26364
26365
26376
26378
26381
26381
26401
26416
26417
26418
26426
26433
26456
26478
26488
26490
26504
26505
26506
26508
26518
26520
26522
26533
26534
26542
26554
26554
26559
26563
26571
26577
26585
26588
26590
26602
26605
26612
26616
26625
26627
26630
26631
26635
26644
26651
26657
26661
26673
26679
26684
26687
26699
26700
26704
26707
26708
26709
26710
26722
26728
26746
26746
26747
26747
26747
26748
26757
26759
26760
26761
26783
26801
26804
26809
26822
26825
26831
26834
26841
26842
26843
26848
26854
26857
26860
26864
26874
26884
26884
26900
26904
26906
26907
26915
26915
26921
26925
26926
26933
26950
26954
26955
26967
26970
26970
26977
26992
27000
27002
27005
27006
27021
27023
27023
27040
27042
27046
27058
27065
27065
27065
27076
27080
27091
27091
27091
27091
27095
27098
27100
27106
27112
27117
27126
27133
27136
27147
27154
27173
27175
27183
27186
27187
27204
27207
27211
27211
27216
27216
27222
27232
27232
27233
27233
27238
27242
27256
27257
27259
27261
27269
27273
27276
27279
27285
27286
27287
27287
27291
27292
27300
27305
27306
27311
27324
27325
27335
27344
27348
27357
27370
27371
27381
27390
27392
27394
27395
27404
27415
27419
27421
27426
27432
27448
27451
27453
27465
27465
27468
27468
27476
27485
27486
27493
27495
27495
27496
27499
27503
27506
27507
27508
27509
27511
27516
27517
27532
27533
27533
27537
27545
27547
27557
27561
27565
27566
27570
27573
27573
27574
27578
27582
27597
27605
27608
27622
27625
27628
27633
27633
27635
27644
27649
27649
27654
27668
27671
27672
27679
27686
27692
27698
27705
27712
27713
27740
27741
27743
27744
27745
27747
27747
27747
27747
27752
27754
27773
27776
27781
27786
27787
27793
27795
27815
27817
27818
27819
27819
27824
27824
27839
27842
27846
27846
27848
27849
27851
27860
27860
27862
27869
27872
27884
27884
27888
27898
27913
27920
27921
27925
27930
27931
27935
27939
27944
27945
27948
27952
27953
27958
27962
27981
27984
27988
27988
27988
27993
27993
27994
28002
28017
28019
28028
28035
28050
28052
28052
28058
28061
28068
28076
28088
28102
28105
28125
28131
28139
28144
28146
28149
28150
28151
28156
28159
28161
28164
28171
28173
28181
28193
28195
28195
28214
28229
28232
28238
28252
28256
28261
28266
28266
28292
28294
28296
28300
28307
28308
28315
28318
28334
28334
28345
28355
28365
28377
28378
28380
28394
28397
28398
28402
28403
28405
28408
28432
28449
28450
28450
28467
28475
28479
28481
28491
28499
28502
28506
28508
28508
28522
28526
28528
28530
28536
28537
28542
28543
28544
28545
28545
28546
28559
28560
28584
28591
28599
28603
28612
28615
28624
28624
28628
28629
28630
28631
28641
28645
28659
28675
28682
28690
28700
28702
28706
28706
28707
28707
28712
28718
28722
28747
28754
28764
28765
28767
28767
28776
28793
28794
28803
28807
28816
28825
28830
28835
28842
28842
28858
28861
28870
28878
28896
28905
28906
28909
28924
28936
28936
28937
28941
28948
28949
28949
28967
29006
29007
29015
29017
29021
29022
29051
29055
29060
29064
29067
29069
29090
29096
29111
29114
29128
29129
29134
29150
29167
29188
29198
29209
29217
29223
29236
29242
29253
29275
29278
29342
29346
29354
29355
29356
29365
29368
29383
29390
29398
29401
29410
29437
29465
29471
29475
29490
29502
29504
29517
29539
29545
29574
29586
29638
29646
29651
29659
29679
29705
29717
29755
29759
29763
29774
29785
29791
29800
29803
29810
29817
29849
29890
29917
29920
29964
29968
29973
30004
30013
30026
30039
30053
30060
30074
30082
30084
30109
30125
30145
30159
30183
30210
30236
30248
30249
30260
30276
30324
30348
30354
30479
30500
30580
30605
30616
30712
30735
30748
30788
30815
30817
30999
31027
31054
31058
31076
31115
31122
31142
31174
31217
31230
31234
31238
31335
31478
31532
31550
31672
31791
31833
31855
31900
31931
32046
32079
32494
32580
32629
32821
33079
33096
33379
35003
35979
36931
