10625
10763
10773
10957
10965
11074
11181
11204
11257
11265
11266
11293
11342
11349
11427
11451
11454
11459
11578
11583
11587
11590
11593
11628
11634
11635
11636
11662
11682
11684
11693
11697
11713
11718
11730
11733
11772
11783
11792
11802
11831
11834
11844
11847
11849
11852
11868
11886
11889
11905
11917
11923
11925
11937
11950
11959
11960
11977
11987
11993
11997
11998
12014
12029
12032
12081
12083
12106
12106
12159
12178
12196
12204
12212
12239
12239
12241
12251
12256
12257
12284
12294
12324
12326
12340
12356
12368
12392
12409
12445
12445
12454
12493
12493
12508
12517
12543
12547
12554
12561
12566
12569
12573
12591
12596
12596
12603
12610
12638
12651
12652
12657
12672
12682
12686
12693
12702
12709
12721
12736
12739
12744
12757
12766
12768
12780
12788
12817
12819
12828
12832
12838
12843
12845
12849
12855
12864
12881
12897
12901
12905
12915
12915
12919
12934
12939
12941
12949
12953
12954
12960
12973
12976
12990
12992
13006
13008
13011
13017
13018
13024
13035
13040
13046
13051
13056
13065
13069
13072
13087
13089
13091
13095
13095
13103
13104
13110
13113
13118
13121
13121
13130
13132
13141
13149
13157
13157
13163
13172
13177
13179
13184
13186
13189
13198
13209
13213
13217
13218
13219
13222
13239
13244
13244
13245
13262
13278
13279
13283
13287
13290
13294
13304
13305
13314
13319
13329
13332
13337
13337
13341
13350
13356
13359
13369
13386
13404
13428
13430
13439
13443
13448
13451
13452
13460
13477
13481
13482
13490
13495
13498
13507
13512
13518
13527
13529
13533
13536
13537
13552
13554
13555
13559
13561
13561
13567
13574
13577
13578
13584
13585
13585
13586
13589
13599
13605
13612
13619
13623
13625
13628
13631
13632
13638
13639
13639
13651
13657
13671
13679
13689
13689
13702
13704
13707
13707
13715
13716
13730
13748
13751
13757
13757
13764
13765
13766
13778
13792
13793
13794
13797
13798
13808
13816
13829
13832
13832
13835
13835
13839
13841
13855
13857
13859
13860
13862
13865
13866
13883
13897
13902
13903
13904
13908
13908
13909
13911
13912
13912
13916
13923
13928
13932
13935
13937
13938
13944
13945
13953
13954
13957
13958
13958
13961
13963
13963
13963
13968
13969
13972
13973
13981
13981
13984
13985
13985
13986
13989
13992
13993
13996
14000
14001
14012
14013
14020
14022
14028
14030
14033
14034
14043
14044
14045
14053
14057
14062
14069
14069
14082
14087
14090
14092
14101
14106
14116
14117
14118
14121
14123
14123
14124
14130
14145
14146
14152
14155
14159
14160
14160
14174
14179
14182
14184
14184
14195
14202
14204
14207
14208
14214
14214
14214
14224
14224
14227
14234
14236
14237
14247
14250
14251
14252
14255
14261
14262
14276
14282
14283
14284
14290
14293
14294
14295
14296
14297
14298
14305
14307
14308
14309
14314
14319
14321
14323
14323
14325
14330
14331
14334
14337
14345
14350
14356
14356
14356
14360
14362
14364
14365
14369
14370
14374
14376
14381
14385
14389
14392
14394
14394
14397
14402
14404
14405
14408
14413
14414
14414
14416
14416
14420
14421
14421
14426
14428
14428
14429
14430
14431
14433
14436
14440
14441
14442
14442
14444
14444
14445
14448
14448
14451
14451
14460
14463
14466
14470
14471
14471
14474
14474
14480
14481
14486
14488
14489
14490
14491
14492
14493
14496
14498
14506
14508
14509
14516
14525
14526
14526
14531
14539
14540
14546
14548
14550
14560
14563
14567
14567
14569
14569
14582
14583
14583
14591
14596
14598
14599
14600
14602
14607
14613
14615
14619
14620
14624
14626
14626
14634
14636
14638
14640
14640
14645
14646
14646
14647
14653
14659
14660
14668
14670
14684
14684
14688
14693
14693
14694
14698
14702
14703
14703
14709
14709
14716
14720
14720
14725
14725
14726
14731
14732
14733
14733
14736
14738
14740
14741
14748
14749
14751
14761
14766
14770
14773
14774
14775
14785
14792
14793
14798
14798
14799
14800
14801
14804
14806
14808
14810
14813
14819
14819
14820
14821
14826
14829
14832
14834
14835
14836
14837
14840
14841
14845
14845
14847
14850
14856
14858
14860
14867
14870
14871
14872
14878
14879
14879
14881
14881
14881
14883
14885
14887
14894
14895
14896
14909
14911
14916
14919
14921
14923
14933
14933
14936
14939
14939
14940
14941
14942
14944
14947
14953
14957
14989
14989
14994
14997
15001
15005
15012
15014
15015
15015
15016
15018
15018
15019
15020
15032
15037
15039
15044
15049
15051
15052
15056
15057
15058
15062
15062
15063
15064
15065
15070
15074
15079
15082
15083
15086
15097
15100
15102
15102
15106
15107
15113
15116
15122
15133
15138
15143
15143
15149
15152
15160
15164
15168
15178
15178
15181
15182
15183
15184
15196
15198
15198
15207
15208
15214
15216
15221
15222
15232
15236
15239
15247
15258
15261
15262
15266
15267
15268
15275
15280
15282
15287
15290
15291
15291
15291
15291
15299
15315
15325
15329
15334
15334
15338
15341
15350
15353
15355
15362
15364
15365
15369
15371
15379
15386
15389
15389
15389
15393
15403
15406
15407
15412
15416
15420
15422
15426
15429
15437
15437
15448
15457
15460
15465
15468
15473
15479
15487
15490
15492
15497
15498
15499
15504
15509
15516
15519
15527
15532
15538
15540
15545
15550
15552
15554
15556
15559
15567
15567
15568
15569
15590
15595
15601
15614
15620
15622
15630
15632
15633
15641
15648
15653
15665
15667
15668
15672
15672
15674
15679
15691
15693
15717
15720
15731
15738
15740
15741
15750
15757
15758
15758
15759
15762
15765
15771
15771
15772
15781
15789
15791
15795
15800
15804
15805
15813
15816
15822
15825
15826
15833
15839
15840
15848
15850
15852
15871
15874
15875
15878
15893
15908
15909
15915
15916
15918
15920
15920
15925
15934
15939
15949
15951
15954
15957
15959
15959
15967
15972
15980
15992
15996
15998
16014
16017
16026
16046
16058
16059
16061
16068
16069
16079
16082
16083
16083
16086
16089
16091
16093
16099
16101
16101
16104
16122
16131
16136
16154
16179
16183
16185
16216
16218
16222
16236
16245
16253
16266
16267
16269
16284
16301
16344
16359
16394
16407
16415
16421
16425
16436
16437
16449
16488
16497
16500
16502
16506
16520
16525
16528
16528
16530
16531
16543
16563
16567
16569
16601
16608
16630
16668
16695
16724
16800
16817
16829
16875
16884
16904
16926
16954
16977
16985
16986
17048
17126
17171
17172
17184
17193
17278
17349
17420
17751
19271
22524
