29951
31847
32024
32166
32276
32354
32408
32412
32457
32477
32629
32653
32702
32753
32873
32876
32950
32959
32966
32972
32987
32989
33001
33031
33041
33103
33117
33123
33139
33153
33167
33179
33190
33206
33227
33251
33294
33302
33305
33311
33313
33333
33333
33347
33353
33384
33422
33430
33455
33465
33486
33490
33521
33526
33546
33553
33556
33556
33559
33567
33573
33589
33607
33612
33631
33633
33633
33634
33646
33649
33655
33659
33663
33677
33677
33689
33690
33690
33692
33709
33761
33762
33765
33767
33769
33781
33781
33787
33811
33818
33829
33832
33850
33866
33867
33869
33878
33905
33914
33922
33949
33954
33980
33990
33990
33991
33992
34020
34045
34049
34052
34062
34063
34064
34073
34088
34097
34100
34101
34107
34119
34130
34136
34167
34168
34178
34181
34187
34189
34190
34203
34205
34215
34218
34228
34232
34235
34238
34240
34266
34266
34268
34273
34283
34286
34286
34314
34319
34319
34331
34333
34366
34367
34370
34377
34386
34387
34403
34406
34407
34422
34424
34444
34444
34476
34501
34504
34509
34512
34515
34522
34523
34523
34527
34533
34536
34538
34549
34549
34552
34563
34563
34566
34571
34579
34600
34605
34607
34610
34615
34623
34629
34629
34652
34656
34658
34666
34700
34700
34702
34710
34712
34713
34715
34716
34718
34721
34724
34748
34751
34755
34759
34760
34761
34765
34776
34776
34788
34790
34798
34808
34814
34814
34818
34826
34832
34834
34846
34855
34874
34877
34890
34901
34907
34912
34930
34936
34950
34954
34958
34970
34984
34992
34996
34997
35001
35004
35017
35019
35026
35028
35043
35055
35063
35065
35076
35087
35094
35097
35117
35125
35130
35135
35158
35160
35162
35171
35184
35191
35193
35195
35211
35215
35217
35227
35237
35248
35249
35251
35252
35258
35261
35261
35266
35279
35302
35302
35308
35310
35315
35316
35319
35320
35321
35328
35329
35330
35338
35341
35343
35353
35362
35363
35366
35370
35371
35377
35378
35393
35399
35404
35404
35411
35414
35437
35444
35444
35448
35458
35463
35466
35471
35472
35483
35483
35503
35505
35506
35518
35519
35524
35534
35541
35545
35546
35547
35550
35557
35558
35564
35567
35568
35575
35580
35581
35584
35598
35607
35619
35621
35628
35634
35636
35636
35644
35649
35659
35661
35664
35667
35670
35684
35695
35697
35701
35704
35705
35705
35707
35716
35716
35717
35719
35723
35730
35735
35743
35746
35751
35751
35753
35753
35761
35767
35770
35773
35777
35782
35786
35787
35790
35802
35818
35821
35830
35831
35834
35838
35841
35842
35845
35845
35847
35847
35856
35864
35868
35877
35878
35881
35883
35888
35889
35890
35891
35894
35899
35906
35917
35926
35926
35927
35929
35930
35943
35950
35953
35957
35957
35964
35966
35968
35969
35971
35976
35981
35985
35992
35996
36003
36006
36006
36010
36013
36036
36038
36045
36051
36052
36054
36055
36060
36062
36068
36073
36078
36078
36084
36085
36088
36095
36095
36098
36103
36133
36140
36140
36142
36144
36145
36145
36152
36154
36157
36163
36164
36166
36177
36178
36181
36186
36201
36205
36214
36223
36233
36236
36242
36246
36255
36258
36263
36269
36270
36272
36273
36292
36312
36316
36318
36321
36328
36330
36334
36335
36347
36348
36356
36364
36365
36370
36381
36386
36388
36397
36404
36407
36410
36418
36425
36427
36437
36445
36446
36447
36449
36452
36467
36469
36472
36478
36481
36482
36485
36495
36497
36505
36508
36513
36513
36516
36516
36518
36528
36532
36533
36535
36543
36552
36557
36566
36593
36598
36625
36626
36626
36634
36640
36644
36668
36673
36684
36698
36699
36699
36708
36714
36720
36721
36721
36730
36731
36734
36737
36740
36742
36743
36750
36767
36768
36774
36779
36780
36780
36783
36783
36789
36798
36821
36824
36830
36838
36842
36843
36854
36862
36868
36870
36872
36880
36883
36906
36907
36907
36908
36910
36911
36913
36916
36941
36943
36944
36944
36945
36956
36963
36972
36972
36974
36982
36984
36986
36990
36990
36990
37016
37016
37038
37039
37040
37050
37070
37080
37086
37089
37090
37100
37114
37123
37151
37155
37169
37190
37197
37202
37209
37211
37215
37216
37216
37221
37223
37228
37238
37252
37261
37277
37279
37289
37289
37289
37293
37301
37302
37314
37316
37323
37335
37337
37338
37352
37364
37371
37373
37378
37380
37393
37393
37394
37400
37417
37430
37433
37435
37436
37442
37443
37452
37457
37463
37464
37468
37475
37476
37484
37495
37501
37512
37514
37519
37526
37533
37537
37548
37556
37577
37579
37590
37595
37596
37600
37614
37615
37620
37622
37622
37627
37643
37648
37654
37655
37683
37698
37717
37728
37737
37742
37763
37788
37789
37793
37797
37805
37819
37822
37824
37843
37850
37853
37869
37875
37886
37893
37901
37903
37924
37928
37931
37937
37945
37946
37947
37948
37958
37960
37961
37962
37972
37978
38002
38008
38012
38015
38029
38042
38095
38102
38112
38118
38148
38148
38156
38159
38161
38162
38166
38167
38181
38184
38193
38198
38205
38211
38213
38220
38229
38229
38236
38248
38252
38258
38270
38282
38282
38315
38316
38349
38359
38360
38377
38391
38409
38413
38425
38435
38444
38452
38476
38476
38493
38499
38507
38508
38539
38542
38557
38587
38611
38613
38618
38622
38622
38625
38637
38686
38690
38708
38709
38715
38732
38733
38751
38759
38766
38774
38782
38801
38802
38814
38815
38816
38840
38845
38847
38862
38865
38869
38880
38883
38892
38892
38898
38903
38926
38946
38949
38954
38981
38993
38997
39002
39038
39048
39083
39086
39095
39105
39116
39129
39135
39139
39139
39144
39149
39160
39164
39174
39207
39211
39252
39280
39306
39352
39356
39364
39379
39380
39404
39419
39420
39423
39427
39456
39457
39458
39458
39467
39470
39488
39500
39510
39550
39558
39563
39576
39601
39620
39653
39664
39685
39718
39724
39729
39744
39769
39771
39783
39788
39795
39803
39812
39813
39848
39855
39891
39892
39937
39940
39947
39972
39984
40011
40023
40032
40041
40048
40128
40159
40169
40197
40206
40239
40242
40259
40328
40340
40341
40364
40377
40379
40389
40401
40445
40455
40461
40465
40483
40501
40563
40573
40610
40620
40673
40715
40747
40772
40832
40858
40890
40972
41033
41042
41046
41299
41312
41325
41342
41424
41532
41960
42036
42076
42085
42130
42318
42343
42385
42428
42606
42731
42902
42959
43002
43155
43547
43596
44302
46394
48050
49589
