22112
22447
22501
22566
22585
22640
22714
22762
22793
22824
22862
22880
22918
22991
23040
23043
23057
23069
23082
23088
23120
23143
23203
23230
23270
23297
23304
23353
23366
23397
23400
23442
23512
23513
23529
23545
23547
23567
23591
23591
23605
23615
23616
23635
23652
23654
23668
23668
23669
23675
23678
23681
23708
23712
23735
23736
23741
23742
23754
23760
23762
23762
23771
23793
23794
23800
23804
23807
23820
23828
23835
23844
23851
23859
23874
23898
23906
23909
23910
23919
23922
23927
23940
23943
23944
23946
23949
23962
23970
23971
23975
23979
23979
23980
23989
23991
23993
23993
23995
23999
24002
24011
24028
24042
24048
24049
24062
24066
24079
24089
24092
24095
24109
24110
24120
24122
24133
24136
24140
24155
24165
24169
24170
24170
24172
24175
24177
24191
24191
24197
24200
24203
24208
24210
24213
24217
24225
24229
24237
24245
24249
24249
24254
24255
24258
24265
24271
24298
24301
24305
24310
24318
24325
24332
24333
24353
24366
24366
24369
24374
24380
24381
24386
24389
24389
24395
24398
24402
24407
24408
24415
24416
24419
24419
24431
24439
24442
24444
24447
24465
24467
24469
24472
24476
24478
24479
24479
24480
24483
24487
24490
24507
24510
24511
24515
24519
24520
24523
24529
24531
24536
24536
24539
24541
24542
24544
24553
24555
24568
24568
24570
24571
24577
24577
24585
24595
24595
24622
24624
24629
24631
24641
24647
24651
24652
24653
24657
24659
24660
24672
24676
24677
24697
24699
24704
24706
24710
24715
24724
24725
24730
24732
24737
24744
24751
24755
24757
24760
24770
24777
24779
24783
24788
24790
24791
24799
24802
24809
24809
24813
24813
24816
24819
24820
24831
24831
24835
24838
24846
24849
24851
24852
24852
24855
24864
24871
24871
24873
24873
24873
24874
24875
24878
24879
24880
24880
24884
24890
24891
24897
24898
24899
24908
24918
24923
24932
24941
24943
24943
24944
24949
24949
24951
24952
24954
24954
24955
24960
24964
24965
24969
24977
24990
24993
25001
25004
25008
25008
25009
25012
25013
25014
25017
25018
25020
25021
25021
25027
25027
25033
25036
25044
25046
25056
25057
25059
25060
25061
25062
25063
25065
25065
25065
25070
25071
25072
25078
25079
25080
25082
25094
25095
25099
25101
25101
25121
25130
25136
25140
25140
25144
25146
25146
25146
25147
25147
25150
25151
25153
25156
25159
25170
25178
25184
25184
25189
25190
25191
25196
25200
25209
25210
25218
25221
25224
25229
25231
25236
25236
25238
25241
25250
25256
25262
25262
25262
25263
25266
25267
25275
25284
25290
25294
25294
25299
25305
25310
25312
25317
25317
25317
25322
25322
25323
25326
25331
25331
25331
25335
25340
25345
25352
25353
25363
25366
25367
25373
25376
25380
25395
25395
25399
25408
25409
25416
25421
25421
25422
25427
25428
25432
25434
25438
25452
25454
25463
25463
25464
25476
25485
25489
25493
25495
25496
25500
25509
25509
25511
25513
25515
25526
25536
25542
25544
25553
25555
25555
25561
25570
25571
25581
25581
25588
25591
25593
25598
25599
25609
25610
25622
25634
25644
25651
25658
25661
25671
25672
25688
25699
25703
25714
25714
25715
25716
25720
25722
25727
25730
25733
25738
25743
25746
25756
25756
25757
25760
25763
25770
25770
25774
25775
25777
25779
25779
25783
25784
25790
25792
25801
25815
25825
25829
25829
25843
25846
25846
25848
25852
25857
25859
25865
25865
25866
25875
25883
25884
25886
25893
25895
25895
25896
25897
25899
25900
25902
25905
25906
25909
25915
25916
25918
25924
25927
25936
25942
25945
25945
25947
25949
25961
25963
25967
25980
25983
25997
26002
26008
26008
26009
26024
26025
26033
26034
26046
26065
26069
26072
26075
26081
26084
26084
26084
26086
26086
26087
26088
26092
26099
26099
26108
26112
26122
26128
26143
26144
26145
26151
26153
26154
26163
26186
26206
26208
26235
26240
26249
26250
26251
26254
26260
26266
26267
26267
26279
26282
26293
26296
26300
26310
26313
26322
26322
26334
26334
26335
26335
26340
26361
26362
26362
26373
26376
26379
26383
26383
26383
26384
26390
26391
26393
26393
26397
26401
26401
26404
26415
26421
26442
26450
26454
26458
26470
26476
26483
26486
26486
26486
26493
26495
26502
26507
26511
26511
26516
26520
26522
26526
26526
26557
26560
26574
26577
26582
26584
26590
26590
26613
26623
26636
26636
26639
26646
26647
26651
26654
26656
26662
26666
26666
26673
26677
26687
26690
26703
26704
26708
26711
26714
26722
26722
26726
26737
26742
26745
26746
26756
26768
26771
26774
26775
26776
26779
26789
26793
26796
26800
26806
26817
26820
26821
26825
26828
26832
26834
26842
26854
26863
26864
26882
26889
26889
26892
26893
26903
26908
26910
26912
26918
26924
26926
26927
26927
26930
26934
26941
26945
26949
26949
26957
26957
26964
26986
26995
27001
27003
27005
27013
27013
27013
27015
27034
27036
27039
27051
27063
27090
27111
27123
27127
27129
27131
27134
27136
27138
27139
27143
27144
27150
27153
27178
27182
27184
27186
27192
27195
27195
27208
27211
27211
27213
27213
27217
27222
27223
27231
27245
27250
27258
27260
27260
27261
27267
27291
27302
27308
27313
27313
27329
27373
27376
27379
27386
27387
27396
27397
27402
27411
27429
27430
27432
27437
27442
27459
27462
27479
27482
27497
27498
27499
27502
27506
27541
27576
27596
27599
27600
27604
27636
27664
27680
27688
27693
27693
27703
27705
27716
27726
27754
27755
27759
27767
27772
27778
27782
27785
27786
27796
27805
27818
27823
27827
27852
27873
27882
27883
27885
27896
27902
27930
27940
27940
27954
27972
27989
28001
28008
28030
28046
28057
28065
28069
28069
28075
28081
28084
28085
28086
28093
28095
28105
28129
28148
28155
28170
28206
28236
28236
28276
28278
28313
28323
28335
28350
28350
28413
28416
28432
28467
28476
28488
28496
28499
28511
28515
28518
28646
28654
28655
28685
28689
28700
28706
28715
28737
28770
28780
28787
28793
28835
28991
29000
29006
29024
29074
29090
29135
29137
29160
29162
29186
29186
29201
29238
29249
29261
29284
29292
29344
29385
29412
29515
29565
29575
29584
29679
29804
29852
29931
29949
29954
30017
30040
30062
30091
30092
30301
30311
30374
30406
30486
30612
30618
30618
30620
30927
30933
31009
31101
31139
31321
31558
32349
32377
32379
32464
32667
32668
32851
33007
33198
33285
33375
33390
33708
33870
34002
34187
34316
34659
34708
