7136
7450
7552
7561
7597
7657
7658
7704
7731
7750
7766
7771
7787
7789
7796
7814
7835
7836
7845
7857
7870
7872
7874
7879
7885
7885
7901
7904
7924
7934
7957
7959
7964
7986
7987
7992
8000
8003
8011
8013
8014
8016
8033
8035
8036
8069
8082
8083
8095
8096
8099
8112
8136
8147
8156
8184
8184
8196
8202
8211
8212
8231
8240
8249
8250
8263
8275
8326
8338
8351
8358
8376
8426
8431
8454
8468
8493
8504
8525
8546
8550
8610
8630
8647
8669
8689
8698
8715
8723
8771
8782
8807
8815
8847
8852
8853
8879
8882
8903
8914
8919
8921
8943
8946
8958
8980
8989
9008
9058
9073
9118
9132
9162
9169
9188
9189
9205
9213
9217
9242
9287
9291
9304
9317
9343
9392
9397
9408
9409
9431
9449
9478
9494
9495
9501
9520
9522
9529
9572
9572
9593
9601
9606
9615
9631
9632
9636
9650
9702
9718
9728
9746
9779
9786
9788
9806
9822
9867
9876
9882
9899
9900
9938
9950
9960
9990
10000
10012
10013
10019
10067
10068
10069
10080
10108
10114
10121
10131
10146
10168
10180
10195
10250
10257
10257
10270
10287
10314
10331
10333
10343
10349
10374
10386
10432
10455
10457
10534
10547
10566
10577
10595
10602
10629
10633
10637
10693
10694
10706
10715
10721
10726
10778
10779
10784
10785
10805
10834
10837
10869
10889
10903
10905
10913
10914
10919
10947
10954
11000
11012
11012
11058
11069
11078
11085
11102
11102
11107
11112
11126
11130
11133
11146
11151
11157
11159
11167
11172
11185
11187
11226
11247
11248
11250
11256
11258
11274
11285
11286
11286
11286
11294
11294
11315
11331
11333
11348
11375
11376
11387
11393
11397
11405
11409
11419
11419
11419
11438
11441
11443
11451
11453
11462
11466
11470
11482
11516
11527
11533
11537
11541
11543
11554
11565
11568
11577
11596
11596
11602
11608
11615
11630
11630
11633
11642
11642
11645
11665
11668
11668
11672
11692
11707
11727
11727
11743
11743
11749
11762
11763
11768
11771
11776
11787
11796
11819
11830
11831
11844
11845
11846
11859
11870
11872
11876
11882
11884
11885
11888
11890
11897
11899
11900
11904
11909
11922
11926
11930
11945
11955
11959
11964
11966
11973
11984
11985
11987
11987
11987
11989
11995
11997
12000
12012
12016
12021
12025
12034
12042
12043
12055
12075
12079
12089
12099
12114
12114
12118
12119
12121
12122
12123
12127
12148
12150
12151
12152
12159
12162
12165
12170
12173
12177
12185
12187
12189
12193
12196
12200
12201
12204
12205
12209
12210
12214
12217
12219
12223
12225
12229
12235
12236
12243
12246
12250
12262
12264
12268
12282
12282
12313
12317
12320
12337
12351
12358
12372
12393
12394
12396
12399
12412
12415
12417
12422
12432
12447
12452
12454
12457
12469
12470
12475
12483
12487
12487
12488
12488
12502
12506
12512
12522
12526
12530
12531
12546
12550
12563
12573
12579
12580
12584
12598
12599
12606
12606
12613
12617
12619
12622
12625
12636
12640
12643
12652
12655
12664
12665
12666
12666
12672
12674
12675
12677
12679
12683
12683
12684
12688
12691
12693
12701
12708
12723
12724
12725
12730
12731
12739
12740
12742
12743
12751
12752
12753
12755
12757
12760
12762
12763
12763
12788
12793
12804
12807
12818
12837
12838
12844
12845
12851
12851
12851
12862
12872
12882
12894
12894
12900
12903
12906
12909
12913
12920
12925
12925
12925
12929
12931
12937
12938
12947
12949
12952
12954
12955
12963
12964
12969
12972
12975
12983
12989
12990
13004
13006
13025
13026
13026
13030
13034
13037
13037
13050
13057
13065
13067
13076
13081
13088
13095
13100
13103
13104
13105
13113
13114
13116
13120
13121
13130
13142
13151
13152
13154
13159
13174
13180
13186
13203
13215
13215
13220
13236
13237
13244
13253
13253
13255
13255
13257
13258
13268
13270
13281
13286
13286
13288
13290
13295
13302
13303
13313
13317
13318
13319
13325
13327
13334
13338
13339
13350
13354
13358
13358
13366
13368
13374
13376
13377
13381
13386
13407
13409
13409
13415
13417
13419
13432
13435
13436
13443
13444
13447
13451
13454
13455
13464
13464
13468
13469
13471
13473
13475
13481
13482
13486
13493
13499
13518
13521
13525
13528
13530
13531
13537
13539
13543
13547
13554
13569
13576
13586
13586
13591
13598
13606
13614
13617
13619
13619
13623
13630
13631
13637
13639
13639
13644
13645
13646
13647
13653
13655
13659
13668
13675
13675
13677
13678
13686
13693
13694
13705
13707
13709
13711
13718
13720
13731
13731
13731
13742
13743
13754
13763
13780
13784
13789
13805
13814
13819
13820
13824
13835
13845
13846
13848
13849
13852
13854
13866
13873
13875
13883
13885
13906
13915
13919
13923
13927
13935
13942
13955
13956
13959
13981
13983
13986
13987
13987
13992
13994
13999
14001
14013
14014
14014
14017
14025
14026
14026
14032
14038
14040
14043
14046
14047
14047
14049
14050
14053
14056
14058
14059
14078
14081
14082
14083
14086
14096
14099
14107
14113
14116
14118
14119
14134
14138
14147
14148
14156
14157
14168
14172
14177
14184
14186
14204
14208
14212
14213
14217
14217
14219
14226
14230
14231
14236
14239
14239
14240
14251
14252
14263
14265
14270
14273
14278
14279
14290
14291
14301
14308
14310
14315
14317
14318
14321
14323
14323
14327
14338
14339
14348
14348
14351
14351
14352
14372
14384
14387
14388
14389
14390
14399
14405
14406
14412
14414
14418
14420
14434
14443
14452
14465
14466
14468
14486
14492
14520
14525
14554
14558
14558
14560
14569
14569
14583
14594
14606
14638
14640
14697
14706
14719
14734
14744
14746
14776
14779
14791
14797
14803
14806
14809
14812
14817
14833
14835
14836
14839
14840
14849
14866
14873
14885
14891
14892
14895
14900
14913
14917
14943
14954
14957
14960
14963
14972
14989
14989
14998
15003
15007
15010
15018
15018
15021
15026
15037
15046
15055
15065
15074
15077
15086
15114
15120
15121
15122
15142
15165
15187
15194
15200
15208
15210
15213
15213
15220
15229
15235
15238
15248
15277
15281
15289
15295
15296
15299
15302
15304
15315
15320
15331
15398
15402
15410
15433
15459
15481
15494
15521
15534
15544
15558
15558
15611
15643
15647
15650
15676
15678
15693
15720
15722
15756
15814
15832
15849
15877
15886
15895
15898
15910
15946
15981
15987
16020
16043
16050
16072
16113
16226
16372
16502
16546
16842
16914
17115
18158
