2155
2171
2186
2248
2259
2270
2274
2292
2297
2298
2303
2310
2320
2321
2326
2328
2332
2333
2342
2343
2345
2348
2350
2352
2352
2360
2360
2365
2365
2373
2375
2376
2379
2379
2383
2391
2391
2392
2393
2395
2396
2399
2404
2408
2412
2414
2426
2426
2432
2433
2443
2449
2451
2452
2462
2462
2466
2469
2470
2470
2471
2472
2474
2475
2475
2479
2482
2487
2488
2489
2492
2493
2494
2496
2498
2500
2508
2511
2514
2514
2519
2521
2524
2544
2555
2560
2562
2564
2566
2574
2576
2577
2577
2589
2590
2591
2596
2615
2619
2621
2622
2638
2641
2643
2649
2653
2653
2665
2676
2681
2690
2706
2721
2724
2726
2742
2750
2751
2752
2762
2767
2768
2769
2776
2781
2784
2784
2800
2807
2810
2814
2825
2826
2831
2832
2833
2837
2838
2848
2851
2855
2859
2865
2870
2885
2889
2907
2908
2908
2911
2912
2920
2927
2928
2932
2940
2940
2941
2942
2944
2954
2955
2956
2957
2959
2961
2962
2963
2971
2973
2980
2983
2983
2984
2990
2996
3000
3006
3006
3011
3012
3014
3015
3024
3026
3033
3041
3051
3052
3057
3059
3069
3071
3081
3082
3086
3088
3093
3093
3096
3096
3097
3110
3110
3116
3129
3135
3135
3137
3144
3144
3157
3164
3166
3167
3167
3168
3172
3176
3186
3186
3187
3195
3200
3202
3203
3207
3210
3211
3223
3224
3228
3236
3242
3245
3246
3246
3248
3248
3248
3250
3251
3252
3264
3267
3269
3271
3272
3276
3277
3280
3283
3284
3290
3291
3292
3292
3294
3302
3303
3305
3306
3307
3311
3318
3322
3323
3327
3327
3329
3337
3337
3339
3341
3343
3347
3349
3349
3358
3364
3368
3371
3372
3373
3379
3379
3383
3388
3388
3390
3390
3391
3398
3402
3406
3406
3410
3421
3426
3434
3436
3439
3442
3447
3447
3449
3450
3457
3457
3459
3459
3461
3463
3467
3468
3473
3475
3476
3478
3480
3481
3483
3488
3492
3494
3494
3504
3505
3506
3506
3510
3512
3515
3517
3523
3523
3524
3529
3530
3533
3533
3543
3548
3548
3550
3552
3553
3553
3565
3566
3569
3572
3576
3576
3577
3580
3581
3583
3585
3587
3588
3593
3598
3608
3608
3610
3611
3615
3616
3619
3629
3632
3639
3640
3644
3645
3650
3650
3658
3663
3665
3669
3675
3676
3680
3680
3685
3685
3687
3689
3693
3693
3697
3701
3702
3703
3709
3709
3711
3712
3713
3716
3716
3717
3718
3723
3725
3731
3735
3736
3738
3741
3743
3744
3744
3745
3746
3751
3759
3766
3774
3775
3776
3776
3777
3780
3781
3787
3792
3792
3792
3808
3810
3813
3816
3822
3827
3829
3830
3833
3834
3837
3840
3847
3847
3848
3849
3851
3853
3854
3855
3860
3861
3862
3863
3864
3868
3869
3871
3871
3872
3874
3875
3876
3877
3881
3884
3884
3887
3888
3893
3897
3898
3898
3899
3899
3903
3906
3909
3910
3914
3922
3925
3927
3929
3933
3934
3935
3936
3937
3938
3938
3938
3939
3944
3944
3946
3948
3950
3953
3959
3963
3963
3963
3964
3964
3965
3967
3973
3976
3979
3979
3979
3981
3982
3986
3987
3988
3989
3990
3992
3993
3996
3999
4002
4006
4010
4013
4015
4018
4019
4022
4023
4024
4024
4026
4037
4041
4042
4043
4045
4045
4045
4048
4049
4050
4051
4052
4055
4056
4057
4057
4062
4063
4063
4066
4071
4078
4084
4085
4085
4088
4093
4094
4095
4097
4100
4100
4105
4107
4107
4108
4111
4115
4116
4116
4117
4119
4120
4120
4123
4124
4126
4126
4130
4133
4135
4137
4141
4142
4146
4147
4148
4151
4152
4154
4157
4159
4160
4160
4162
4163
4164
4171
4173
4173
4175
4176
4176
4178
4184
4187
4187
4188
4189
4189
4192
4194
4199
4202
4202
4202
4204
4211
4211
4212
4212
4216
4217
4218
4220
4224
4227
4229
4230
4230
4232
4238
4241
4242
4243
4243
4244
4245
4246
4247
4249
4250
4253
4254
4257
4259
4259
4259
4260
4262
4263
4263
4264
4264
4266
4268
4268
4269
4273
4274
4275
4276
4278
4281
4282
4284
4285
4286
4287
4288
4289
4293
4295
4297
4297
4298
4298
4299
4302
4303
4307
4308
4309
4310
4314
4321
4321
4324
4324
4329
4334
4334
4334
4335
4335
4337
4337
4340
4341
4341
4343
4343
4345
4345
4346
4346
4348
4348
4350
4352
4354
4357
4362
4362
4365
4367
4369
4370
4375
4376
4377
4378
4380
4381
4381
4382
4382
4382
4384
4385
4385
4393
4398
4398
4399
4399
4402
4407
4408
4408
4409
4410
4410
4411
4414
4414
4416
4418
4419
4423
4428
4428
4431
4433
4437
4437
4437
4439
4440
4442
4444
4447
4448
4448
4449
4449
4450
4451
4457
4457
4458
4461
4463
4465
4466
4466
4470
4471
4475
4476
4478
4482
4483
4484
4486
4488
4488
4489
4490
4491
4492
4493
4495
4496
4496
4497
4499
4500
4501
4502
4508
4509
4509
4509
4514
4514
4515
4516
4517
4522
4522
4524
4525
4525
4526
4526
4527
4533
4534
4537
4537
4538
4539
4539
4540
4542
4543
4546
4547
4556
4558
4558
4559
4560
4561
4561
4562
4566
4567
4570
4571
4572
4573
4575
4576
4579
4584
4586
4587
4588
4591
4592
4592
4593
4594
4595
4599
4600
4604
4605
4607
4610
4611
4612
4618
4623
4630
4630
4630
4631
4631
4633
4634
4634
4636
4638
4639
4642
4643
4645
4647
4651
4652
4654
4656
4658
4662
4667
4667
4669
4671
4672
4678
4682
4684
4692
4694
4696
4700
4700
4702
4708
4708
4709
4716
4720
4721
4733
4738
4743
4746
4748
4751
4755
4757
4757
4758
4759
4761
4762
4763
4764
4767
4771
4773
4774
4779
4780
4789
4790
4791
4800
4802
4802
4807
4808
4809
4810
4812
4815
4817
4821
4823
4834
4834
4835
4835
4836
4837
4840
4844
4853
4855
4858
4866
4894
4894
4895
4902
4903
4906
4912
4928
4935
4938
4940
4943
4948
4949
4954
4954
4959
4966
4973
4994
5010
5058
5078
5084
5088
5101
5141
5164
5194
5206
5268
5755
5952
6129
6373
7284
7716
8020
8287
