165
166
167
167
169
169
170
170
171
171
171
172
172
172
172
173
173
173
174
174
174
174
174
174
174
175
175
175
176
176
176
176
176
176
177
177
177
177
177
177
177
178
178
178
178
178
178
178
178
178
178
178
178
178
179
179
179
179
179
179
179
179
179
179
180
180
180
180
180
180
181
181
181
181
181
181
181
181
181
181
182
182
182
182
182
182
182
182
182
182
182
182
182
183
183
183
183
183
183
183
183
183
183
183
183
183
183
183
183
183
183
183
183
183
184
184
184
184
184
184
184
184
184
184
184
184
184
184
184
184
185
185
185
185
185
185
185
185
185
185
185
185
185
185
185
185
185
186
186
186
186
186
186
186
186
186
186
186
186
186
186
186
186
186
186
186
186
186
186
186
186
186
186
186
186
186
187
187
187
187
187
187
187
187
187
187
187
187
187
187
187
187
187
187
188
188
188
188
188
188
188
188
188
188
188
188
188
188
188
188
189
189
189
189
189
189
189
189
189
189
189
189
189
189
189
189
189
189
189
189
189
189
189
190
190
190
190
190
190
190
190
190
190
190
191
191
191
191
191
191
191
191
191
191
191
191
191
191
191
191
191
191
191
191
191
191
191
191
192
192
192
192
192
192
192
192
192
192
192
192
192
192
192
192
192
192
192
192
192
192
193
193
193
193
193
193
193
193
193
193
194
194
194
194
194
194
194
194
195
195
195
195
195
195
195
195
195
195
195
195
195
195
196
196
196
196
196
196
197
197
197
197
197
197
197
197
197
198
198
198
198
198
198
198
199
200
200
200
200
201
201
202
202
202
202
203
203
203
203
204
205
205
205
205
207
207
207
207
207
208
208
209
209
209
211
211
211
211
211
212
213
213
213
214
215
217
218
220
220
220
220
220
222
222
223
224
224
226
226
226
226
226
227
227
228
228
228
228
228
229
229
230
232
232
234
234
235
235
235
238
238
238
239
239
239
240
240
241
241
241
241
242
246
247
248
249
249
250
251
251
251
252
255
257
257
261
262
262
262
262
264
264
265
265
266
266
267
267
268
269
270
271
272
272
272
273
273
274
274
274
276
276
276
279
279
279
280
280
282
282
283
284
285
285
285
286
287
287
288
289
289
289
290
290
291
291
291
291
293
293
294
295
296
296
296
297
298
298
299
300
300
301
304
304
305
305
306
307
308
308
308
308
310
310
310
310
311
311
311
312
312
313
313
314
315
315
315
316
317
317
319
320
321
322
322
322
322
323
324
325
325
326
326
326
326
327
327
328
329
329
330
330
330
330
331
331
331
331
332
332
332
332
332
332
334
334
334
334
335
335
335
335
336
337
337
337
337
337
337
337
338
338
339
339
339
340
340
340
341
341
341
341
341
341
341
342
342
342
342
343
343
343
343
343
343
343
344
344
344
344
345
345
345
345
345
345
345
345
345
346
346
346
346
346
346
346
346
346
346
346
347
347
347
347
347
347
347
348
348
348
348
348
348
348
348
348
349
349
349
349
349
349
349
349
350
350
350
350
350
350
350
350
351
351
351
351
351
351
352
352
352
352
352
352
352
352
352
352
352
353
353
353
353
353
354
354
354
354
354
354
354
354
354
354
354
354
354
355
355
355
355
355
355
356
356
356
356
356
356
356
356
356
357
357
357
357
357
357
357
358
358
358
358
358
358
358
358
358
358
358
358
359
359
359
359
359
359
359
359
359
359
359
359
359
360
360
360
360
360
360
360
360
360
360
360
361
361
361
361
361
361
361
361
362
362
362
362
362
362
362
362
362
362
362
362
362
362
362
362
363
363
363
363
363
363
363
363
363
364
364
364
364
364
364
364
364
364
364
364
365
365
365
365
365
365
365
365
365
365
366
366
366
366
366
367
367
367
367
367
367
367
367
367
367
367
367
367
367
367
367
367
368
368
368
368
368
368
368
368
368
368
368
369
369
369
369
369
369
369
369
370
370
370
370
370
370
370
370
371
371
371
371
371
372
372
372
372
372
372
373
373
373
373
373
373
373
373
373
374
374
374
374
374
374
374
374
374
374
374
374
375
375
375
375
375
376
376
376
376
376
376
377
377
377
378
378
378
379
379
379
379
379
379
379
379
379
379
380
380
381
381
381
382
382
383
383
385
385
386
386
387
388
388
389
390
391
392
392
392
393
393
396
397
398
400
400
400
406
407
409
410
411
411
413
414
415
415
416
417
421
422
425
426
427
428
429
429
430
431
433
433
433
434
436
436
436
440
442
448
513
515
518
524
535
603
629
760
771
808
1037
