464
467
474
481
481
481
484
488
488
490
490
490
491
492
493
493
493
494
494
497
497
498
499
499
500
500
500
501
501
502
503
503
504
504
504
505
505
505
505
506
506
508
508
508
508
508
508
508
510
510
511
511
511
511
511
512
512
512
512
512
512
512
512
513
513
514
514
515
515
515
515
515
515
515
515
515
516
516
516
516
516
516
516
516
517
517
518
519
519
519
519
519
519
519
519
520
520
520
520
520
520
521
521
522
522
523
523
523
523
523
523
523
523
523
523
523
524
524
524
524
524
524
524
524
525
525
525
525
525
526
526
526
526
526
527
527
527
527
527
527
527
527
527
527
527
527
527
527
527
528
528
528
529
529
531
531
531
531
531
531
531
531
531
531
531
531
531
531
531
531
531
531
532
532
532
532
532
533
533
533
533
534
534
534
535
535
535
535
535
535
535
535
535
535
535
535
535
535
535
536
536
536
536
536
536
536
536
536
537
537
538
538
538
538
538
538
539
539
539
539
539
539
539
539
539
539
539
539
539
540
540
540
540
541
541
541
541
542
542
542
542
542
543
543
543
543
543
543
543
543
543
544
544
544
544
544
544
544
545
545
545
546
546
547
547
547
548
548
548
548
548
549
549
549
549
550
550
550
551
551
552
552
552
552
552
552
552
552
553
553
553
553
553
554
555
555
555
556
556
556
557
557
558
558
558
559
560
561
561
561
561
562
562
562
563
563
563
566
567
567
567
567
568
569
570
570
571
571
571
572
572
572
573
573
573
573
574
574
576
576
576
576
577
577
578
578
579
579
579
580
581
581
581
583
584
585
585
587
588
588
589
590
591
592
593
593
593
594
594
594
595
595
597
598
600
602
603
603
603
604
604
605
609
609
609
610
612
613
614
614
615
615
619
620
621
623
624
625
625
627
627
627
627
628
630
630
631
632
632
633
634
635
636
636
636
639
640
641
642
642
643
644
644
644
645
645
646
646
647
648
650
650
651
651
652
652
653
653
657
657
657
659
660
660
661
661
662
662
663
663
663
664
664
665
665
667
667
667
667
667
668
668
669
670
670
670
672
672
672
673
673
673
675
675
679
679
680
681
682
683
683
683
685
686
688
688
689
689
689
691
691
692
693
694
695
695
696
696
696
697
698
698
698
698
699
699
699
700
701
701
701
701
701
701
702
702
702
703
703
703
703
704
704
704
704
705
705
705
706
706
707
707
707
708
708
709
709
709
709
711
711
712
712
712
713
713
714
715
715
715
715
715
717
717
718
719
719
719
719
719
721
722
723
723
723
724
726
726
726
727
728
728
728
728
728
728
729
729
729
729
730
730
730
731
731
731
731
731
732
733
733
733
733
734
734
734
734
734
735
735
736
736
736
737
737
737
737
738
738
739
739
739
739
739
739
739
739
739
740
740
742
742
742
743
743
743
744
745
745
746
746
746
747
747
747
748
748
748
749
749
750
750
751
751
751
751
751
752
752
753
753
754
754
754
754
754
755
755
755
755
756
756
757
757
757
758
758
758
758
759
760
760
760
760
760
760
761
761
761
761
762
762
762
762
763
763
763
764
764
764
765
765
765
765
765
765
765
765
766
766
766
766
766
767
767
767
767
767
768
768
768
768
768
768
769
769
769
769
770
770
770
770
770
770
770
771
771
771
772
772
772
772
772
773
773
774
775
775
775
775
775
776
776
776
776
777
777
777
777
777
777
777
778
779
779
779
779
780
781
782
782
782
783
783
783
783
784
784
784
784
784
785
785
785
785
786
786
789
789
789
789
790
790
790
790
790
791
793
793
793
793
793
793
794
794
794
794
794
795
795
795
795
795
795
796
797
797
797
798
798
799
799
800
800
800
801
802
802
802
802
804
804
804
804
805
805
805
806
807
807
808
808
810
810
810
811
812
812
812
813
813
813
813
814
815
815
815
816
817
817
817
818
818
818
818
818
818
819
819
820
820
821
821
821
821
822
823
824
826
827
827
829
829
829
829
830
830
830
830
830
832
832
832
833
834
835
835
836
836
837
837
837
838
838
838
838
839
840
840
841
843
843
844
844
845
845
845
846
846
847
848
848
849
849
850
850
853
853
853
853
858
858
860
861
861
862
862
864
865
866
868
869
869
873
874
879
882
882
882
883
886
888
888
890
894
894
896
896
899
907
911
913
913
915
916
922
924
926
930
933
934
935
936
940
941
944
947
947
949
953
954
955
956
956
957
958
967
967
989
991
992
1005
1010
1015
1044
1056
1069
1074
1101
1108
1121
1182
1322
1338
1397
2338
2432
2457
2694
3136
