19261
20829
21661
21775
21942
22017
22035
22084
22116
22132
22189
22221
22273
22282
22345
22359
22367
22369
22376
22412
22465
22478
22499
22518
22554
22568
22599
22606
22613
22621
22650
22677
22693
22702
22703
22708
22721
22745
22754
22770
22771
22788
22796
22799
22823
22829
22830
22850
22852
22854
22860
22875
22876
22878
22880
22909
22920
22922
22938
22945
22952
22958
22971
22996
23001
23006
23007
23019
23023
23024
23029
23042
23046
23048
23049
23051
23069
23070
23073
23079
23082
23084
23087
23087
23102
23104
23110
23116
23120
23127
23130
23130
23139
23152
23162
23167
23173
23199
23199
23199
23202
23203
23203
23205
23206
23209
23213
23223
23251
23258
23270
23279
23287
23298
23298
23298
23303
23304
23307
23308
23309
23312
23313
23318
23321
23322
23323
23328
23328
23332
23334
23338
23343
23345
23349
23353
23354
23355
23358
23361
23366
23369
23370
23371
23390
23394
23398
23405
23414
23418
23423
23424
23432
23437
23441
23443
23456
23457
23460
23461
23472
23474
23489
23491
23493
23494
23500
23513
23513
23516
23516
23517
23523
23525
23533
23538
23538
23542
23544
23547
23551
23551
23566
23572
23573
23580
23582
23590
23595
23596
23598
23606
23614
23623
23634
23635
23635
23640
23643
23654
23665
23666
23669
23679
23682
23684
23703
23704
23707
23709
23710
23719
23721
23723
23729
23730
23730
23734
23735
23738
23740
23746
23746
23747
23753
23757
23757
23765
23775
23782
23782
23788
23788
23790
23792
23794
23809
23811
23816
23818
23823
23829
23830
23846
23847
23854
23867
23876
23878
23891
23896
23901
23905
23912
23916
23919
23920
23935
23947
23949
23949
23951
23951
23956
23957
23964
23968
23970
23970
23975
23977
23996
23996
24003
24005
24006
24008
24008
24010
24025
24028
24040
24043
24055
24056
24061
24063
24064
24065
24071
24071
24078
24078
24085
24086
24093
24095
24101
24102
24111
24116
24117
24117
24125
24131
24141
24142
24143
24143
24147
24155
24157
24159
24169
24170
24173
24179
24180
24182
24184
24193
24196
24202
24205
24206
24220
24220
24238
24240
24252
24252
24254
24255
24256
24267
24275
24277
24278
24294
24294
24298
24299
24306
24308
24312
24321
24322
24325
24328
24334
24334
24334
24336
24337
24339
24339
24342
24343
24350
24354
24358
24365
24367
24369
24369
24382
24392
24402
24410
24414
24414
24417
24423
24428
24437
24438
24440
24442
24446
24450
24452
24457
24458
24459
24488
24489
24491
24495
24500
24509
24521
24530
24531
24534
24539
24545
24551
24571
24583
24585
24586
24614
24617
24632
24638
24640
24646
24663
24665
24678
24681
24683
24695
24703
24704
24716
24719
24731
24732
24734
24736
24740
24741
24745
24747
24763
24763
24764
24771
24774
24776
24779
24781
24782
24782
24788
24790
24790
24796
24802
24811
24825
24825
24841
24853
24853
24855
24860
24860
24864
24873
24877
24886
24894
24897
24898
24901
24904
24905
24907
24907
24912
24915
24919
24924
24926
24929
24931
24940
24954
24954
24958
24960
24970
24970
24970
24973
24973
24978
24984
24987
24990
24993
24996
25004
25007
25021
25025
25034
25034
25044
25048
25049
25064
25067
25074
25076
25077
25082
25083
25086
25093
25099
25100
25114
25123
25126
25127
25127
25133
25145
25152
25158
25163
25169
25179
25186
25196
25197
25199
25199
25210
25218
25226
25236
25237
25243
25245
25250
25257
25260
25263
25267
25278
25278
25286
25290
25295
25297
25299
25308
25317
25319
25324
25329
25331
25335
25348
25351
25354
25354
25362
25368
25371
25377
25384
25392
25392
25393
25393
25398
25403
25412
25421
25437
25439
25450
25456
25456
25458
25462
25471
25476
25477
25481
25483
25492
25500
25504
25507
25510
25511
25512
25512
25514
25516
25519
25520
25529
25530
25531
25537
25539
25542
25542
25542
25544
25548
25558
25559
25566
25568
25568
25570
25574
25575
25576
25578
25582
25582
25596
25603
25609
25614
25615
25617
25621
25630
25633
25634
25635
25642
25648
25653
25656
25660
25660
25663
25670
25672
25675
25678
25679
25679
25681
25686
25688
25688
25690
25691
25691
25693
25699
25701
25705
25706
25711
25718
25721
25732
25734
25734
25746
25754
25763
25766
25768
25774
25775
25780
25781
25787
25796
25797
25799
25800
25809
25815
25816
25817
25819
25835
25841
25844
25845
25852
25853
25866
25868
25868
25874
25876
25881
25885
25889
25890
25890
25891
25893
25893
25897
25915
25917
25917
25925
25929
25931
25932
25935
25939
25940
25945
25948
25952
25953
25953
25958
25958
25962
25963
25964
25968
25971
25975
25988
25991
25993
26005
26005
26006
26006
26007
26007
26013
26017
26019
26023
26035
26044
26055
26060
26060
26068
26077
26081
26081
26084
26089
26091
26097
26100
26101
26109
26110
26111
26111
26115
26116
26121
26121
26122
26127
26129
26132
26135
26145
26148
26167
26170
26176
26177
26180
26182
26185
26190
26194
26198
26200
26202
26203
26203
26204
26210
26221
26222
26223
26224
26224
26229
26231
26235
26239
26249
26255
26261
26261
26262
26267
26272
26274
26277
26282
26302
26303
26306
26323
26327
26330
26338
26341
26349
26349
26354
26359
26360
26362
26363
26364
26365
26372
26373
26373
26376
26382
26384
26397
26399
26409
26414
26424
26436
26446
26452
26461
26462
26465
26465
26466
26467
26478
26482
26484
26491
26493
26503
26506
26532
26533
26538
26552
26552
26557
26557
26558
26571
26577
26579
26580
26587
26590
26590
26593
26593
26597
26599
26611
26614
26615
26619
26619
26636
26659
26663
26673
26676
26681
26685
26686
26710
26714
26717
26732
26745
26757
26761
26768
26786
26790
26794
26795
26813
26828
26832
26840
26843
26857
26872
26888
26897
26897
26905
26911
26921
26927
26941
26957
26960
26969
26987
27001
27018
27023
27026
27042
27054
27073
27077
27083
27092
27095
27142
27176
27187
27219
27226
27240
27241
27280
27285
27290
27315
27321
27323
27337
27350
27362
27369
27383
27403
27411
27438
27447
27499
27500
27520
27543
27594
27639
27654
27658
27662
27665
27665
27671
27689
27719
27781
27785
27805
27821
27849
27866
27904
27907
27919
27927
27933
27996
28021
28039
28145
28155
28201
28249
28277
28390
28395
28488
28530
28559
28564
28633
28651
28658
28733
28752
28808
28837
28887
28973
29045
29062
29066
29106
29126
29175
29261
29412
29493
29521
29783
29794
29824
29956
29983
31614
31736
32510
32887
33995
