1404
1440
1515
1528
1529
1547
1554
1557
1566
1570
1572
1585
1585
1587
1588
1594
1595
1595
1597
1597
1599
1600
1603
1608
1609
1609
1610
1612
1614
1623
1627
1630
1630
1631
1634
1635
1637
1640
1642
1643
1645
1645
1649
1649
1649
1652
1653
1660
1660
1662
1663
1664
1664
1665
1666
1670
1670
1671
1672
1674
1678
1680
1682
1682
1682
1684
1684
1684
1685
1685
1686
1688
1688
1688
1689
1689
1691
1691
1691
1691
1692
1692
1695
1695
1696
1696
1697
1698
1702
1702
1703
1704
1704
1705
1708
1709
1710
1710
1710
1713
1714
1714
1714
1714
1716
1716
1717
1719
1723
1723
1723
1724
1725
1726
1727
1727
1727
1728
1728
1728
1729
1730
1730
1732
1733
1733
1733
1733
1734
1734
1735
1735
1735
1735
1735
1736
1736
1736
1738
1739
1739
1740
1740
1740
1741
1741
1742
1742
1742
1742
1742
1742
1743
1743
1743
1744
1744
1744
1745
1748
1749
1749
1750
1751
1753
1754
1754
1754
1755
1755
1756
1757
1758
1758
1759
1759
1759
1760
1761
1761
1761
1762
1762
1763
1763
1763
1763
1763
1764
1764
1765
1765
1766
1767
1767
1767
1768
1768
1769
1769
1770
1770
1770
1771
1771
1773
1773
1775
1776
1776
1776
1776
1776
1776
1778
1778
1778
1779
1779
1779
1779
1780
1780
1781
1781
1781
1782
1782
1782
1783
1783
1783
1783
1783
1783
1784
1784
1784
1786
1787
1787
1787
1787
1788
1788
1789
1789
1790
1790
1791
1791
1791
1791
1791
1792
1793
1793
1793
1793
1793
1794
1795
1795
1795
1796
1796
1796
1798
1799
1799
1800
1800
1800
1801
1802
1802
1802
1803
1804
1806
1807
1808
1808
1808
1809
1809
1810
1810
1810
1811
1811
1811
1812
1812
1812
1813
1813
1813
1813
1814
1814
1815
1817
1820
1820
1820
1820
1821
1822
1822
1822
1822
1823
1823
1823
1823
1825
1825
1825
1826
1827
1827
1827
1827
1828
1828
1828
1828
1828
1828
1829
1829
1830
1830
1831
1831
1833
1834
1835
1835
1836
1836
1836
1837
1837
1837
1837
1837
1838
1838
1838
1838
1839
1839
1839
1839
1840
1840
1841
1843
1843
1843
1844
1845
1845
1846
1846
1847
1847
1848
1848
1849
1849
1850
1850
1851
1851
1851
1851
1852
1852
1852
1853
1853
1854
1854
1854
1855
1855
1855
1855
1856
1856
1856
1857
1857
1857
1857
1858
1858
1858
1859
1859
1859
1859
1859
1860
1861
1862
1862
1862
1862
1863
1863
1864
1864
1864
1864
1865
1865
1867
1867
1867
1867
1867
1867
1867
1868
1869
1869
1870
1870
1870
1870
1870
1871
1871
1872
1872
1873
1873
1874
1874
1874
1874
1874
1874
1875
1875
1876
1876
1877
1877
1877
1877
1878
1878
1878
1879
1879
1879
1879
1879
1879
1879
1880
1881
1881
1881
1882
1882
1882
1883
1883
1883
1883
1884
1884
1885
1885
1886
1886
1886
1886
1887
1887
1887
1888
1888
1889
1889
1889
1890
1890
1890
1890
1891
1891
1891
1891
1892
1892
1893
1894
1894
1894
1894
1894
1895
1895
1896
1896
1896
1896
1896
1896
1897
1897
1897
1897
1897
1898
1898
1898
1898
1898
1898
1899
1899
1900
1900
1900
1900
1900
1901
1902
1902
1902
1902
1903
1903
1903
1903
1903
1904
1905
1905
1906
1906
1907
1907
1907
1907
1907
1908
1908
1908
1909
1909
1909
1909
1909
1910
1910
1910
1910
1910
1910
1910
1911
1911
1911
1912
1912
1912
1913
1913
1913
1913
1913
1914
1914
1914
1914
1915
1915
1915
1915
1915
1915
1915
1915
1915
1916
1916
1916
1916
1917
1917
1917
1917
1918
1918
1918
1919
1920
1920
1921
1921
1922
1922
1922
1922
1922
1923
1923
1923
1923
1924
1924
1924
1924
1924
1924
1925
1925
1925
1925
1925
1926
1926
1926
1926
1926
1927
1927
1927
1927
1927
1927
1927
1928
1928
1929
1929
1930
1930
1930
1930
1930
1931
1932
1932
1932
1932
1933
1933
1934
1935
1935
1936
1937
1937
1939
1939
1939
1939
1939
1939
1940
1941
1941
1941
1941
1941
1942
1943
1944
1944
1945
1945
1945
1945
1945
1945
1946
1947
1947
1948
1948
1948
1948
1948
1949
1950
1950
1950
1950
1951
1951
1951
1951
1953
1953
1953
1953
1954
1954
1954
1955
1955
1955
1955
1955
1955
1955
1955
1956
1956
1957
1957
1958
1959
1959
1959
1959
1960
1960
1960
1961
1961
1961
1962
1962
1962
1962
1963
1964
1964
1964
1965
1966
1967
1967
1968
1968
1968
1970
1971
1971
1971
1971
1972
1972
1972
1972
1973
1973
1973
1974
1975
1976
1977
1977
1977
1977
1978
1978
1979
1979
1979
1980
1980
1980
1982
1982
1982
1982
1982
1982
1983
1983
1983
1984
1984
1985
1985
1985
1985
1986
1987
1987
1987
1988
1988
1988
1988
1988
1988
1988
1989
1989
1989
1989
1990
1990
1991
1992
1992
1992
1993
1993
1994
1994
1994
1994
1995
1996
1996
1997
1997
1998
1999
2001
2001
2002
2004
2005
2005
2007
2008
2008
2010
2011
2011
2013
2013
2014
2014
2015
2015
2015
2017
2017
2019
2019
2020
2020
2021
2022
2022
2023
2023
2024
2026
2028
2028
2029
2029
2029
2030
2030
2030
2031
2032
2032
2032
2033
2033
2034
2039
2041
2041
2041
2042
2043
2044
2044
2046
2047
2048
2048
2049
2051
2052
2052
2053
2054
2056
2057
2058
2059
2061
2063
2065
2066
2066
2067
2068
2069
2069
2072
2073
2075
2075
2076
2077
2079
2079
2079
2079
2081
2082
2083
2083
2086
2093
2093
2095
2099
2101
2101
2102
2104
2104
2104
2108
2109
2116
2118
2120
2124
2124
2125
2127
2129
2129
2134
2135
2136
2140
2143
2143
2144
2145
2147
2151
2151
2161
2163
2167
2169
2169
2169
2178
2178
2180
2180
2198
2229
2229
2234
2235
2239
2246
2246
2250
2263
2272
2272
2281
2305
2319
2323
2342
2343
2382
2401
2422
2518
2534
2568
2585
2588
2588
2591
2595
2607
2611
2696
2853
2897
3105
3354
3436
4100
4335
4579
6417
7868
