2550
2567
2583
2583
2592
2603
2608
2616
2617
2621
2626
2628
2628
2630
2636
2636
2644
2645
2648
2649
2651
2657
2658
2660
2661
2661
2662
2667
2668
2668
2677
2688
2690
2705
2705
2708
2714
2714
2715
2720
2726
2728
2728
2729
2732
2734
2734
2741
2742
2742
2748
2749
2749
2749
2749
2750
2755
2757
2757
2758
2758
2759
2759
2760
2762
2763
2769
2771
2772
2774
2778
2779
2785
2785
2786
2786
2787
2789
2789
2791
2794
2796
2796
2796
2797
2799
2802
2802
2803
2806
2808
2812
2813
2814
2814
2815
2820
2829
2831
2833
2835
2836
2836
2836
2839
2840
2843
2844
2846
2847
2850
2852
2854
2863
2863
2871
2875
2878
2893
2895
2898
2898
2898
2901
2903
2908
2908
2909
2909
2915
2916
2922
2924
2926
2935
2936
2944
2950
2951
2954
2956
2959
2963
2967
2969
2975
2978
2988
2990
2990
2992
2992
2995
2995
3009
3024
3031
3031
3032
3033
3034
3036
3038
3040
3045
3046
3049
3050
3051
3063
3084
3089
3093
3098
3101
3103
3126
3135
3142
3144
3149
3154
3160
3167
3169
3173
3186
3187
3193
3206
3212
3221
3224
3225
3228
3230
3257
3263
3274
3274
3287
3287
3288
3291
3300
3303
3303
3303
3306
3310
3328
3330
3331
3337
3339
3339
3340
3341
3341
3344
3355
3380
3394
3394
3401
3413
3414
3417
3417
3422
3428
3429
3431
3439
3446
3453
3469
3475
3477
3481
3488
3500
3502
3507
3510
3523
3527
3528
3529
3534
3534
3536
3544
3548
3549
3561
3563
3563
3582
3593
3616
3638
3642
3643
3651
3651
3658
3669
3674
3676
3685
3692
3694
3695
3697
3697
3702
3708
3709
3715
3717
3722
3748
3749
3749
3749
3754
3765
3766
3776
3783
3785
3791
3791
3792
3795
3796
3798
3809
3817
3817
3820
3823
3828
3834
3839
3840
3841
3846
3847
3850
3856
3858
3860
3862
3863
3884
3884
3889
3891
3893
3896
3902
3906
3907
3908
3917
3918
3918
3919
3919
3921
3923
3930
3931
3932
3934
3940
3942
3943
3947
3953
3954
3971
3985
3986
3990
3990
4008
4012
4015
4016
4016
4019
4021
4021
4022
4022
4026
4035
4040
4040
4041
4046
4057
4057
4058
4063
4066
4066
4073
4073
4076
4079
4079
4081
4083
4087
4091
4098
4101
4101
4102
4106
4111
4112
4112
4115
4121
4126
4129
4132
4133
4137
4148
4149
4152
4152
4159
4169
4176
4178
4182
4183
4186
4193
4199
4200
4205
4208
4208
4216
4222
4222
4223
4225
4225
4228
4231
4235
4235
4238
4240
4249
4251
4253
4256
4260
4275
4279
4284
4289
4293
4296
4302
4315
4317
4320
4323
4324
4325
4327
4329
4335
4340
4341
4342
4349
4353
4354
4355
4362
4363
4365
4367
4368
4371
4376
4377
4378
4378
4384
4385
4394
4398
4398
4402
4402
4404
4406
4406
4406
4407
4412
4412
4413
4417
4418
4419
4420
4421
4422
4425
4434
4436
4438
4440
4442
4442
4447
4455
4457
4460
4461
4463
4467
4470
4477
4486
4487
4491
4495
4499
4509
4510
4510
4513
4517
4522
4537
4542
4543
4544
4544
4546
4550
4552
4552
4553
4554
4565
4566
4566
4569
4569
4571
4576
4579
4579
4582
4584
4593
4594
4599
4605
4608
4609
4610
4612
4614
4616
4622
4623
4625
4627
4627
4628
4630
4637
4640
4640
4641
4649
4650
4655
4656
4657
4661
4661
4661
4661
4663
4663
4664
4666
4666
4667
4669
4670
4676
4681
4682
4687
4688
4689
4694
4702
4704
4708
4714
4715
4717
4718
4720
4721
4722
4722
4727
4727
4728
4728
4730
4731
4732
4735
4746
4749
4751
4753
4754
4755
4756
4761
4766
4768
4773
4777
4777
4780
4783
4784
4785
4786
4788
4789
4791
4793
4798
4799
4800
4800
4800
4801
4802
4803
4805
4808
4808
4809
4810
4812
4813
4813
4816
4818
4818
4821
4821
4822
4827
4828
4829
4831
4831
4833
4835
4835
4836
4836
4837
4838
4840
4840
4849
4850
4853
4855
4856
4860
4861
4862
4863
4865
4874
4874
4878
4879
4880
4881
4883
4884
4888
4890
4890
4891
4893
4893
4893
4893
4894
4895
4897
4897
4901
4901
4903
4905
4905
4908
4911
4912
4921
4926
4928
4929
4930
4930
4933
4934
4945
4946
4948
4950
4950
4951
4954
4954
4955
4957
4958
4963
4968
4969
4970
4971
4972
4973
4976
4977
4978
4980
4983
4984
4985
4988
4988
4992
4994
4999
5000
5001
5007
5023
5025
5025
5026
5027
5028
5034
5037
5037
5048
5048
5049
5051
5051
5052
5052
5053
5054
5054
5056
5058
5061
5063
5064
5065
5068
5069
5073
5075
5076
5076
5076
5077
5079
5081
5082
5083
5083
5083
5087
5088
5090
5090
5091
5093
5096
5099
5104
5106
5107
5112
5112
5112
5114
5119
5119
5124
5128
5129
5131
5134
5135
5137
5150
5152
5153
5156
5160
5169
5172
5173
5174
5177
5181
5184
5186
5189
5189
5190
5194
5196
5199
5200
5204
5206
5207
5209
5210
5219
5221
5223
5223
5225
5225
5225
5227
5232
5236
5237
5241
5242
5243
5245
5246
5246
5246
5248
5248
5248
5250
5256
5256
5258
5263
5266
5269
5270
5273
5276
5277
5278
5280
5288
5293
5293
5293
5299
5301
5301
5303
5304
5310
5312
5317
5321
5324
5325
5326
5326
5327
5328
5340
5344
5344
5345
5345
5348
5348
5349
5351
5352
5358
5360
5365
5368
5368
5369
5370
5374
5375
5378
5395
5398
5399
5400
5402
5403
5404
5414
5415
5425
5427
5431
5432
5433
5439
5440
5441
5448
5448
5448
5449
5451
5458
5460
5464
5469
5470
5471
5472
5472
5479
5480
5481
5483
5488
5501
5502
5506
5506
5508
5510
5514
5520
5522
5526
5529
5530
5532
5536
5538
5545
5545
5548
5549
5554
5556
5577
5584
5594
5595
5613
5616
5617
5618
5619
5626
5629
5630
5636
5646
5650
5659
5675
5681
5696
5699
5721
5721
5722
5726
5739
5745
5750
5764
5768
5775
5778
5783
5788
5799
5806
5824
5857
5876
5877
5877
5884
5942
5969
6057
6248
6342
6356
6485
6806
6873
7417
