42390
42411
42458
42559
42561
42612
42713
42891
42951
43117
43198
43244
43290
43320
43334
43347
43355
43395
43401
43429
43440
43451
43459
43512
43537
43584
43603
43639
43669
43677
43683
43713
43721
43770
43793
43794
43830
43837
43862
43863
43878
43897
43899
43916
43928
43942
43945
43950
43982
43992
43994
44026
44048
44058
44088
44088
44108
44117
44118
44127
44146
44160
44171
44176
44197
44202
44211
44237
44275
44277
44293
44306
44309
44313
44324
44345
44353
44363
44370
44383
44384
44386
44389
44399
44408
44412
44416
44419
44435
44436
44445
44457
44462
44463
44468
44470
44472
44475
44476
44483
44498
44519
44527
44528
44545
44561
44564
44567
44570
44571
44580
44582
44595
44597
44598
44607
44612
44612
44620
44622
44624
44635
44636
44637
44638
44652
44653
44654
44663
44664
44679
44691
44692
44703
44708
44710
44720
44721
44732
44732
44742
44743
44745
44745
44751
44752
44752
44755
44756
44760
44766
44772
44773
44776
44777
44779
44785
44789
44791
44796
44814
44814
44818
44819
44819
44820
44833
44835
44836
44837
44839
44842
44847
44849
44852
44852
44865
44867
44872
44880
44885
44888
44889
44889
44893
44895
44898
44901
44905
44908
44909
44911
44917
44926
44926
44928
44943
44949
44951
44951
44952
44955
44957
44958
44961
44967
44975
44976
44977
44977
44979
44984
44984
44986
44991
44994
44996
44996
44996
44998
44998
45000
45003
45005
45007
45015
45017
45019
45025
45025
45029
45034
45035
45037
45046
45047
45050
45063
45067
45072
45086
45093
45101
45102
45109
45114
45117
45121
45123
45125
45134
45134
45138
45141
45142
45148
45151
45153
45156
45158
45172
45172
45173
45176
45176
45181
45184
45191
45192
45210
45213
45213
45217
45218
45222
45222
45231
45232
45232
45233
45240
45241
45241
45243
45243
45246
45246
45260
45260
45261
45262
45262
45263
45263
45267
45267
45270
45272
45272
45273
45278
45278
45278
45280
45283
45284
45288
45288
45290
45292
45299
45300
45300
45313
45318
45321
45330
45334
45338
45344
45346
45351
45352
45354
45356
45361
45363
45364
45365
45371
45379
45380
45384
45388
45394
45396
45399
45399
45401
45402
45407
45407
45420
45424
45427
45430
45435
45436
45436
45438
45443
45444
45449
45452
45453
45453
45454
45457
45457
45458
45458
45459
45464
45465
45470
45472
45480
45484
45489
45497
45509
45511
45513
45515
45515
45520
45521
45522
45523
45524
45524
45528
45529
45531
45535
45538
45541
45542
45543
45546
45548
45557
45560
45561
45561
45562
45568
45569
45570
45574
45575
45575
45575
45576
45585
45588
45589
45590
45594
45597
45602
45605
45611
45616
45623
45627
45631
45632
45640
45643
45646
45648
45650
45656
45659
45660
45671
45677
45678
45683
45684
45685
45685
45692
45695
45699
45701
45704
45705
45705
45711
45718
45724
45724
45726
45726
45740
45741
45747
45752
45753
45755
45755
45755
45758
45759
45759
45760
45760
45762
45763
45763
45765
45768
45773
45778
45779
45788
45789
45791
45794
45798
45798
45799
45802
45811
45817
45825
45828
45829
45830
45830
45835
45849
45851
45852
45853
45853
45855
45856
45857
45859
45860
45862
45863
45864
45865
45867
45868
45874
45878
45880
45881
45883
45884
45891
45893
45894
45898
45900
45901
45922
45930
45934
45937
45938
45943
45949
45962
45963
45967
45970
45973
45981
45984
45984
45985
45987
45988
45989
45992
45997
46001
46001
46003
46006
46014
46015
46017
46019
46021
46022
46023
46025
46025
46033
46035
46035
46037
46038
46040
46042
46042
46047
46048
46051
46052
46053
46059
46063
46067
46068
46069
46071
46072
46072
46073
46073
46085
46085
46085
46090
46090
46093
46093
46096
46097
46100
46101
46106
46108
46109
46115
46117
46131
46132
46137
46139
46140
46143
46144
46146
46154
46155
46157
46161
46162
46169
46176
46177
46179
46184
46193
46197
46199
46203
46207
46209
46213
46215
46215
46225
46227
46229
46231
46234
46235
46242
46243
46245
46255
46256
46258
46260
46261
46262
46263
46269
46275
46280
46288
46294
46295
46299
46302
46302
46309
46312
46315
46317
46324
46325
46326
46328
46328
46329
46337
46342
46342
46344
46346
46359
46360
46360
46369
46374
46374
46378
46379
46379
46382
46385
46386
46386
46395
46404
46406
46410
46416
46421
46421
46433
46435
46436
46440
46442
46442
46446
46449
46451
46454
46460
46462
46463
46467
46469
46469
46472
46474
46485
46488
46488
46489
46497
46497
46505
46516
46520
46523
46523
46531
46536
46544
46552
46552
46556
46560
46564
46570
46573
46573
46575
46579
46580
46583
46583
46585
46586
46587
46588
46592
46593
46596
46598
46598
46598
46606
46608
46612
46625
46630
46637
46648
46651
46653
46654
46663
46663
46664
46665
46665
46670
46679
46690
46695
46697
46714
46732
46738
46750
46754
46763
46771
46777
46790
46802
46804
46811
46820
46834
46837
46841
46843
46854
46870
46873
46876
46877
46879
46885
46898
46900
46902
46904
46913
46914
46920
46921
46952
46956
46967
46979
46979
46986
46988
46998
47010
47011
47020
47024
47047
47050
47062
47063
47075
47087
47100
47106
47114
47123
47132
47135
47156
47185
47191
47205
47207
47214
47224
47230
47236
47247
47257
47293
47298
47307
47314
47325
47338
47342
47342
47357
47364
47370
47376
47384
47389
47399
47402
47406
47409
47413
47426
47434
47441
47444
47449
47468
47469
47486
47498
47498
47501
47508
47524
47526
47538
47546
47551
47553
47555
47556
47566
47572
47581
47588
47591
47610
47633
47639
47658
47659
47678
47683
47707
47715
47720
47725
47732
47736
47759
47788
47796
47797
47809
47814
47828
47848
47859
47875
47881
47892
47894
47907
47924
47956
47956
47961
48018
48022
48022
48029
48039
48040
48126
48127
48164
48192
48200
48256
48303
48312
48327
48338
48366
48373
48375
48376
48401
48402
48424
48432
48438
48444
48480
48504
48524
48525
48540
48569
48569
48571
48597
48609
48649
48783
48807
48817
48820
48827
48858
48873
48878
48879
48902
48906
48925
48929
48952
48995
48996
49032
49044
49055
49056
49063
49064
49069
49117
49188
49202
49316
49386
49389
49417
49501
49504
49507
49556
49600
49785
49821
49854
49870
50019
50027
50048
50081
50112
50134
50177
50184
50209
50321
50505
50699
50769
50780
50831
51162
51464
51498
51501
51536
51553
51599
51720
51727
51906
51973
53075
54063
54324
54440
54813
55412
57582
58795
59917
62760
