16363
16795
16798
16885
16909
16953
16984
17083
17086
17096
17165
17183
17189
17241
17252
17261
17267
17290
17313
17317
17328
17369
17401
17403
17444
17473
17478
17487
17492
17504
17510
17523
17545
17564
17571
17592
17621
17634
17637
17653
17687
17699
17700
17710
17716
17721
17769
17799
17807
17852
17869
17930
17950
17952
18008
18008
18024
18030
18072
18088
18102
18121
18128
18132
18141
18158
18159
18164
18173
18177
18177
18178
18190
18214
18221
18222
18234
18243
18254
18263
18281
18284
18293
18297
18320
18324
18334
18336
18346
18347
18367
18376
18381
18387
18403
18415
18432
18452
18492
18518
18520
18527
18531
18536
18543
18543
18546
18557
18570
18573
18578
18582
18583
18586
18589
18599
18604
18615
18618
18623
18643
18643
18645
18658
18671
18674
18675
18686
18712
18716
18718
18722
18729
18743
18764
18768
18776
18779
18780
18781
18791
18793
18793
18798
18805
18816
18825
18828
18830
18839
18849
18851
18855
18859
18863
18888
18889
18891
18912
18922
18936
18947
18955
18970
18975
18993
19008
19022
19030
19034
19041
19042
19043
19058
19060
19062
19071
19092
19108
19114
19125
19132
19133
19154
19159
19161
19171
19172
19172
19175
19176
19200
19220
19221
19222
19228
19241
19242
19251
19267
19276
19288
19300
19305
19309
19317
19323
19337
19340
19353
19356
19356
19358
19359
19368
19381
19388
19392
19393
19395
19405
19418
19418
19419
19419
19420
19445
19448
19459
19460
19463
19481
19491
19496
19497
19507
19518
19523
19523
19527
19538
19540
19543
19547
19552
19556
19557
19565
19567
19583
19584
19588
19590
19591
19603
19604
19620
19624
19625
19626
19627
19633
19637
19658
19694
19696
19710
19712
19713
19716
19718
19726
19735
19741
19742
19744
19758
19769
19773
19774
19786
19793
19797
19806
19824
19830
19848
19856
19861
19862
19866
19872
19872
19882
19895
19902
19909
19909
19925
19926
19926
19938
19952
19968
19968
19971
19971
19985
19985
19991
19994
19996
20009
20014
20015
20026
20029
20036
20049
20056
20056
20062
20069
20070
20075
20087
20096
20107
20117
20122
20125
20127
20141
20142
20146
20154
20164
20165
20166
20178
20189
20197
20199
20202
20203
20204
20209
20212
20216
20218
20226
20234
20236
20242
20257
20269
20289
20291
20295
20298
20310
20314
20316
20317
20320
20326
20329
20330
20336
20337
20339
20339
20340
20342
20345
20356
20365
20365
20365
20369
20376
20384
20397
20402
20404
20408
20419
20424
20424
20425
20428
20433
20438
20438
20440
20452
20457
20473
20488
20491
20500
20503
20504
20526
20527
20535
20553
20554
20554
20555
20561
20562
20562
20564
20569
20569
20572
20575
20588
20595
20609
20614
20620
20627
20627
20637
20643
20645
20650
20650
20651
20662
20667
20675
20675
20677
20678
20689
20695
20697
20699
20701
20706
20706
20707
20715
20722
20741
20741
20747
20749
20752
20753
20761
20762
20763
20765
20770
20773
20780
20789
20804
20811
20813
20814
20816
20822
20824
20829
20832
20834
20843
20853
20856
20858
20862
20863
20863
20868
20876
20877
20878
20881
20881
20882
20889
20891
20895
20897
20898
20901
20906
20907
20910
20917
20918
20919
20923
20928
20930
20936
20938
20953
20954
20956
20957
20959
20959
20960
20967
20970
20977
20986
20989
20990
20999
21012
21016
21021
21024
21024
21027
21029
21033
21040
21045
21068
21077
21085
21092
21099
21108
21111
21114
21115
21122
21126
21137
21144
21164
21166
21167
21172
21174
21176
21181
21186
21195
21203
21209
21213
21220
21227
21229
21240
21244
21245
21247
21250
21252
21254
21258
21268
21269
21275
21278
21282
21286
21288
21301
21309
21322
21324
21327
21339
21348
21355
21361
21362
21368
21383
21385
21387
21388
21388
21389
21396
21401
21408
21410
21411
21416
21420
21424
21436
21443
21443
21446
21451
21454
21454
21454
21457
21467
21469
21471
21475
21476
21478
21478
21484
21492
21493
21495
21496
21499
21502
21504
21505
21509
21510
21512
21516
21520
21524
21526
21530
21531
21531
21549
21555
21559
21560
21561
21562
21571
21578
21587
21591
21592
21599
21602
21603
21614
21621
21624
21630
21631
21635
21643
21648
21667
21669
21674
21677
21685
21694
21699
21705
21707
21710
21714
21714
21719
21731
21751
21757
21764
21765
21765
21768
21781
21782
21789
21790
21790
21805
21808
21809
21818
21821
21824
21825
21827
21832
21834
21837
21846
21846
21846
21847
21847
21865
21866
21868
21868
21871
21876
21880
21880
21884
21886
21887
21890
21902
21908
21909
21914
21920
21933
21933
21934
21943
21945
21945
21956
21983
21984
21990
22000
22000
22017
22022
22028
22036
22043
22054
22054
22056
22061
22071
22073
22084
22087
22097
22098
22118
22119
22125
22126
22134
22142
22153
22177
22178
22181
22187
22191
22191
22197
22207
22214
22214
22214
22216
22225
22238
22241
22243
22274
22288
22292
22295
22299
22300
22320
22322
22322
22323
22323
22323
22330
22340
22356
22357
22363
22364
22368
22375
22381
22383
22388
22396
22409
22415
22422
22423
22424
22429
22433
22441
22453
22459
22461
22467
22468
22468
22474
22480
22503
22510
22515
22524
22525
22530
22535
22537
22537
22548
22563
22565
22567
22568
22571
22571
22575
22584
22588
22597
22620
22626
22632
22633
22635
22636
22636
22657
22659
22665
22667
22667
22672
22675
22679
22680
22681
22684
22690
22700
22706
22719
22746
22747
22748
22751
22755
22756
22756
22776
22777
22783
22790
22790
22802
22802
22807
22809
22814
22816
22826
22828
22835
22840
22842
22891
22912
22930
22931
22944
22947
22950
22964
22970
22972
22975
22993
22994
22998
23021
23024
23042
23059
23072
23082
23084
23095
23098
23112
23121
23128
23134
23153
23154
23155
23164
23179
23180
23183
23191
23201
23204
23213
23225
23228
23240
23245
23253
23255
23258
23267
23268
23285
23327
23329
23336
23355
23366
23377
23378
23417
23429
23434
23436
23447
23473
23482
23487
23507
23514
23526
23547
23558
23563
23567
23595
23599
23600
23607
23626
23649
23684
23684
23685
23701
23703
23704
23706
23713
23729
23742
23753
23762
23777
23791
23803
23809
23831
23842
23843
23856
23892
23911
23919
23942
23948
23948
23964
24052
24070
24152
24156
24184
24214
24230
24255
24259
24297
24348
24355
24385
24413
24433
24443
24475
24493
24500
24509
24527
24546
24595
24743
24975
25216
25227
25632
25678
25686
25692
28228
28404
