22975
23031
23442
23446
23761
23857
23939
23960
23967
24020
24188
24200
24203
24209
24224
24251
24361
24416
24431
24434
24486
24512
24580
24583
24587
24652
24661
24711
24775
24778
24791
24793
24800
24806
24822
24826
24838
24841
24874
24875
24917
24925
24928
24933
24955
24972
24980
24996
25029
25037
25082
25098
25107
25120
25130
25151
25152
25175
25185
25194
25210
25220
25244
25253
25260
25274
25286
25301
25308
25327
25355
25393
25405
25421
25422
25427
25485
25510
25528
25555
25555
25601
25602
25603
25616
25621
25621
25653
25660
25662
25662
25665
25670
25671
25690
25695
25702
25734
25739
25749
25754
25767
25768
25778
25778
25792
25818
25858
25867
25873
25883
25889
25907
25909
25915
25917
25919
25921
25922
25949
25955
25980
25987
26014
26025
26030
26041
26043
26052
26054
26054
26055
26071
26076
26080
26083
26087
26088
26090
26097
26109
26115
26119
26123
26154
26155
26158
26170
26176
26187
26192
26202
26205
26217
26217
26233
26244
26244
26247
26255
26277
26295
26314
26319
26323
26341
26342
26351
26358
26367
26368
26380
26384
26389
26390
26393
26401
26402
26405
26406
26418
26428
26429
26430
26436
26441
26444
26446
26456
26464
26475
26483
26485
26487
26490
26495
26496
26508
26511
26519
26519
26532
26534
26540
26542
26542
26547
26550
26550
26553
26557
26564
26566
26568
26569
26575
26578
26579
26591
26591
26600
26605
26609
26615
26632
26636
26638
26645
26658
26660
26667
26678
26680
26715
26727
26728
26728
26746
26750
26757
26765
26766
26769
26770
26771
26771
26776
26786
26796
26799
26800
26801
26803
26805
26806
26818
26820
26831
26841
26842
26847
26849
26860
26864
26867
26869
26871
26874
26889
26889
26900
26902
26910
26926
26927
26930
26937
26940
26942
26945
26948
26954
26961
26967
26974
26974
26979
26995
27001
27002
27003
27006
27006
27020
27034
27037
27045
27053
27056
27060
27062
27065
27071
27073
27073
27075
27091
27091
27096
27099
27107
27109
27116
27117
27123
27129
27129
27133
27136
27137
27140
27144
27164
27174
27185
27195
27217
27222
27224
27229
27236
27238
27238
27246
27249
27254
27256
27261
27261
27263
27264
27269
27270
27283
27288
27301
27306
27321
27326
27327
27327
27333
27333
27345
27346
27353
27365
27369
27373
27381
27383
27391
27396
27400
27403
27403
27403
27412
27418
27425
27428
27431
27444
27444
27446
27456
27472
27473
27477
27490
27496
27503
27512
27512
27520
27533
27535
27537
27540
27550
27554
27558
27558
27562
27578
27579
27587
27589
27603
27605
27605
27612
27621
27622
27630
27639
27641
27650
27650
27667
27668
27671
27675
27687
27689
27692
27705
27706
27708
27714
27718
27719
27720
27728
27729
27730
27730
27737
27742
27744
27745
27761
27762
27772
27775
27778
27780
27792
27796
27798
27803
27805
27807
27809
27810
27821
27827
27847
27861
27862
27864
27882
27891
27893
27895
27896
27897
27914
27916
27919
27921
27926
27930
27957
27963
27966
27975
27975
27975
27978
27978
27992
27995
27998
28002
28002
28006
28007
28008
28008
28021
28022
28026
28054
28060
28068
28069
28077
28078
28083
28089
28092
28098
28103
28111
28112
28125
28125
28128
28133
28145
28145
28146
28147
28149
28177
28180
28183
28190
28194
28199
28200
28202
28203
28209
28210
28219
28221
28227
28230
28235
28238
28239
28239
28240
28245
28248
28249
28250
28252
28254
28258
28259
28265
28265
28276
28280
28291
28295
28299
28302
28308
28309
28327
28329
28352
28354
28358
28367
28370
28372
28385
28397
28399
28399
28404
28408
28414
28417
28431
28433
28433
28434
28437
28438
28438
28441
28441
28443
28455
28458
28464
28467
28468
28471
28472
28475
28477
28477
28488
28490
28491
28494
28498
28500
28500
28504
28514
28535
28536
28540
28543
28549
28550
28554
28557
28557
28561
28562
28567
28571
28579
28583
28584
28611
28612
28612
28615
28622
28625
28627
28638
28650
28651
28651
28652
28656
28663
28667
28681
28698
28698
28700
28700
28710
28712
28715
28717
28722
28722
28724
28727
28729
28742
28756
28757
28766
28773
28798
28805
28814
28816
28843
28847
28847
28848
28850
28855
28859
28864
28866
28866
28882
28889
28893
28894
28894
28906
28908
28914
28914
28924
28925
28928
28929
28935
28947
28953
28958
28959
28974
28980
28991
28993
29010
29024
29028
29034
29036
29053
29059
29059
29063
29069
29077
29097
29104
29113
29123
29130
29135
29144
29145
29147
29159
29161
29165
29168
29170
29176
29182
29188
29192
29196
29211
29225
29234
29238
29244
29252
29266
29267
29295
29295
29311
29335
29336
29342
29348
29352
29356
29360
29360
29363
29375
29375
29381
29384
29386
29387
29393
29422
29423
29427
29446
29446
29457
29460
29462
29470
29470
29472
29473
29476
29480
29489
29498
29505
29505
29506
29509
29531
29533
29533
29542
29543
29558
29575
29581
29593
29599
29640
29649
29654
29675
29678
29698
29701
29716
29718
29726
29732
29743
29744
29745
29745
29752
29753
29754
29768
29769
29779
29779
29781
29784
29786
29790
29799
29800
29801
29810
29826
29828
29829
29835
29840
29841
29843
29848
29859
29866
29869
29884
29892
29922
29931
29935
29942
29950
29951
29953
29960
29969
29970
29971
29971
29979
29992
30004
30057
30059
30073
30073
30084
30104
30108
30115
30115
30159
30160
30167
30176
30186
30188
30188
30191
30201
30210
30219
30237
30250
30256
30263
30267
30276
30278
30283
30294
30306
30331
30344
30355
30360
30373
30386
30394
30398
30405
30410
30413
30453
30458
30466
30476
30508
30527
30537
30542
30549
30552
30555
30582
30583
30584
30586
30605
30624
30634
30638
30656
30702
30734
30753
30759
30769
30776
30777
30794
30799
30801
30809
30810
30840
30855
30855
30860
30869
30874
30877
30910
30930
30930
30940
30948
30956
30960
30989
30996
30997
31000
31007
31020
31022
31115
31125
31131
31135
31137
31158
31175
31189
31198
31200
31223
31253
31297
31356
31392
31400
31434
31449
31463
31465
31466
31480
31494
31520
31532
31542
31554
31577
31578
31580
31589
31599
31605
31624
31627
31629
31644
31652
31662
31668
31684
31700
31714
31761
31769
31774
31785
31793
31816
31856
31905
31963
31974
32017
32068
32121
32123
32149
32182
32192
32197
32232
32248
32364
32377
32458
32541
32615
32742
32748
32952
32983
33206
33247
33318
33509
33527
33668
33911
34009
34052
34197
34261
34478
34900
35426
36263
