22190
22907
23508
23607
23695
24094
24153
24216
24575
24838
24849
24913
24943
25032
25143
25160
25191
25253
25309
25334
25403
25412
25443
25460
25461
25485
25495
25509
25512
25519
25552
25566
25572
25597
25602
25611
25614
25617
25628
25629
25629
25633
25638
25652
25652
25660
25668
25678
25699
25704
25712
25722
25725
25729
25733
25742
25744
25792
25792
25794
25797
25804
25837
25842
25845
25852
25881
25898
25913
25913
25921
25937
25939
25942
25942
25956
25956
25958
25965
25966
25975
25977
25989
25998
26005
26009
26013
26016
26021
26036
26037
26038
26041
26045
26050
26050
26070
26076
26079
26083
26096
26106
26122
26124
26129
26130
26130
26133
26138
26155
26156
26160
26164
26166
26185
26186
26188
26192
26194
26202
26220
26226
26238
26239
26241
26254
26262
26263
26271
26272
26274
26276
26281
26283
26286
26293
26300
26301
26303
26312
26313
26315
26317
26318
26321
26321
26349
26352
26357
26358
26364
26366
26368
26373
26374
26380
26383
26388
26395
26405
26405
26405
26412
26415
26416
26425
26425
26431
26441
26443
26450
26453
26453
26454
26459
26471
26471
26476
26478
26479
26487
26493
26494
26503
26504
26508
26510
26514
26515
26515
26521
26522
26525
26528
26536
26548
26554
26562
26565
26574
26576
26580
26586
26601
26602
26602
26602
26606
26613
26617
26619
26620
26622
26623
26625
26628
26640
26641
26650
26652
26655
26688
26690
26691
26695
26696
26702
26702
26703
26704
26704
26706
26713
26714
26715
26731
26731
26741
26744
26749
26758
26767
26769
26770
26770
26774
26775
26775
26776
26779
26785
26785
26785
26786
26787
26793
26794
26796
26802
26805
26811
26813
26814
26818
26821
26825
26827
26831
26838
26843
26856
26862
26874
26874
26875
26877
26881
26881
26883
26883
26887
26896
26897
26898
26908
26919
26923
26927
26936
26945
26945
26947
26952
26963
26966
26968
26970
26971
26975
26995
26995
26998
27000
27012
27013
27016
27016
27019
27019
27020
27024
27030
27032
27041
27047
27049
27051
27054
27055
27057
27061
27066
27075
27076
27083
27084
27088
27090
27094
27098
27105
27110
27114
27117
27129
27136
27141
27141
27143
27144
27145
27149
27157
27157
27160
27169
27178
27180
27180
27181
27183
27186
27192
27195
27199
27200
27202
27213
27214
27222
27222
27225
27227
27228
27231
27242
27254
27257
27261
27262
27267
27274
27274
27279
27286
27287
27289
27289
27291
27295
27297
27299
27305
27309
27314
27326
27334
27339
27343
27345
27345
27348
27349
27350
27352
27357
27358
27360
27362
27367
27375
27383
27389
27397
27398
27401
27409
27414
27414
27415
27415
27419
27422
27423
27430
27436
27438
27441
27443
27448
27452
27452
27460
27464
27465
27471
27480
27496
27502
27505
27510
27513
27514
27517
27523
27529
27542
27542
27547
27553
27555
27557
27558
27558
27568
27577
27578
27578
27582
27589
27590
27592
27593
27595
27596
27600
27604
27620
27621
27623
27627
27632
27648
27649
27653
27654
27669
27678
27681
27682
27690
27700
27704
27705
27708
27713
27714
27718
27719
27723
27730
27743
27743
27744
27748
27754
27756
27767
27778
27779
27781
27782
27783
27784
27791
27791
27792
27794
27795
27800
27801
27803
27804
27806
27810
27810
27811
27813
27824
27824
27825
27844
27845
27853
27857
27859
27865
27867
27874
27877
27879
27883
27888
27891
27896
27899
27902
27903
27904
27905
27906
27906
27909
27911
27915
27916
27924
27925
27926
27926
27936
27938
27938
27938
27958
27967
27969
27971
27976
27976
27981
27986
27991
27992
27993
27997
27999
28005
28011
28011
28019
28024
28026
28028
28042
28044
28045
28050
28055
28055
28055
28057
28057
28060
28063
28072
28072
28076
28076
28084
28085
28090
28090
28092
28092
28101
28116
28129
28130
28130
28134
28135
28136
28141
28154
28155
28157
28162
28165
28173
28175
28191
28195
28207
28211
28212
28213
28214
28215
28215
28215
28217
28217
28219
28223
28227
28234
28235
28236
28238
28241
28249
28251
28255
28261
28263
28277
28280
28285
28292
28296
28300
28303
28312
28320
28322
28325
28328
28329
28332
28333
28335
28336
28337
28346
28347
28347
28355
28359
28361
28363
28368
28373
28376
28379
28384
28385
28389
28389
28395
28396
28397
28397
28400
28408
28409
28412
28418
28418
28421
28438
28440
28441
28441
28443
28445
28446
28448
28454
28459
28460
28463
28470
28483
28484
28495
28498
28500
28502
28505
28507
28510
28515
28519
28520
28523
28524
28524
28525
28535
28540
28542
28547
28550
28556
28557
28558
28562
28574
28580
28580
28581
28582
28591
28598
28605
28609
28611
28618
28619
28620
28622
28623
28623
28627
28628
28633
28634
28636
28637
28638
28644
28646
28647
28654
28658
28660
28664
28670
28672
28673
28674
28680
28684
28686
28687
28689
28692
28697
28698
28698
28702
28705
28706
28706
28707
28708
28715
28723
28724
28724
28728
28729
28739
28744
28745
28748
28754
28757
28759
28765
28768
28770
28776
28777
28789
28794
28795
28798
28799
28799
28804
28806
28817
28821
28824
28834
28840
28841
28843
28853
28854
28867
28868
28870
28876
28881
28883
28887
28893
28894
28911
28912
28913
28917
28917
28921
28927
28928
28929
28944
28953
28955
28963
28963
28964
28968
28981
28991
29001
29004
29005
29005
29006
29015
29019
29021
29024
29038
29039
29045
29050
29054
29074
29075
29080
29081
29082
29101
29108
29128
29139
29142
29148
29151
29165
29169
29172
29181
29181
29183
29204
29222
29246
29255
29262
29266
29266
29294
29304
29320
29323
29329
29337
29343
29346
29368
29376
29392
29394
29418
29419
29421
29425
29426
29431
29468
29480
29481
29491
29507
29513
29523
29523
29535
29546
29580
29589
29591
29592
29606
29613
29638
29649
29650
29654
29665
29677
29682
29740
29756
29758
29760
29764
29767
29782
29789
29794
29819
29830
29837
29847
29854
29914
29937
29979
29986
30007
30040
30062
30072
30084
30104
30125
30140
30157
30170
30220
30264
30264
30291
30374
30412
30426
30454
30455
30460
30466
30470
30501
30553
30567
30596
30653
30659
30694
30707
30711
30750
30764
30779
30794
30843
30844
30857
30878
30901
30935
30966
30966
30993
31022
31040
31173
31207
31212
31218
31252
31292
31376
31441
31447
31456
31553
31568
31578
31658
31684
31716
31802
31823
31831
31846
31885
32014
32109
32194
32288
32385
32477
32520
32527
32573
32633
32974
33010
33349
33392
34680
39591
