81901
82286
82293
82544
82584
82597
82599
82636
82709
82722
82760
82810
82812
82814
82829
82866
82873
82903
82907
82908
82980
82983
83036
83070
83100
83104
83113
83203
83239
83258
83287
83312
83320
83332
83341
83351
83366
83368
83372
83382
83383
83389
83428
83481
83505
83522
83525
83527
83528
83541
83543
83554
83573
83601
83602
83606
83612
83622
83625
83649
83652
83652
83656
83659
83664
83682
83688
83690
83699
83700
83723
83741
83770
83809
83854
83855
83869
83874
83875
83885
83906
83911
83914
83919
83928
83939
83958
83968
83984
84001
84007
84016
84034
84043
84052
84084
84094
84097
84100
84115
84134
84149
84162
84181
84202
84206
84222
84236
84242
84277
84281
84297
84318
84338
84339
84374
84393
84407
84411
84423
84426
84437
84447
84504
84517
84519
84564
84571
84579
84580
84585
84599
84603
84609
84609
84626
84634
84643
84661
84694
84694
84704
84724
84743
84744
84757
84760
84780
84804
84816
84865
84865
84906
84945
84951
84956
84978
84998
85000
85017
85023
85032
85044
85049
85057
85065
85073
85081
85083
85084
85090
85098
85103
85106
85112
85146
85152
85162
85175
85194
85195
85196
85200
85202
85209
85222
85226
85234
85246
85251
85254
85292
85303
85321
85324
85334
85339
85346
85372
85378
85401
85415
85417
85430
85464
85465
85468
85472
85480
85507
85510
85539
85548
85568
85586
85601
85621
85634
85710
85750
85755
85757
85760
85766
85784
85796
85812
85817
85832
85834
85874
85876
85881
85883
85883
85886
85909
85916
85916
85948
85953
85955
85959
85971
85982
86017
86018
86069
86077
86087
86122
86123
86133
86136
86181
86194
86203
86212
86267
86381
86401
86418
86421
86439
86449
86455
86461
86463
86463
86521
86543
86588
86592
86605
86617
86619
86657
86663
86718
86726
86759
86763
86789
86809
86812
86840
86866
86882
86884
86894
86904
86904
86917
86923
86947
86954
87006
87014
87052
87066
87091
87098
87103
87145
87150
87158
87161
87166
87173
87193
87220
87238
87250
87270
87285
87296
87315
87316
87336
87350
87363
87366
87378
87403
87417
87430
87437
87471
87494
87497
87502
87506
87508
87572
87575
87585
87597
87603
87605
87620
87632
87637
87646
87663
87682
87684
87688
87699
87730
87731
87738
87747
87762
87779
87783
87803
87809
87840
87862
87869
87872
87875
87877
87881
87884
87907
87923
87943
87967
87974
87981
87994
87997
88012
88012
88019
88035
88040
88045
88056
88058
88062
88065
88071
88072
88073
88084
88100
88109
88124
88127
88127
88131
88149
88154
88154
88161
88164
88176
88176
88177
88185
88203
88205
88208
88219
88236
88240
88241
88247
88255
88256
88259
88298
88305
88307
88309
88315
88323
88330
88334
88334
88338
88341
88342
88347
88355
88365
88383
88386
88400
88410
88416
88446
88449
88458
88472
88487
88504
88506
88507
88545
88546
88551
88561
88562
88563
88569
88571
88585
88597
88598
88604
88618
88620
88623
88625
88633
88634
88640
88642
88652
88696
88712
88733
88734
88745
88756
88771
88772
88786
88803
88813
88827
88830
88839
88841
88842
88844
88851
88864
88864
88881
88888
88912
88933
88937
88938
88946
88947
88953
88954
88961
88969
88973
88987
88990
88995
89005
89006
89036
89039
89045
89046
89049
89101
89103
89118
89125
89126
89126
89128
89131
89134
89135
89143
89154
89161
89178
89181
89190
89219
89233
89235
89240
89242
89254
89256
89260
89282
89284
89285
89301
89313
89315
89320
89324
89331
89335
89335
89353
89353
89359
89362
89371
89393
89399
89406
89418
89422
89443
89444
89460
89467
89467
89476
89485
89488
89488
89507
89510
89511
89540
89549
89566
89567
89567
89571
89574
89585
89587
89600
89600
89605
89607
89611
89632
89646
89662
89677
89679
89681
89682
89686
89687
89687
89694
89696
89702
89707
89714
89715
89727
89730
89770
89770
89776
89778
89783
89789
89795
89813
89821
89838
89839
89844
89852
89860
89864
89871
89872
89881
89888
89888
89892
89929
89930
89933
89944
89970
89995
90013
90019
90022
90050
90053
90062
90071
90071
90073
90081
90084
90104
90116
90124
90130
90148
90175
90188
90190
90202
90205
90225
90248
90248
90255
90259
90261
90267
90272
90283
90287
90299
90315
90320
90333
90333
90342
90361
90371
90379
90385
90389
90411
90411
90411
90415
90416
90419
90422
90429
90444
90444
90457
90460
90463
90467
90467
90475
90522
90528
90530
90536
90537
90543
90552
90609
90614
90614
90620
90620
90648
90652
90674
90707
90708
90719
90725
90738
90741
90768
90779
90793
90798
90811
90819
90829
90844
90849
90852
90871
90871
90873
90873
90878
90900
90918
90919
90926
90956
90961
90962
90981
90984
91015
91031
91031
91040
91043
91079
91126
91127
91149
91150
91154
91157
91159
91172
91185
91185
91211
91214
91219
91231
91250
91255
91260
91268
91269
91276
91291
91298
91306
91326
91354
91363
91373
91380
91393
91402
91412
91412
91424
91426
91435
91457
91464
91480
91497
91506
91589
91589
91594
91599
91637
91699
91726
91746
91765
91782
91817
91830
91845
91876
91933
91973
92012
92060
92117
92118
92139
92152
92167
92210
92215
92229
92232
92236
92257
92259
92261
92276
92328
92341
92356
92387
92405
92417
92471
92478
92497
92502
92509
92519
92528
92554
92593
92599
92604
92605
92622
92637
92638
92645
92700
92753
92777
92791
92830
92849
92852
92904
92990
93049
93072
93076
93099
93149
93193
93202
93232
93235
93251
93293
93295
93388
93446
93448
93458
93478
93482
93501
93513
93566
93611
93626
93658
93694
93745
93796
93808
93825
93853
93862
93865
93893
93897
93922
93930
93936
93942
93959
94008
94049
94094
94099
94104
94186
94231
94334
94365
94375
94385
94390
94440
94467
94467
94473
94474
94480
94497
94571
94620
94630
94649
94675
94685
94703
94721
94725
94736
94750
94757
94767
94778
94868
94892
94911
94944
94965
94987
94999
95082
95103
95107
95188
95224
95246
95303
95348
95371
95375
95383
95405
95498
95561
95686
95709
95716
95749
95809
95860
95873
95962
96003
96024
96102
96117
96174
96175
96264
96308
96327
96401
96516
96554
96612
96685
96699
96710
96719
96733
96741
96752
96812
97048
97135
97266
97270
97400
97469
97554
97560
97598
97629
97788
97853
98577
98639
98738
98915
99018
99045
99054
99239
99452
99498
99510
99593
99876
99948
101413
101439
101688
106537
106679
107157
107439
108666
108715
108755
108760
109034
109413
110269
110343
110897
112267
115128
120968
