13401
13575
13679
13878
13878
13950
14076
14193
14202
14264
14294
14323
14365
14385
14414
14476
14500
14509
14511
14628
14666
14702
14723
14781
14824
14830
14853
14887
14894
14958
14973
14976
14988
14991
15050
15061
15110
15126
15185
15194
15236
15243
15260
15283
15316
15329
15330
15334
15341
15411
15418
15422
15422
15438
15465
15532
15622
15627
15629
15636
15664
15665
15673
15686
15724
15743
15757
15764
15765
15765
15831
15905
15937
15957
15993
15997
16066
16089
16115
16125
16146
16154
16160
16170
16173
16204
16222
16228
16239
16251
16261
16271
16282
16294
16328
16344
16351
16358
16358
16366
16398
16403
16404
16422
16427
16437
16442
16447
16453
16462
16476
16489
16497
16508
16512
16516
16518
16526
16530
16547
16551
16579
16596
16610
16620
16629
16633
16642
16656
16686
16727
16740
16741
16745
16775
16777
16784
16787
16798
16809
16811
16836
16838
16850
16873
16876
16917
16922
16933
16937
16959
16986
16999
16999
17011
17043
17104
17109
17112
17126
17134
17157
17236
17241
17249
17262
17276
17292
17315
17322
17342
17346
17377
17401
17406
17410
17448
17464
17468
17473
17479
17499
17505
17508
17527
17567
17570
17575
17594
17618
17621
17633
17635
17650
17656
17659
17686
17695
17704
17707
17726
17728
17729
17736
17741
17744
17750
17781
17782
17784
17790
17792
17803
17810
17813
17822
17835
17836
17842
17845
17847
17848
17855
17856
17863
17865
17868
17869
17876
17877
17882
17882
17884
17884
17887
17903
17907
17911
17915
17949
17952
17960
17966
17968
17977
17978
17985
17993
17993
18007
18018
18018
18021
18031
18063
18067
18068
18072
18074
18078
18095
18095
18114
18130
18136
18145
18148
18150
18159
18164
18166
18168
18173
18177
18187
18191
18192
18192
18204
18219
18219
18221
18229
18231
18232
18237
18244
18248
18251
18266
18267
18271
18280
18288
18289
18297
18307
18308
18316
18321
18329
18338
18338
18347
18348
18350
18351
18353
18354
18354
18386
18388
18399
18402
18402
18418
18422
18428
18439
18441
18443
18453
18460
18469
18477
18479
18487
18491
18520
18521
18531
18532
18532
18532
18540
18556
18560
18572
18574
18598
18604
18610
18611
18616
18631
18638
18639
18642
18645
18645
18647
18649
18650
18661
18674
18704
18707
18709
18709
18720
18727
18727
18744
18745
18747
18750
18753
18754
18755
18763
18767
18768
18772
18772
18786
18789
18794
18795
18802
18805
18819
18827
18828
18852
18852
18853
18856
18860
18860
18860
18865
18865
18873
18886
18890
18890
18891
18902
18904
18905
18907
18910
18915
18916
18923
18926
18929
18932
18941
18942
18947
18948
18957
18961
18981
18987
18988
18988
18995
18996
19009
19014
19022
19029
19031
19033
19041
19043
19047
19051
19052
19062
19064
19064
19064
19068
19070
19071
19077
19080
19081
19084
19087
19092
19113
19116
19117
19121
19123
19136
19146
19147
19160
19162
19174
19175
19176
19177
19179
19185
19187
19187
19191
19197
19198
19201
19203
19204
19205
19210
19212
19213
19216
19219
19223
19227
19231
19234
19236
19238
19240
19243
19252
19270
19279
19280
19283
19285
19289
19292
19301
19318
19319
19319
19319
19321
19327
19327
19330
19336
19342
19356
19358
19363
19368
19369
19383
19384
19386
19389
19390
19391
19397
19399
19405
19408
19417
19417
19425
19425
19427
19427
19437
19439
19451
19452
19454
19471
19473
19474
19475
19477
19478
19482
19486
19487
19491
19492
19493
19497
19503
19504
19512
19517
19521
19526
19528
19537
19540
19546
19551
19573
19579
19581
19584
19594
19608
19611
19615
19617
19619
19619
19625
19628
19630
19640
19640
19641
19641
19641
19645
19648
19651
19652
19663
19663
19669
19671
19672
19676
19679
19679
19692
19696
19700
19700
19701
19702
19713
19715
19715
19723
19749
19751
19752
19757
19760
19761
19763
19763
19765
19766
19774
19775
19775
19776
19786
19788
19789
19796
19797
19810
19812
19813
19813
19817
19822
19829
19831
19833
19841
19841
19849
19850
19854
19857
19860
19860
19865
19874
19875
19881
19884
19915
19923
19931
19931
19938
19940
19943
19944
19944
19954
19957
19964
19968
19969
19978
19978
19980
19985
19985
19993
19996
19997
20003
20004
20019
20033
20036
20040
20041
20051
20056
20056
20058
20063
20069
20070
20081
20083
20086
20088
20090
20095
20095
20096
20109
20111
20112
20116
20117
20117
20132
20137
20147
20152
20161
20161
20161
20165
20166
20171
20174
20183
20191
20196
20204
20212
20212
20216
20219
20220
20220
20221
20238
20240
20251
20256
20258
20262
20265
20266
20273
20278
20291
20296
20296
20324
20327
20330
20333
20337
20337
20346
20348
20349
20353
20361
20361
20364
20367
20371
20376
20377
20378
20378
20380
20383
20384
20388
20391
20392
20392
20395
20418
20419
20419
20422
20423
20428
20436
20439
20440
20441
20443
20456
20467
20472
20481
20485
20494
20495
20495
20495
20495
20496
20499
20512
20516
20516
20533
20541
20544
20546
20547
20560
20562
20562
20564
20569
20573
20576
20579
20590
20593
20601
20604
20606
20607
20619
20624
20627
20630
20638
20642
20647
20649
20650
20662
20664
20674
20677
20677
20681
20686
20699
20710
20731
20733
20734
20743
20755
20756
20758
20784
20794
20799
20801
20801
20803
20804
20807
20809
20817
20820
20833
20834
20834
20836
20841
20849
20859
20863
20863
20871
20878
20880
20897
20907
20918
20926
20927
20927
20932
20938
20942
20947
20950
20953
20965
20985
20993
20995
20996
20998
21011
21011
21023
21027
21031
21032
21034
21036
21055
21056
21061
21087
21103
21104
21114
21116
21124
21135
21160
21165
21167
21178
21203
21206
21219
21219
21221
21223
21235
21235
21249
21254
21258
21265
21268
21269
21270
21276
21277
21278
21280
21283
21290
21291
21296
21297
21300
21308
21326
21328
21330
21333
21341
21346
21348
21353
21356
21358
21359
21363
21363
21384
21394
21394
21415
21416
21418
21419
21442
21446
21449
21451
21455
21457
21457
21473
21480
21485
21495
21501
21508
21509
21532
21533
21540
21574
21577
21578
21585
21597
21613
21641
21676
21679
21694
21695
21723
21738
21741
21752
21769
21793
21800
21800
21804
21807
21814
21839
21876
21898
21919
21920
21929
21932
21950
21956
21971
22024
22029
22134
22146
22168
22180
22200
22215
22221
22238
22239
22261
22282
22292
22324
22356
22397
22406
22578
22587
22616
22642
22660
22988
23281
24164
27191
