3893
3967
4010
4119
4124
4137
4149
4149
4157
4163
4181
4184
4235
4282
4283
4287
4313
4327
4355
4361
4366
4366
4404
4409
4411
4420
4420
4432
4449
4466
4468
4477
4494
4510
4520
4523
4533
4534
4535
4546
4549
4553
4558
4564
4572
4605
4609
4610
4613
4634
4637
4640
4650
4654
4663
4681
4690
4693
4701
4706
4712
4724
4729
4733
4739
4754
4757
4764
4767
4774
4785
4791
4792
4809
4815
4819
4827
4837
4845
4856
4857
4867
4867
4869
4874
4875
4882
4887
4887
4889
4905
4906
4907
4926
4932
4946
4952
4961
4967
4975
4978
4980
4981
4987
4990
4991
4997
5001
5029
5037
5045
5050
5052
5057
5058
5064
5073
5077
5083
5087
5094
5096
5102
5123
5125
5133
5134
5152
5158
5159
5160
5164
5165
5179
5184
5190
5192
5202
5204
5212
5220
5226
5227
5231
5231
5235
5238
5240
5251
5251
5257
5258
5270
5273
5276
5277
5281
5283
5285
5301
5301
5310
5314
5323
5325
5326
5334
5335
5336
5353
5362
5375
5376
5394
5409
5412
5429
5429
5432
5433
5437
5437
5449
5452
5477
5477
5486
5490
5497
5504
5517
5519
5520
5521
5525
5532
5536
5538
5539
5542
5543
5560
5561
5573
5575
5582
5583
5610
5631
5642
5648
5648
5655
5659
5664
5674
5695
5702
5704
5722
5726
5729
5730
5732
5738
5738
5739
5746
5750
5757
5767
5769
5778
5783
5783
5786
5793
5794
5796
5799
5804
5805
5806
5809
5814
5815
5820
5836
5841
5847
5854
5855
5856
5864
5865
5865
5867
5867
5868
5876
5876
5880
5888
5895
5896
5905
5909
5913
5923
5931
5941
5959
5960
5965
5971
5971
5972
5983
5989
5994
6000
6007
6013
6014
6016
6018
6020
6021
6024
6048
6056
6067
6067
6085
6094
6098
6098
6098
6108
6110
6110
6113
6114
6116
6129
6131
6132
6141
6143
6144
6147
6147
6170
6171
6177
6177
6187
6187
6196
6202
6204
6211
6211
6221
6222
6222
6225
6231
6238
6246
6250
6255
6270
6272
6275
6279
6283
6288
6290
6291
6303
6305
6311
6319
6335
6342
6343
6347
6347
6349
6357
6377
6380
6383
6389
6392
6393
6396
6397
6398
6409
6418
6419
6424
6428
6439
6442
6448
6459
6462
6462
6466
6466
6467
6471
6471
6479
6482
6482
6488
6491
6494
6496
6511
6512
6512
6513
6514
6515
6515
6521
6524
6526
6535
6536
6543
6543
6549
6553
6559
6560
6564
6602
6606
6610
6612
6613
6614
6616
6620
6623
6629
6633
6633
6646
6655
6656
6665
6672
6675
6694
6696
6700
6708
6710
6710
6713
6717
6717
6732
6732
6738
6745
6751
6757
6770
6773
6774
6777
6789
6789
6805
6811
6818
6822
6828
6829
6833
6837
6838
6841
6843
6853
6854
6857
6858
6879
6883
6884
6886
6893
6894
6897
6899
6899
6901
6912
6913
6919
6925
6925
6925
6933
6934
6936
6942
6950
6951
6957
6967
6969
6970
6973
6989
6993
6998
7003
7011
7011
7013
7016
7021
7024
7027
7028
7031
7049
7055
7057
7063
7063
7080
7082
7085
7090
7090
7095
7098
7099
7103
7107
7125
7127
7133
7138
7138
7141
7142
7145
7153
7154
7155
7156
7159
7161
7163
7165
7167
7173
7173
7190
7206
7206
7211
7216
7216
7217
7219
7219
7221
7224
7224
7225
7227
7227
7228
7231
7234
7236
7240
7242
7254
7258
7262
7265
7266
7270
7295
7295
7300
7301
7301
7302
7305
7306
7309
7311
7313
7319
7324
7326
7331
7332
7335
7340
7346
7348
7352
7353
7356
7358
7362
7366
7367
7367
7370
7373
7380
7384
7385
7386
7390
7391
7392
7395
7412
7418
7419
7419
7421
7422
7424
7427
7431
7433
7435
7438
7438
7439
7445
7450
7459
7460
7461
7467
7467
7468
7470
7470
7474
7475
7478
7482
7485
7485
7486
7488
7490
7491
7491
7494
7496
7496
7496
7498
7499
7503
7504
7504
7506
7506
7509
7514
7524
7524
7524
7529
7530
7531
7531
7535
7541
7543
7544
7544
7547
7547
7549
7554
7558
7559
7562
7575
7576
7580
7584
7587
7595
7601
7602
7605
7610
7613
7614
7615
7618
7619
7633
7636
7636
7643
7652
7653
7665
7666
7666
7666
7667
7667
7668
7668
7668
7670
7675
7678
7682
7686
7692
7695
7696
7698
7701
7709
7713
7713
7715
7716
7716
7718
7722
7731
7731
7732
7737
7738
7742
7745
7752
7756
7757
7758
7759
7762
7764
7766
7770
7773
7777
7783
7783
7783
7785
7789
7790
7791
7792
7792
7795
7796
7801
7801
7802
7811
7820
7821
7821
7824
7832
7834
7836
7844
7846
7847
7857
7860
7866
7867
7869
7871
7876
7882
7885
7888
7894
7895
7901
7902
7905
7907
7909
7911
7912
7915
7916
7920
7924
7926
7926
7928
7928
7930
7931
7937
7939
7941
7944
7947
7952
7952
7953
7957
7959
7960
7964
7966
7976
7978
7983
7992
7992
8001
8011
8014
8015
8018
8026
8027
8028
8032
8034
8039
8040
8050
8053
8056
8056
8059
8060
8065
8067
8071
8074
8075
8079
8082
8083
8090
8091
8098
8101
8102
8114
8118
8121
8124
8126
8127
8128
8128
8132
8140
8144
8145
8147
8148
8152
8154
8170
8171
8175
8183
8187
8189
8196
8196
8198
8199
8201
8207
8208
8209
8209
8214
8216
8217
8225
8228
8233
8238
8247
8263
8271
8278
8280
8281
8281
8295
8298
8300
8302
8309
8311
8316
8317
8318
8319
8321
8322
8335
8340
8344
8346
8346
8352
8360
8363
8365
8370
8371
8377
8382
8390
8392
8393
8402
8403
8420
8422
8429
8436
8448
8448
8450
8456
8467
8468
8471
8478
8484
8484
8484
8510
8510
8513
8521
8523
8527
8529
8546
8547
8556
8560
8561
8562
8563
8568
8581
8589
8597
8599
8599
8615
8617
8619
8622
8632
8645
8651
8654
8665
8666
8668
8670
8691
8694
8695
8712
8732
8749
8750
8756
8766
8772
8781
8784
8794
8802
8825
8833
8833
8840
8845
8862
8869
8895
8943
8947
8977
9026
9078
9093
9193
9195
9202
9213
9234
9240
9489
9492
9634
9908
9942
10000
10014
10820
10991
11079
11207
11344
11632
