117964
118003
118021
118035
118075
118078
118088
118116
118122
118123
118131
118134
118143
118157
118157
118159
118169
118170
118173
118178
118194
118197
118201
118206
118211
118224
118232
118252
118254
118258
118260
118260
118279
118281
118301
118302
118320
118320
118323
118325
118327
118329
118334
118338
118339
118362
118371
118373
118375
118376
118388
118390
118398
118400
118404
118410
118410
118416
118416
118427
118427
118429
118429
118434
118437
118438
118438
118439
118444
118446
118447
118447
118448
118448
118450
118456
118464
118465
118467
118474
118474
118476
118476
118476
118479
118480
118487
118488
118489
118490
118491
118492
118493
118494
118497
118497
118502
118505
118506
118507
118509
118510
118510
118511
118512
118515
118515
118516
118520
118522
118524
118524
118527
118527
118534
118537
118540
118540
118548
118548
118564
118564
118565
118567
118567
118568
118570
118570
118573
118577
118578
118580
118586
118588
118589
118591
118593
118598
118599
118602
118603
118604
118608
118614
118614
118614
118618
118619
118620
118621
118621
118625
118625
118627
118631
118634
118635
118638
118638
118641
118643
118651
118651
118651
118654
118654
118655
118655
118656
118657
118657
118661
118663
118664
118669
118671
118672
118674
118676
118676
118684
118688
118689
118691
118692
118695
118697
118699
118699
118699
118702
118704
118705
118705
118707
118707
118712
118714
118715
118718
118720
118723
118724
118729
118730
118730
118732
118733
118737
118738
118739
118741
118745
118746
118747
118748
118754
118755
118759
118759
118760
118763
118765
118766
118766
118767
118767
118768
118770
118772
118774
118774
118777
118778
118782
118783
118784
118785
118785
118789
118790
118793
118793
118796
118802
118803
118806
118806
118808
118808
118816
118817
118819
118819
118820
118822
118835
118835
118838
118841
118841
118842
118843
118846
118850
118853
118854
118855
118856
118858
118862
118862
118864
118865
118865
118867
118868
118868
118869
118869
118871
118871
118872
118872
118873
118877
118878
118878
118880
118881
118885
118888
118893
118895
118896
118897
118902
118903
118904
118905
118906
118909
118909
118911
118912
118915
118915
118917
118917
118917
118918
118918
118920
118921
118923
118924
118925
118926
118927
118928
118928
118929
118930
118935
118935
118939
118940
118944
118944
118945
118947
118948
118949
118954
118954
118954
118956
118957
118958
118962
118963
118965
118967
118967
118968
118968
118970
118973
118973
118975
118975
118976
118979
118981
118988
118988
118990
118992
118995
118997
118998
119001
119004
119005
119006
119007
119008
119011
119012
119013
119015
119017
119018
119018
119019
119020
119021
119022
119023
119027
119029
119029
119034
119034
119034
119036
119036
119040
119044
119047
119054
119055
119055
119056
119057
119059
119059
119061
119062
119066
119073
119074
119075
119075
119078
119079
119087
119089
119090
119093
119100
119101
119103
119103
119106
119106
119108
119112
119114
119114
119114
119116
119116
119116
119117
119121
119122
119125
119129
119135
119138
119140
119141
119142
119143
119143
119145
119147
119147
119148
119149
119150
119151
119152
119154
119156
119157
119158
119158
119161
119162
119164
119164
119166
119166
119167
119174
119174
119176
119177
119178
119178
119183
119185
119187
119190
119190
119191
119192
119195
119198
119199
119203
119203
119204
119204
119204
119207
119214
119215
119217
119219
119219
119223
119226
119226
119228
119228
119232
119234
119235
119236
119237
119238
119238
119240
119242
119244
119245
119245
119249
119251
119253
119254
119254
119255
119260
119260
119263
119264
119266
119268
119268
119270
119270
119270
119271
119271
119273
119276
119278
119279
119283
119284
119287
119288
119293
119294
119299
119300
119307
119309
119311
119313
119315
119316
119317
119323
119323
119323
119324
119331
119331
119333
119344
119349
119350
119351
119351
119352
119353
119353
119353
119356
119357
119358
119358
119364
119365
119367
119367
119368
119368
119374
119378
119379
119386
119387
119388
119393
119394
119397
119400
119402
119406
119410
119411
119411
119411
119411
119412
119417
119418
119420
119424
119425
119428
119438
119438
119443
119450
119450
119453
119457
119461
119461
119461
119463
119466
119467
119470
119473
119475
119476
119479
119479
119482
119490
119492
119492
119496
119501
119505
119518
119519
119522
119526
119526
119533
119536
119538
119548
119563
119571
119573
119577
119586
119588
119591
119593
119595
119596
119599
119604
119609
119609
119610
119611
119618
119625
119635
119638
119641
119644
119655
119660
119667
119669
119676
119678
119682
119689
119690
119711
119714
119714
119716
119720
119728
119730
119739
119743
119745
119749
119755
119756
119758
119762
119763
119763
119779
119784
119789
119793
119795
119799
119805
119806
119811
119813
119821
119822
119826
119831
119844
119845
119851
119856
119859
119863
119877
119878
119879
119886
119889
119905
119915
119917
119922
119930
119935
119935
119944
119964
119970
119972
119975
119981
119992
120001
120019
120024
120036
120047
120051
120056
120059
120060
120069
120071
120082
120118
120165
120185
120192
120220
120240
120245
120249
120279
120289
120290
120308
120331
120341
120364
120374
120384
120386
120389
120392
120403
120432
120452
120481
120504
120527
120536
120551
120553
120571
120584
120599
120602
120605
120621
120666
120667
120670
120682
120695
120697
120714
120721
120743
120768
120814
120820
120858
120865
120939
120984
121005
121052
121053
121054
121081
121092
121169
121190
121250
121273
121310
121322
121326
121336
121377
121499
121702
121854
121893
121912
121968
121977
122014
122058
122064
122256
122382
122388
122500
123692
123717
124077
124948
125992
126188
126203
126257
126327
126389
126401
126455
126465
126476
126536
126591
126594
126630
126694
126790
126984
127013
127055
127116
127131
127152
127160
127179
127183
127244
127262
127275
127312
127330
127365
127373
127432
127435
127459
127465
127473
127584
127587
127604
127637
127667
127689
127698
127705
127713
127720
127768
127769
127771
127825
127880
127888
127891
127926
127930
127983
127999
128009
128052
128055
128106
128111
128141
128162
128229
128335
128375
128406
128816
128977
128990
129030
129255
129505
129993
130410
131207
132098
132496
132819
134226
142323
146197
149316
149633
150312
150461
150660
150794
150826
150874
150886
151148
151227
151239
151402
151584
151624
151781
152231
152349
152369
152438
152539
152687
152792
152828
152881
152921
153002
153063
153069
153143
153148
153230
153270
153370
153378
153502
153645
153647
153697
153766
153770
153866
153906
153980
154025
154098
154102
154145
154262
154326
154486
154526
154579
154671
154677
154752
154834
154891
154953
154954
154997
155015
155355
155363
155385
155391
155422
155442
155472
155514
155522
155570
155631
155744
155754
155800
155809
155843
155905
155906
156012
156129
156157
156164
156181
156270
156336
156539
156670
156715
156975
157190
157214
157325
157695
157721
158602
158984
160544
163740
167520
172232
173858
176063
176862
182005
184595
184641
184643
186689
190217
