15529
15535
15614
15644
15835
15900
15912
16162
16183
16269
16310
16344
16350
16355
16356
16410
16421
16464
16490
16510
16528
16541
16545
16546
16561
16583
16583
16594
16599
16605
16609
16616
16618
16632
16657
16687
16717
16733
16737
16741
16756
16797
16805
16807
16814
16820
16821
16834
16838
16840
16847
16871
16877
16883
16891
16905
16909
16910
16933
16941
16945
16945
16963
16964
16979
16986
16996
16997
17006
17010
17019
17028
17034
17043
17062
17063
17064
17066
17071
17074
17077
17079
17081
17089
17096
17106
17114
17118
17123
17127
17150
17179
17184
17199
17200
17224
17230
17256
17262
17271
17273
17293
17298
17315
17319
17333
17338
17349
17354
17355
17362
17363
17363
17368
17380
17390
17413
17416
17426
17440
17447
17454
17461
17471
17471
17474
17477
17478
17481
17483
17484
17489
17503
17509
17509
17509
17519
17522
17523
17540
17553
17572
17576
17591
17606
17622
17625
17627
17633
17655
17670
17675
17702
17704
17706
17711
17716
17720
17724
17729
17732
17733
17736
17741
17744
17755
17759
17761
17767
17776
17777
17784
17789
17799
17801
17803
17812
17825
17828
17837
17840
17841
17851
17859
17869
17880
17881
17883
17891
17892
17905
17919
17936
17946
17947
17952
17954
17964
17972
17978
17981
17994
18004
18004
18018
18019
18027
18031
18037
18038
18047
18054
18075
18088
18088
18097
18100
18107
18108
18110
18111
18112
18114
18125
18132
18133
18140
18145
18148
18151
18170
18171
18172
18172
18191
18195
18204
18208
18233
18239
18240
18240
18251
18256
18256
18271
18273
18276
18286
18287
18290
18291
18294
18308
18317
18318
18327
18333
18339
18347
18347
18354
18362
18367
18369
18370
18383
18387
18396
18396
18399
18401
18403
18403
18407
18413
18434
18435
18436
18452
18453
18462
18465
18467
18468
18469
18469
18476
18477
18481
18483
18490
18497
18498
18504
18511
18511
18512
18522
18541
18564
18567
18577
18581
18581
18582
18592
18595
18597
18601
18618
18625
18641
18641
18647
18648
18671
18677
18690
18706
18718
18720
18728
18729
18742
18745
18758
18771
18773
18782
18785
18786
18797
18799
18805
18805
18808
18812
18813
18814
18817
18818
18820
18843
18844
18847
18849
18850
18857
18867
18869
18873
18879
18879
18884
18898
18898
18899
18902
18916
18929
18930
18932
18934
18944
18964
18979
18981
18981
18982
18989
18999
18999
19010
19014
19018
19019
19028
19033
19035
19041
19047
19049
19052
19055
19055
19055
19055
19061
19067
19078
19083
19090
19104
19106
19118
19120
19121
19134
19142
19143
19144
19147
19154
19156
19159
19160
19174
19176
19181
19183
19188
19190
19195
19200
19210
19213
19214
19234
19235
19242
19246
19247
19257
19264
19269
19271
19284
19285
19285
19286
19288
19294
19297
19298
19307
19310
19336
19340
19346
19354
19355
19356
19370
19372
19374
19374
19378
19379
19384
19386
19393
19403
19406
19413
19419
19421
19439
19443
19446
19450
19453
19455
19455
19458
19469
19469
19480
19490
19494
19494
19511
19527
19535
19535
19537
19538
19538
19547
19549
19550
19559
19559
19563
19565
19588
19591
19596
19597
19608
19609
19631
19633
19637
19640
19644
19650
19651
19653
19669
19678
19689
19689
19700
19706
19708
19716
19721
19725
19730
19731
19732
19768
19772
19781
19800
19803
19805
19808
19810
19815
19821
19824
19839
19852
19852
19857
19868
19880
19896
19902
19905
19909
19917
19922
19929
19930
19931
19940
19947
19950
19955
19959
19961
19986
20000
20030
20030
20044
20048
20051
20053
20057
20057
20066
20067
20068
20075
20081
20084
20084
20091
20093
20094
20094
20098
20099
20106
20113
20115
20115
20120
20121
20129
20131
20136
20140
20143
20144
20148
20151
20159
20159
20166
20170
20172
20174
20179
20179
20189
20205
20209
20213
20220
20231
20233
20239
20249
20253
20254
20255
20263
20266
20270
20273
20274
20289
20291
20295
20296
20296
20299
20305
20306
20324
20324
20334
20335
20341
20344
20344
20346
20348
20352
20357
20362
20365
20366
20372
20373
20382
20387
20390
20415
20417
20421
20429
20429
20447
20447
20456
20461
20465
20465
20477
20480
20484
20486
20495
20497
20504
20510
20519
20525
20530
20535
20538
20540
20541
20554
20575
20577
20579
20581
20584
20588
20602
20602
20617
20630
20649
20651
20653
20664
20664
20667
20673
20674
20674
20675
20685
20687
20693
20695
20697
20704
20712
20713
20717
20723
20743
20746
20752
20762
20778
20783
20784
20784
20785
20787
20792
20795
20797
20797
20800
20801
20808
20810
20821
20825
20826
20831
20832
20833
20846
20858
20865
20867
20879
20882
20882
20886
20888
20901
20908
20908
20912
20937
20942
20951
20955
20956
20966
20973
20977
20979
20979
20982
20985
20989
20991
20991
21006
21013
21016
21027
21032
21038
21039
21040
21042
21050
21054
21067
21068
21069
21070
21071
21074
21082
21092
21094
21098
21104
21109
21112
21113
21113
21115
21118
21119
21123
21130
21132
21145
21146
21154
21157
21160
21166
21171
21171
21188
21191
21191
21201
21203
21206
21211
21216
21230
21231
21237
21244
21245
21255
21255
21256
21265
21266
21268
21269
21277
21277
21279
21281
21282
21287
21296
21297
21301
21305
21310
21310
21311
21314
21318
21320
21320
21320
21322
21322
21340
21341
21342
21344
21351
21357
21361
21367
21376
21376
21395
21400
21418
21419
21436
21437
21447
21450
21461
21464
21474
21485
21488
21511
21524
21530
21540
21549
21550
21551
21560
21565
21574
21576
21584
21585
21594
21594
21605
21610
21615
21620
21641
21649
21667
21669
21671
21678
21693
21693
21702
21708
21720
21724
21724
21730
21732
21735
21752
21753
21760
21762
21764
21769
21791
21794
21812
21813
21816
21821
21828
21830
21838
21848
21863
21863
21864
21870
21894
21941
21941
21981
22022
22029
22045
22065
22069
22075
22077
22101
22122
22125
22141
22145
22148
22149
22154
22202
22209
22211
22227
22236
22244
22256
22265
22269
22309
22318
22345
22374
22374
22376
22400
22409
22417
22443
22444
22448
22453
22454
22460
22472
22486
22496
22516
22559
22573
22606
22611
22641
22680
22703
22705
22733
22775
22778
22810
22818
22823
22857
22883
22894
22900
22918
22936
22969
22991
23028
23039
23153
23160
23165
23184
23199
23212
23228
23241
23280
23286
23309
23391
23411
23454
23530
23549
23620
23793
23901
23932
24045
24051
24104
24148
24310
24517
25362
25635
29396
