17316
18192
18395
18567
18584
18661
18674
18688
18739
18813
18854
18909
19004
19039
19040
19053
19063
19069
19093
19115
19126
19182
19218
19219
19220
19277
19283
19306
19313
19329
19347
19384
19389
19391
19412
19432
19449
19470
19484
19499
19501
19504
19535
19541
19550
19553
19563
19566
19571
19583
19600
19608
19619
19629
19658
19698
19702
19723
19734
19734
19738
19742
19763
19787
19789
19791
19839
19849
19852
19881
19885
19891
19891
19920
19935
19947
19961
19964
19974
19998
20000
20002
20012
20018
20024
20030
20032
20034
20046
20048
20052
20053
20055
20057
20065
20065
20077
20081
20104
20113
20120
20147
20155
20164
20165
20167
20167
20184
20188
20197
20207
20208
20215
20231
20234
20238
20254
20306
20313
20318
20322
20339
20360
20375
20385
20386
20391
20399
20401
20403
20422
20437
20440
20444
20450
20464
20472
20493
20506
20524
20550
20576
20585
20587
20616
20627
20640
20642
20645
20645
20648
20657
20671
20672
20699
20708
20716
20717
20721
20729
20733
20735
20748
20769
20778
20787
20788
20789
20790
20800
20801
20805
20808
20810
20813
20815
20844
20846
20847
20859
20868
20872
20873
20875
20877
20880
20880
20883
20886
20918
20935
20935
20946
20949
20994
20997
21011
21012
21015
21025
21026
21030
21059
21081
21100
21150
21171
21172
21178
21218
21221
21221
21235
21241
21254
21256
21263
21277
21280
21310
21316
21317
21337
21338
21339
21343
21346
21376
21387
21395
21397
21405
21445
21455
21462
21476
21480
21485
21491
21501
21511
21526
21528
21538
21566
21608
21608
21610
21611
21620
21620
21629
21635
21655
21657
21662
21683
21689
21701
21708
21749
21760
21774
21779
21788
21791
21791
21792
21813
21819
21829
21830
21831
21866
21880
21881
21883
21897
21906
21916
21919
21920
21942
21944
21945
21945
21947
21949
21949
21949
21952
21965
21978
21986
21998
22013
22048
22053
22061
22068
22091
22104
22107
22118
22123
22123
22128
22135
22139
22150
22156
22173
22195
22198
22236
22269
22277
22280
22284
22317
22352
22357
22357
22365
22369
22371
22373
22382
22410
22413
22416
22438
22443
22446
22448
22460
22471
22487
22488
22492
22499
22501
22519
22521
22556
22571
22575
22582
22582
22588
22589
22589
22596
22599
22637
22639
22657
22659
22662
22667
22684
22703
22709
22726
22732
22737
22738
22738
22741
22743
22748
22778
22830
22831
22852
22854
22858
22865
22868
22871
22879
22883
22894
22898
22901
22903
22910
22913
22914
22916
22919
22920
22931
22934
22937
22940
22959
22969
22976
22978
22982
22983
22986
23003
23012
23017
23020
23023
23025
23033
23044
23050
23055
23057
23060
23070
23075
23093
23098
23109
23120
23122
23128
23148
23154
23179
23182
23184
23197
23201
23204
23210
23217
23217
23218
23224
23250
23252
23253
23261
23263
23290
23298
23299
23317
23325
23325
23327
23338
23345
23346
23374
23375
23387
23393
23399
23399
23413
23415
23428
23439
23446
23448
23454
23478
23499
23501
23503
23506
23509
23510
23512
23512
23517
23519
23519
23537
23562
23563
23574
23576
23581
23591
23595
23601
23611
23615
23616
23622
23622
23623
23628
23628
23644
23671
23693
23698
23711
23712
23729
23732
23733
23739
23744
23746
23762
23769
23770
23781
23787
23787
23808
23820
23833
23837
23838
23851
23871
23872
23873
23877
23883
23888
23892
23895
23902
23928
23936
23939
23955
23956
23958
23971
23974
23979
23979
23999
24001
24003
24006
24015
24029
24059
24067
24070
24074
24083
24085
24089
24092
24094
24094
24099
24110
24115
24124
24127
24129
24138
24145
24151
24151
24153
24162
24162
24176
24191
24200
24205
24208
24217
24229
24230
24235
24241
24248
24249
24257
24259
24274
24285
24292
24293
24295
24298
24302
24309
24313
24314
24322
24325
24325
24326
24335
24348
24358
24362
24363
24375
24386
24389
24390
24394
24396
24396
24398
24403
24406
24417
24418
24421
24430
24434
24440
24444
24451
24455
24461
24462
24469
24472
24473
24482
24487
24494
24494
24503
24518
24518
24519
24529
24533
24535
24537
24547
24551
24556
24562
24563
24572
24579
24580
24591
24596
24598
24599
24602
24618
24621
24624
24625
24629
24629
24645
24661
24665
24675
24685
24686
24700
24702
24709
24718
24718
24747
24753
24756
24763
24768
24773
24794
24794
24797
24797
24805
24837
24849
24851
24851
24859
24861
24861
24863
24868
24883
24885
24886
24887
24897
24908
24916
24927
24939
24946
24949
24959
24963
24966
24971
24986
24988
24995
24996
25000
25002
25010
25010
25014
25017
25019
25026
25026
25031
25031
25033
25035
25036
25036
25038
25043
25058
25061
25066
25076
25077
25087
25092
25102
25104
25111
25115
25116
25116
25124
25130
25136
25139
25140
25148
25153
25154
25161
25170
25176
25180
25183
25185
25192
25195
25198
25201
25203
25205
25207
25214
25220
25220
25225
25226
25228
25234
25243
25246
25248
25250
25253
25260
25279
25285
25285
25293
25294
25295
25297
25299
25300
25313
25317
25318
25319
25323
25325
25331
25336
25342
25343
25346
25348
25351
25366
25369
25370
25372
25372
25374
25389
25405
25411
25418
25422
25428
25429
25429
25439
25456
25459
25470
25477
25484
25492
25504
25507
25533
25543
25546
25554
25557
25558
25560
25581
25582
25582
25590
25595
25609
25616
25625
25638
25659
25662
25665
25667
25668
25669
25687
25697
25698
25699
25713
25724
25728
25758
25766
25768
25783
25783
25783
25796
25805
25810
25812
25812
25816
25817
25818
25823
25828
25842
25848
25866
25867
25884
25891
25922
25930
25934
25943
25944
25973
25978
25980
25982
25984
26001
26014
26019
26025
26026
26048
26050
26054
26057
26069
26080
26088
26120
26137
26153
26173
26177
26177
26188
26191
26213
26216
26220
26223
26227
26228
26230
26232
26244
26252
26269
26270
26283
26285
26285
26286
26288
26292
26294
26305
26308
26324
26325
26331
26346
26350
26358
26394
26406
26422
26423
26425
26438
26473
26476
26490
26492
26527
26548
26559
26599
26641
26656
26669
26700
26710
26712
26727
26731
26731
26737
26741
26746
26782
26810
26813
26850
26873
26890
26905
26912
26930
26972
26989
27012
27019
27027
27041
27049
27091
27098
27106
27113
27147
27151
27273
27319
27351
27404
27433
27439
27490
27507
27590
27648
27662
27682
27851
27923
27962
27989
28007
28013
28158
28178
28231
28319
28512
28566
28751
29001
29014
29033
29579
30069
30919
34510
