5240
5254
5281
5283
5284
5299
5359
5372
5377
5411
5419
5437
5444
5453
5541
5559
5572
5574
5574
5574
5574
5574
5582
5591
5592
5599
5602
5639
5641
5646
5646
5648
5655
5655
5661
5669
5685
5685
5691
5692
5700
5706
5717
5717
5718
5726
5731
5739
5743
5744
5756
5757
5770
5777
5781
5783
5790
5797
5798
5812
5832
5835
5840
5845
5849
5850
5852
5888
5889
5889
5893
5911
5915
5919
5934
5947
5968
5971
5975
5982
6000
6001
6013
6014
6027
6028
6039
6042
6056
6057
6058
6061
6068
6080
6087
6097
6097
6102
6128
6147
6154
6158
6161
6180
6182
6188
6199
6199
6207
6220
6234
6244
6255
6286
6295
6295
6309
6310
6319
6320
6332
6337
6354
6355
6375
6387
6395
6399
6404
6409
6409
6460
6483
6487
6494
6495
6510
6523
6524
6529
6531
6538
6544
6545
6547
6548
6551
6554
6570
6570
6579
6605
6612
6614
6616
6623
6624
6631
6635
6646
6666
6678
6679
6698
6713
6723
6725
6733
6735
6745
6750
6760
6764
6768
6770
6779
6779
6782
6784
6787
6796
6814
6815
6818
6819
6827
6828
6833
6839
6842
6855
6859
6868
6868
6873
6881
6883
6886
6887
6887
6893
6894
6903
6908
6924
6924
6932
6935
6935
6936
6941
6942
6944
6945
6952
6956
6962
6969
6969
6976
6978
6981
6985
6996
6997
6998
7003
7006
7011
7013
7015
7018
7029
7032
7040
7046
7048
7050
7060
7064
7081
7082
7083
7084
7088
7097
7098
7100
7101
7103
7105
7105
7109
7118
7122
7126
7127
7131
7132
7147
7164
7169
7174
7175
7183
7184
7186
7187
7191
7192
7195
7196
7197
7200
7207
7208
7211
7215
7217
7222
7229
7239
7239
7241
7244
7245
7253
7257
7259
7260
7263
7264
7264
7289
7291
7300
7303
7304
7304
7313
7313
7314
7318
7325
7327
7329
7340
7341
7347
7350
7356
7362
7366
7366
7366
7367
7367
7379
7379
7382
7383
7387
7387
7391
7394
7396
7396
7398
7403
7403
7406
7407
7409
7409
7411
7412
7413
7416
7418
7420
7420
7421
7425
7428
7435
7440
7442
7442
7445
7450
7454
7456
7459
7459
7462
7474
7478
7480
7481
7482
7483
7484
7485
7486
7487
7489
7489
7490
7492
7493
7499
7502
7505
7508
7510
7515
7521
7522
7524
7525
7531
7533
7534
7535
7539
7540
7540
7540
7542
7544
7544
7544
7548
7555
7559
7562
7562
7562
7563
7567
7569
7570
7571
7574
7577
7578
7578
7579
7582
7582
7583
7584
7586
7590
7592
7594
7594
7595
7599
7600
7601
7605
7613
7616
7618
7618
7620
7625
7628
7631
7633
7640
7640
7643
7643
7649
7649
7650
7651
7653
7655
7658
7661
7662
7666
7668
7672
7675
7678
7679
7682
7684
7685
7685
7692
7694
7699
7704
7708
7709
7710
7711
7713
7714
7715
7718
7719
7724
7727
7733
7734
7737
7737
7740
7743
7743
7748
7751
7752
7755
7757
7759
7761
7763
7764
7766
7770
7777
7779
7782
7782
7786
7787
7788
7796
7798
7799
7799
7803
7803
7804
7804
7804
7811
7812
7813
7814
7814
7815
7818
7824
7830
7832
7834
7836
7841
7841
7842
7842
7844
7844
7844
7847
7849
7852
7854
7854
7857
7860
7864
7865
7865
7865
7865
7866
7871
7876
7886
7886
7886
7888
7888
7891
7897
7903
7905
7908
7909
7910
7911
7912
7919
7919
7923
7924
7925
7926
7929
7932
7932
7933
7936
7938
7939
7942
7942
7944
7948
7951
7953
7954
7962
7966
7966
7970
7973
7983
7984
7987
7987
7988
7988
7989
7989
7992
7997
8001
8010
8015
8016
8019
8020
8023
8023
8026
8029
8031
8031
8032
8033
8033
8034
8045
8046
8048
8050
8050
8058
8058
8059
8059
8060
8061
8066
8067
8067
8067
8068
8069
8069
8070
8070
8073
8074
8074
8076
8077
8077
8080
8083
8083
8083
8084
8085
8088
8089
8091
8091
8092
8094
8096
8100
8102
8103
8103
8103
8104
8106
8106
8106
8109
8110
8117
8119
8120
8121
8121
8122
8122
8123
8127
8134
8135
8136
8139
8140
8140
8146
8156
8156
8156
8158
8158
8166
8166
8167
8171
8171
8176
8181
8182
8182
8186
8189
8190
8191
8196
8196
8198
8199
8200
8201
8202
8202
8203
8203
8204
8205
8206
8206
8207
8208
8210
8211
8215
8216
8217
8220
8224
8225
8231
8232
8232
8233
8237
8240
8240
8243
8245
8245
8246
8249
8249
8249
8253
8254
8254
8255
8256
8263
8264
8268
8271
8272
8274
8277
8279
8279
8280
8282
8283
8284
8284
8284
8285
8296
8300
8301
8303
8316
8316
8316
8317
8317
8318
8319
8320
8323
8323
8324
8330
8332
8333
8342
8342
8344
8344
8347
8349
8353
8354
8354
8357
8363
8365
8366
8370
8373
8382
8382
8383
8386
8397
8399
8400
8411
8412
8415
8419
8420
8421
8421
8421
8422
8424
8425
8425
8426
8429
8436
8436
8439
8440
8440
8440
8441
8442
8442
8445
8445
8452
8452
8456
8458
8462
8465
8469
8470
8471
8472
8472
8477
8478
8483
8488
8489
8493
8501
8506
8509
8509
8511
8513
8513
8515
8516
8523
8523
8524
8527
8528
8528
8530
8537
8537
8538
8540
8543
8544
8552
8552
8552
8555
8556
8556
8557
8559
8560
8561
8567
8568
8569
8570
8570
8572
8573
8581
8592
8595
8595
8599
8601
8604
8609
8617
8621
8622
8623
8623
8631
8634
8638
8638
8643
8643
8653
8653
8655
8659
8661
8662
8662
8663
8664
8668
8672
8677
8680
8680
8681
8682
8689
8691
8699
8707
8707
8718
8719
8723
8723
8724
8733
8734
8736
8736
8743
8750
8753
8754
8762
8766
8768
8783
8785
8786
8786
8789
8797
8800
8801
8804
8812
8814
8815
8817
8825
8828
8837
8842
8849
8854
8858
8871
8883
8888
8902
8927
8929
8930
8944
8949
8959
8967
8977
8994
8998
9000
9012
9016
9025
9033
9053
9055
9058
9061
9065
9086
9095
9096
9101
9109
9133
9145
9146
9148
9172
9175
9175
9181
9195
9202
9208
9217
9232
9234
9253
9263
9309
9318
9326
9351
9690
9713
9752
9912
9925
10274
10336
10970
12541
