59603
59936
59977
60113
60348
60468
60498
60534
60845
60961
61017
61021
61049
61075
61211
61239
61266
61299
61322
61414
61516
61541
61546
61595
61604
61703
61717
61744
61806
61847
61903
61957
61989
62051
62089
62092
62204
62260
62313
62332
62341
62449
62457
62472
62474
62532
62551
62671
62688
62700
62713
62729
62733
62742
62748
62749
62755
62765
62773
62864
62886
62903
62903
62922
62977
63012
63067
63114
63119
63127
63140
63140
63198
63203
63223
63223
63223
63233
63253
63253
63253
63285
63293
63299
63344
63349
63361
63373
63384
63392
63396
63462
63462
63467
63468
63489
63502
63517
63529
63588
63597
63598
63632
63633
63647
63658
63710
63744
63759
63764
63795
63814
63820
63822
63823
63838
63849
63857
63859
63881
63927
63934
63940
63948
63967
64003
64030
64058
64059
64088
64089
64093
64102
64106
64154
64159
64163
64171
64193
64200
64202
64231
64236
64243
64243
64270
64281
64301
64323
64326
64335
64361
64374
64380
64383
64386
64397
64436
64473
64492
64503
64509
64519
64555
64560
64569
64573
64594
64605
64608
64613
64620
64645
64650
64651
64656
64665
64677
64679
64701
64721
64734
64744
64748
64764
64767
64786
64791
64792
64800
64803
64809
64827
64832
64835
64881
64886
64888
64906
64913
64918
64923
64925
64927
64935
64935
64939
64957
64963
64975
64983
64984
65013
65035
65038
65061
65069
65071
65083
65088
65097
65104
65114
65119
65129
65175
65179
65187
65191
65228
65233
65239
65243
65253
65270
65277
65286
65294
65295
65305
65324
65325
65339
65353
65361
65368
65383
65390
65390
65405
65409
65414
65419
65421
65429
65430
65435
65442
65447
65476
65482
65511
65513
65540
65564
65565
65577
65580
65586
65595
65599
65603
65605
65605
65614
65624
65627
65639
65650
65654
65668
65683
65684
65687
65692
65699
65705
65727
65748
65757
65764
65772
65776
65790
65790
65793
65808
65810
65843
65860
65861
65863
65864
65864
65865
65868
65872
65896
65896
65904
65921
65922
65925
65932
65953
65954
65961
65964
65966
65971
65980
65989
65996
65999
65999
66024
66034
66046
66053
66061
66064
66067
66071
66087
66105
66106
66129
66134
66135
66153
66166
66172
66179
66182
66186
66187
66191
66191
66193
66214
66220
66222
66226
66242
66244
66251
66260
66286
66292
66292
66294
66294
66295
66295
66302
66303
66310
66313
66324
66329
66334
66338
66339
66347
66347
66354
66359
66371
66378
66398
66407
66409
66420
66422
66425
66441
66449
66452
66456
66459
66470
66472
66475
66481
66486
66490
66493
66504
66509
66515
66523
66529
66531
66537
66540
66542
66545
66560
66567
66578
66586
66591
66592
66594
66622
66622
66629
66631
66632
66640
66645
66646
66655
66655
66662
66694
66723
66726
66738
66739
66742
66757
66781
66789
66791
66799
66813
66816
66830
66834
66834
66860
66861
66864
66868
66878
66883
66893
66897
66914
66919
66921
66927
66930
66937
66940
66947
66950
66960
66965
66966
66969
66969
66976
66987
67001
67004
67010
67014
67015
67020
67028
67031
67035
67042
67045
67057
67062
67079
67083
67087
67108
67111
67118
67130
67134
67138
67150
67153
67156
67157
67161
67161
67167
67171
67173
67195
67198
67201
67226
67244
67252
67280
67281
67305
67306
67312
67322
67333
67353
67360
67361
67390
67399
67400
67402
67434
67449
67512
67515
67530
67530
67533
67535
67551
67555
67558
67561
67563
67568
67593
67599
67604
67609
67610
67625
67626
67629
67633
67634
67640
67642
67648
67655
67659
67666
67669
67680
67682
67682
67685
67686
67689
67692
67692
67717
67719
67719
67726
67728
67740
67744
67781
67785
67793
67797
67812
67813
67836
67843
67844
67867
67871
67876
67883
67893
67894
67908
67909
67915
67923
67926
67930
67931
67934
67952
67952
67955
67971
67982
67988
68006
68009
68011
68011
68030
68066
68070
68074
68087
68106
68116
68124
68130
68158
68163
68168
68175
68183
68187
68201
68201
68208
68213
68223
68231
68239
68242
68247
68263
68266
68283
68296
68306
68309
68316
68319
68321
68332
68334
68334
68337
68338
68340
68343
68345
68362
68370
68406
68409
68421
68461
68461
68463
68469
68486
68495
68495
68498
68498
68501
68508
68511
68528
68528
68551
68558
68559
68561
68564
68569
68569
68583
68587
68603
68608
68611
68641
68649
68656
68660
68663
68667
68675
68688
68704
68707
68717
68726
68740
68747
68761
68764
68764
68769
68787
68793
68807
68807
68808
68812
68834
68837
68844
68855
68859
68870
68879
68881
68915
68919
68920
68957
68961
68961
68969
68981
68989
68991
69005
69014
69017
69021
69023
69032
69057
69062
69063
69064
69074
69076
69082
69082
69095
69098
69122
69124
69142
69146
69146
69147
69150
69159
69160
69170
69184
69195
69197
69197
69199
69217
69221
69225
69227
69228
69252
69260
69284
69287
69287
69289
69293
69296
69296
69297
69297
69303
69308
69330
69339
69350
69353
69363
69363
69366
69367
69368
69390
69412
69423
69434
69439
69454
69463
69488
69501
69504
69531
69543
69546
69573
69574
69577
69589
69591
69628
69638
69640
69676
69688
69725
69726
69731
69733
69755
69760
69769
69771
69779
69785
69793
69802
69811
69812
69823
69842
69846
69847
69858
69922
69947
69950
69976
69976
69991
69993
69996
69997
70001
70005
70005
70031
70032
70036
70054
70072
70072
70073
70085
70140
70140
70149
70150
70154
70155
70158
70178
70186
70191
70192
70205
70208
70219
70223
70252
70265
70272
70273
70290
70291
70310
70322
70333
70341
70357
70368
70369
70376
70384
70394
70395
70402
70436
70448
70460
70465
70487
70500
70507
70549
70560
70561
70566
70595
70639
70660
70675
70680
70720
70731
70738
70762
70763
70769
70797
70804
70816
70844
70876
70881
70898
70932
70975
70999
71003
71015
71019
71026
71052
71065
71081
71110
71113
71131
71136
71152
71179
71181
71185
71188
71191
71199
71201
71238
71267
71294
71312
71328
71339
71363
71380
71386
71396
71408
71430
71433
71471
71485
71526
71541
71565
71581
71581
71600
71607
71618
71626
71667
71763
71780
71782
71802
71889
71893
71912
71935
71940
71967
72014
72052
72074
72121
72132
72156
72221
72253
72310
72383
72385
72425
72483
72553
72613
72647
72705
72714
72955
73314
73329
73427
73519
73707
73735
73739
73755
74211
74235
74527
74546
74890
75029
75980
76261
76785
77883
78150
79332
80135
80164
80723
81071
81788
81890
82462
82812
82937
83636
83983
84556
89587
