785
787
796
800
801
803
804
805
807
809
810
811
812
813
816
816
817
818
824
826
826
827
828
829
830
832
832
833
835
835
835
835
838
839
839
839
840
840
841
842
843
843
844
845
845
845
845
845
846
846
847
848
849
852
852
852
855
856
857
857
857
857
858
858
859
859
859
860
860
861
861
861
862
863
865
866
866
866
866
867
869
869
870
871
872
872
875
875
876
876
877
877
877
877
877
878
878
878
878
879
879
880
882
884
884
885
885
885
885
885
885
886
886
887
887
887
887
888
888
889
889
889
889
890
891
891
891
891
892
892
892
892
892
892
893
893
893
893
893
894
894
894
894
894
895
895
895
895
895
895
896
898
898
898
898
898
899
899
899
899
899
901
901
901
902
902
902
902
902
902
902
903
903
903
904
904
904
905
905
905
905
905
905
906
906
907
907
907
907
908
908
908
909
909
909
909
909
910
911
911
912
912
912
912
912
912
913
913
913
913
914
915
915
915
915
915
916
916
916
917
917
918
919
919
919
919
919
919
920
920
920
920
921
921
921
923
925
926
927
927
927
928
928
928
928
928
929
929
929
929
929
929
929
931
931
931
931
932
932
932
932
933
933
934
934
934
936
936
937
937
937
937
938
939
939
939
940
941
941
941
941
941
941
942
942
944
946
947
949
949
950
951
951
952
953
954
955
955
955
956
957
957
957
958
958
959
960
961
961
961
962
964
964
964
965
965
965
967
968
968
968
972
972
973
975
975
975
976
976
977
979
980
980
980
982
984
985
986
988
988
989
989
990
991
992
993
995
997
998
999
1000
1000
1000
1000
1002
1003
1003
1007
1007
1010
1011
1012
1012
1012
1013
1015
1016
1017
1020
1021
1024
1024
1024
1025
1026
1027
1030
1035
1035
1035
1037
1038
1040
1041
1041
1041
1044
1045
1045
1045
1050
1051
1051
1052
1052
1055
1057
1060
1063
1065
1066
1066
1067
1071
1074
1077
1078
1084
1085
1086
1086
1086
1089
1090
1092
1093
1094
1094
1096
1096
1097
1100
1102
1104
1106
1106
1106
1107
1107
1107
1109
1110
1111
1111
1111
1112
1113
1120
1120
1120
1121
1121
1124
1125
1127
1129
1130
1130
1132
1133
1133
1136
1136
1137
1142
1143
1144
1144
1145
1145
1146
1146
1146
1148
1148
1149
1150
1150
1150
1150
1153
1153
1155
1156
1156
1157
1158
1158
1159
1161
1162
1163
1164
1166
1166
1168
1168
1168
1169
1171
1174
1175
1177
1178
1182
1182
1183
1183
1184
1184
1185
1185
1186
1187
1188
1189
1189
1191
1191
1192
1192
1192
1193
1193
1194
1197
1199
1199
1199
1200
1201
1202
1203
1204
1204
1205
1206
1207
1208
1210
1210
1210
1212
1212
1212
1212
1213
1213
1213
1214
1214
1215
1216
1216
1217
1218
1219
1219
1219
1219
1219
1220
1221
1221
1222
1223
1223
1223
1223
1224
1224
1225
1225
1226
1226
1227
1228
1228
1228
1228
1229
1230
1230
1231
1231
1231
1233
1233
1233
1234
1236
1236
1237
1237
1237
1239
1239
1240
1240
1240
1240
1240
1241
1241
1242
1242
1243
1243
1244
1245
1245
1246
1246
1246
1247
1247
1248
1248
1249
1250
1250
1251
1251
1251
1251
1252
1252
1253
1253
1253
1255
1255
1256
1256
1256
1257
1257
1257
1258
1258
1258
1259
1259
1259
1260
1261
1263
1263
1263
1264
1264
1266
1266
1267
1268
1268
1269
1270
1270
1270
1271
1271
1271
1272
1273
1273
1273
1274
1275
1276
1277
1277
1277
1277
1278
1278
1278
1278
1278
1279
1281
1281
1281
1281
1282
1282
1283
1283
1284
1284
1285
1285
1286
1287
1287
1287
1289
1289
1290
1290
1291
1291
1292
1292
1293
1294
1294
1295
1296
1296
1296
1296
1296
1297
1298
1298
1300
1300
1301
1301
1302
1302
1302
1302
1303
1303
1304
1304
1305
1305
1306
1307
1308
1308
1309
1309
1309
1309
1309
1310
1311
1312
1313
1313
1314
1314
1315
1315
1315
1316
1316
1316
1316
1317
1317
1318
1320
1321
1323
1323
1323
1323
1324
1324
1325
1325
1326
1326
1326
1326
1327
1327
1327
1328
1329
1329
1329
1330
1330
1331
1331
1331
1331
1331
1332
1332
1333
1334
1334
1334
1334
1335
1335
1336
1336
1337
1337
1337
1338
1338
1338
1338
1339
1340
1341
1341
1341
1341
1342
1342
1344
1345
1346
1346
1348
1350
1351
1351
1352
1352
1354
1354
1355
1355
1355
1355
1356
1356
1357
1358
1358
1358
1358
1358
1359
1360
1361
1361
1365
1366
1366
1366
1366
1367
1367
1367
1368
1368
1369
1369
1369
1370
1370
1370
1371
1371
1372
1373
1374
1374
1375
1375
1375
1375
1376
1376
1379
1379
1379
1380
1380
1380
1382
1385
1386
1386
1387
1387
1388
1392
1392
1393
1393
1393
1393
1394
1394
1395
1395
1398
1398
1398
1399
1402
1402
1404
1404
1404
1404
1405
1405
1406
1406
1408
1411
1412
1412
1413
1413
1414
1414
1415
1416
1416
1418
1421
1422
1424
1424
1426
1427
1427
1427
1428
1430
1432
1434
1441
1444
1445
1446
1446
1450
1451
1451
1453
1454
1455
1455
1455
1461
1464
1465
1468
1469
1474
1479
1481
1481
1481
1485
1495
1496
1500
1506
1508
1509
1512
1512
1515
1516
1521
1524
1528
1531
1532
1533
1533
1537
1538
1541
1543
1548
1553
1563
1566
1567
1576
1577
1585
1593
1602
1603
1607
1610
1626
1628
1630
1647
1678
1684
1685
1737
1764
1775
1784
1788
1835
1862
1894
1953
1990
1993
2009
2945
3030
3410
3483
4042
4301
