41649
42024
42421
42577
42586
42735
42794
42883
42938
42943
42952
42999
43084
43142
43169
43286
43355
43416
43443
43563
43745
43774
43783
43805
43816
43837
43848
43867
43898
43948
43959
43973
44024
44024
44065
44078
44081
44113
44126
44140
44141
44156
44166
44226
44250
44251
44271
44277
44292
44311
44329
44340
44346
44354
44377
44379
44394
44396
44404
44411
44421
44430
44441
44459
44464
44466
44477
44483
44491
44516
44523
44529
44533
44534
44537
44554
44559
44559
44562
44564
44589
44612
44634
44648
44660
44677
44682
44691
44693
44704
44717
44721
44724
44773
44787
44803
44820
44821
44821
44825
44834
44838
44878
44878
44879
44923
44940
44949
44950
44955
44961
44967
44970
44976
44980
44986
44987
44997
45006
45024
45024
45029
45033
45033
45046
45049
45052
45055
45058
45064
45065
45071
45077
45078
45082
45091
45104
45104
45109
45112
45116
45131
45132
45162
45163
45178
45187
45188
45194
45198
45205
45214
45221
45235
45246
45249
45252
45257
45262
45264
45266
45267
45275
45277
45314
45323
45330
45335
45351
45364
45370
45371
45377
45378
45380
45384
45410
45411
45419
45436
45442
45459
45473
45478
45481
45483
45484
45490
45498
45505
45508
45515
45516
45533
45535
45553
45559
45561
45563
45582
45582
45584
45589
45602
45607
45608
45611
45614
45617
45631
45635
45636
45638
45639
45646
45648
45650
45651
45664
45666
45671
45672
45674
45677
45682
45688
45689
45694
45695
45702
45710
45716
45721
45731
45737
45739
45742
45754
45761
45764
45772
45772
45779
45782
45806
45807
45810
45821
45836
45841
45850
45851
45854
45854
45857
45861
45867
45869
45875
45879
45880
45881
45882
45889
45905
45918
45919
45927
45930
45933
45941
45944
45948
45957
45965
45970
45972
45974
45981
45987
45995
46010
46011
46017
46024
46025
46027
46030
46032
46034
46037
46039
46043
46050
46052
46054
46055
46074
46076
46082
46082
46083
46086
46089
46092
46094
46094
46095
46101
46102
46104
46118
46121
46124
46124
46126
46138
46152
46164
46174
46189
46192
46206
46212
46221
46224
46228
46239
46244
46248
46250
46252
46272
46279
46282
46286
46293
46296
46296
46305
46312
46317
46317
46322
46328
46333
46338
46338
46344
46345
46363
46378
46381
46383
46385
46385
46387
46388
46397
46404
46404
46405
46405
46412
46420
46420
46425
46425
46428
46435
46440
46450
46454
46458
46458
46460
46462
46465
46473
46475
46477
46482
46482
46502
46510
46511
46514
46515
46516
46524
46530
46532
46538
46539
46540
46546
46548
46554
46558
46559
46563
46563
46563
46567
46571
46572
46575
46602
46606
46607
46608
46610
46615
46629
46631
46631
46654
46658
46658
46659
46660
46668
46669
46678
46684
46687
46690
46690
46707
46708
46718
46719
46722
46729
46732
46741
46746
46748
46752
46752
46752
46758
46761
46762
46764
46764
46769
46772
46772
46776
46779
46787
46790
46790
46792
46795
46801
46802
46808
46826
46830
46830
46833
46844
46846
46856
46857
46859
46865
46866
46878
46882
46883
46885
46886
46890
46896
46897
46902
46904
46909
46914
46920
46922
46923
46926
46927
46936
46937
46945
46946
46948
46950
46958
46958
46960
46964
46965
46967
46988
46988
46997
46998
47000
47008
47009
47010
47020
47022
47032
47033
47036
47037
47044
47049
47055
47056
47058
47060
47066
47068
47074
47079
47096
47099
47100
47104
47110
47111
47112
47116
47117
47120
47121
47121
47122
47124
47124
47144
47144
47155
47160
47168
47172
47175
47176
47176
47177
47178
47181
47185
47189
47202
47203
47207
47214
47214
47217
47218
47220
47227
47228
47230
47235
47243
47243
47245
47252
47254
47254
47266
47267
47280
47282
47283
47284
47287
47293
47296
47312
47318
47320
47325
47328
47330
47342
47343
47344
47348
47352
47360
47369
47369
47370
47371
47377
47384
47387
47394
47396
47396
47400
47402
47416
47422
47425
47427
47430
47430
47437
47437
47443
47456
47480
47482
47483
47484
47492
47502
47504
47505
47519
47523
47525
47528
47533
47544
47549
47551
47558
47559
47566
47569
47572
47584
47594
47602
47609
47617
47622
47627
47630
47632
47645
47671
47672
47678
47681
47684
47688
47690
47693
47700
47704
47705
47711
47716
47723
47724
47741
47742
47764
47770
47774
47793
47797
47805
47834
47842
47848
47868
47870
47882
47884
47884
47898
47906
47921
47933
47949
47950
47964
47981
47986
47996
48005
48011
48019
48029
48031
48032
48038
48039
48040
48065
48067
48071
48074
48078
48082
48082
48104
48129
48141
48147
48154
48162
48177
48181
48186
48189
48215
48217
48226
48232
48251
48255
48276
48280
48283
48287
48294
48313
48315
48318
48325
48335
48339
48341
48342
48351
48358
48369
48377
48385
48386
48387
48387
48417
48422
48440
48454
48461
48470
48481
48484
48486
48487
48491
48507
48509
48510
48511
48520
48521
48535
48540
48542
48554
48562
48576
48584
48590
48592
48597
48598
48603
48604
48604
48620
48622
48624
48629
48630
48641
48641
48650
48651
48652
48659
48664
48675
48692
48693
48693
48695
48695
48696
48708
48740
48741
48741
48756
48760
48764
48770
48784
48787
48787
48807
48810
48816
48827
48828
48840
48842
48852
48864
48866
48876
48878
48879
48888
48918
48945
48963
48976
48981
49006
49010
49014
49018
49019
49024
49036
49038
49041
49053
49063
49075
49077
49084
49100
49100
49127
49137
49144
49149
49151
49158
49159
49166
49178
49191
49195
49208
49215
49233
49245
49267
49283
49299
49303
49304
49305
49330
49337
49341
49342
49342
49382
49384
49387
49388
49437
49440
49440
49443
49459
49466
49466
49480
49480
49502
49509
49517
49519
49536
49551
49570
49574
49579
49587
49610
49621
49625
49631
49642
49648
49657
49657
49661
49668
49698
49705
49727
49731
49759
49761
49795
49819
49826
49867
49869
49882
49883
49893
49909
49933
49938
49966
49973
49981
49995
50066
50072
50136
50156
50183
50221
50242
50251
50278
50288
50316
50348
50393
50437
50489
50505
50514
50525
50542
50564
50581
50593
50604
50622
50631
50631
50668
50672
50692
50697
50712
50714
50786
50801
50801
50823
50839
50935
50943
50946
50953
50977
50993
51011
51019
51050
51195
51228
51310
51348
51421
51495
51520
51777
51805
51860
52003
52040
52077
52100
52279
52337
52382
52552
52641
52805
52855
53003
53009
53058
53063
53277
53375
53496
53714
53730
53844
53896
54113
54432
54786
54856
54975
55210
55280
55846
