8515
8544
8554
8559
8589
8590
8627
8654
8684
8687
8695
8710
8719
8723
8731
8748
8806
8819
8819
8825
8826
8828
8843
8844
8863
8867
8880
8902
8915
8925
8932
8934
8939
8939
8940
8949
8956
8961
8963
8971
8981
8991
8993
9002
9020
9028
9030
9072
9078
9080
9090
9101
9133
9147
9150
9151
9151
9153
9154
9160
9160
9163
9167
9193
9218
9221
9225
9244
9250
9261
9271
9295
9315
9315
9324
9358
9365
9368
9377
9382
9398
9407
9424
9426
9427
9428
9439
9440
9450
9460
9464
9483
9484
9488
9491
9497
9497
9501
9505
9510
9511
9520
9523
9527
9531
9538
9540
9543
9544
9547
9548
9553
9560
9569
9573
9576
9603
9605
9607
9611
9615
9621
9645
9658
9659
9660
9663
9664
9690
9694
9695
9705
9715
9720
9728
9730
9733
9735
9753
9758
9758
9767
9767
9768
9773
9775
9785
9787
9790
9792
9794
9802
9803
9812
9813
9815
9817
9818
9834
9840
9846
9849
9860
9862
9876
9889
9895
9899
9901
9915
9917
9919
9922
9926
9926
9930
9931
9935
9936
9938
9950
9951
9953
9955
9956
9956
9963
9969
9987
9987
9995
10010
10010
10025
10027
10036
10037
10040
10044
10054
10061
10066
10071
10071
10072
10087
10090
10093
10099
10100
10102
10102
10103
10109
10120
10126
10140
10145
10146
10150
10150
10155
10155
10159
10163
10166
10166
10173
10180
10184
10187
10190
10191
10195
10195
10197
10199
10199
10203
10203
10217
10224
10226
10228
10231
10234
10236
10236
10247
10249
10253
10260
10271
10272
10275
10278
10278
10281
10284
10289
10290
10290
10292
10293
10294
10294
10295
10296
10297
10301
10301
10302
10306
10308
10309
10311
10313
10314
10315
10316
10318
10320
10323
10329
10331
10331
10335
10338
10338
10360
10365
10370
10375
10375
10377
10394
10394
10397
10398
10398
10400
10409
10420
10424
10427
10432
10438
10439
10446
10452
10452
10456
10456
10460
10471
10482
10484
10488
10490
10492
10492
10498
10504
10505
10507
10515
10518
10520
10524
10529
10532
10533
10542
10543
10545
10563
10568
10580
10583
10586
10587
10588
10589
10594
10595
10598
10600
10601
10601
10606
10609
10609
10617
10621
10624
10624
10628
10628
10628
10629
10631
10632
10632
10633
10634
10634
10642
10643
10647
10663
10666
10666
10672
10673
10673
10674
10675
10679
10679
10684
10687
10689
10691
10698
10699
10702
10711
10712
10728
10733
10737
10743
10748
10748
10748
10752
10753
10754
10756
10761
10763
10769
10770
10773
10774
10775
10779
10783
10784
10786
10787
10792
10793
10794
10798
10798
10799
10800
10801
10808
10809
10809
10810
10813
10813
10814
10834
10843
10845
10848
10855
10857
10857
10858
10862
10862
10863
10868
10868
10869
10872
10873
10873
10877
10880
10880
10882
10886
10889
10891
10895
10901
10905
10907
10915
10918
10922
10932
10941
10941
10945
10949
10961
10963
10964
10964
10968
10971
10972
10980
10984
10985
10991
10992
10994
10999
10999
10999
11002
11004
11006
11008
11012
11016
11016
11017
11019
11019
11019
11023
11024
11025
11029
11029
11032
11039
11042
11044
11044
11045
11047
11050
11053
11054
11055
11056
11056
11060
11063
11064
11065
11066
11066
11067
11068
11078
11078
11089
11093
11096
11097
11097
11101
11102
11110
11110
11113
11115
11119
11125
11126
11130
11130
11132
11134
11137
11138
11141
11142
11145
11145
11147
11149
11150
11152
11153
11158
11161
11162
11163
11168
11171
11172
11177
11177
11178
11188
11190
11193
11201
11201
11203
11206
11211
11211
11212
11212
11217
11218
11222
11224
11227
11229
11230
11230
11231
11231
11231
11234
11241
11241
11241
11247
11254
11256
11256
11257
11260
11260
11270
11270
11275
11282
11291
11292
11296
11296
11296
11298
11299
11301
11304
11305
11310
11312
11313
11318
11320
11321
11324
11326
11329
11329
11331
11335
11336
11338
11340
11341
11341
11344
11349
11352
11356
11357
11361
11362
11367
11367
11372
11378
11379
11379
11389
11390
11391
11394
11395
11395
11400
11402
11402
11405
11405
11413
11413
11416
11416
11418
11421
11424
11425
11426
11426
11427
11430
11431
11433
11433
11433
11437
11438
11439
11443
11444
11444
11445
11448
11451
11453
11453
11456
11456
11463
11467
11468
11469
11470
11475
11478
11480
11480
11481
11485
11486
11487
11488
11490
11490
11500
11503
11509
11526
11528
11528
11531
11532
11534
11537
11542
11543
11557
11557
11557
11557
11559
11561
11566
11567
11573
11576
11587
11587
11589
11593
11595
11597
11597
11607
11612
11618
11619
11619
11620
11621
11623
11624
11632
11634
11635
11642
11646
11649
11652
11655
11660
11662
11662
11667
11667
11667
11668
11669
11672
11673
11675
11676
11676
11677
11680
11683
11684
11687
11689
11690
11690
11691
11694
11696
11699
11703
11706
11707
11709
11717
11719
11720
11720
11725
11726
11728
11729
11731
11732
11742
11742
11746
11751
11758
11758
11759
11760
11762
11763
11764
11771
11771
11773
11780
11788
11789
11789
11791
11794
11801
11801
11804
11809
11810
11814
11818
11819
11820
11822
11822
11827
11829
11830
11833
11837
11844
11846
11849
11859
11860
11860
11868
11871
11882
11882
11883
11884
11888
11900
11903
11909
11911
11920
11921
11922
11930
11930
11931
11939
11942
11942
11955
11964
11967
11968
11980
11983
11988
11992
11999
12001
12004
12014
12015
12016
12022
12032
12034
12041
12042
12054
12054
12059
12061
12073
12076
12077
12081
12087
12088
12088
12092
12097
12100
12101
12103
12108
12109
12111
12114
12123
12124
12131
12134
12139
12139
12139
12145
12148
12149
12151
12153
12157
12160
12168
12168
12168
12179
12181
12185
12186
12187
12190
12196
12203
12205
12209
12229
12231
12232
12233
12235
12238
12244
12249
12275
12278
12278
12293
12294
12301
12301
12303
12305
12309
12322
12330
12335
12345
12347
12350
12368
12369
12372
12376
12380
12386
12386
12386
12391
12392
12412
12417
12478
12478
12478
12486
12488
12490
12500
12505
12510
12511
12511
12512
12528
12540
12546
12549
12565
12578
12593
12621
12640
12646
12687
12693
12703
12714
12734
12755
12758
12780
12783
12837
12880
12910
12920
12921
12935
12948
12968
12970
12980
12986
13000
13065
13082
13133
13149
13169
13178
13218
13361
13422
13474
13556
13569
13669
13876
13908
14003
14124
14325
15299
