79133
79204
79215
79225
79388
79399
79401
79436
79492
79537
79589
79603
79635
79638
79641
79658
79710
79711
79722
79747
79752
79761
79765
79769
79776
79831
79857
79858
79873
79873
79893
79896
79903
79935
79940
79954
79961
79967
80027
80060
80069
80070
80081
80094
80096
80115
80133
80135
80141
80145
80147
80171
80186
80188
80192
80197
80204
80209
80226
80235
80249
80254
80269
80273
80311
80321
80321
80338
80339
80357
80360
80366
80368
80370
80371
80374
80379
80391
80393
80394
80401
80417
80420
80432
80436
80437
80448
80456
80458
80466
80475
80478
80481
80497
80498
80503
80507
80520
80526
80544
80550
80556
80557
80570
80571
80581
80581
80599
80601
80601
80616
80616
80630
80646
80661
80666
80677
80691
80704
80706
80706
80715
80715
80715
80719
80722
80725
80736
80745
80758
80777
80802
80803
80810
80825
80826
80826
80836
80848
80856
80861
80866
80871
80872
80874
80878
80891
80892
80898
80900
80908
80913
80916
80925
80933
80951
80953
80955
80958
80959
80972
80974
80978
80978
80981
80987
80988
80993
80998
81013
81015
81016
81017
81020
81022
81023
81025
81027
81028
81028
81032
81033
81041
81046
81047
81050
81053
81054
81055
81058
81074
81094
81095
81096
81099
81100
81103
81105
81108
81115
81125
81128
81129
81142
81144
81145
81152
81153
81156
81157
81160
81161
81167
81174
81175
81175
81178
81179
81182
81188
81200
81205
81206
81208
81208
81220
81222
81226
81234
81237
81239
81241
81241
81246
81250
81263
81269
81271
81280
81286
81299
81300
81303
81306
81308
81312
81313
81316
81323
81323
81325
81325
81326
81330
81331
81332
81335
81344
81351
81358
81359
81362
81368
81370
81373
81376
81385
81389
81392
81394
81418
81427
81433
81433
81436
81436
81439
81445
81447
81461
81464
81467
81476
81481
81484
81491
81492
81494
81495
81496
81496
81498
81509
81511
81511
81512
81513
81513
81516
81517
81518
81520
81521
81524
81526
81532
81538
81538
81538
81543
81543
81550
81555
81573
81574
81575
81579
81593
81594
81600
81604
81606
81613
81613
81613
81614
81615
81616
81618
81620
81621
81622
81631
81650
81651
81653
81655
81659
81665
81669
81671
81672
81673
81675
81677
81682
81683
81685
81686
81705
81706
81716
81723
81727
81727
81730
81730
81731
81732
81734
81738
81742
81744
81748
81753
81755
81756
81758
81761
81765
81769
81769
81771
81780
81786
81787
81789
81790
81801
81804
81810
81822
81824
81828
81829
81850
81854
81858
81860
81860
81861
81862
81866
81867
81876
81884
81887
81888
81889
81898
81901
81901
81905
81910
81913
81918
81919
81925
81928
81937
81939
81942
81943
81958
81960
81961
81966
81972
81973
81981
81988
82004
82007
82010
82012
82019
82020
82021
82021
82028
82031
82044
82049
82051
82051
82055
82055
82056
82056
82064
82064
82107
82108
82109
82117
82119
82121
82121
82121
82122
82128
82130
82132
82133
82137
82138
82141
82144
82146
82148
82155
82167
82168
82169
82171
82171
82177
82179
82182
82185
82189
82191
82192
82195
82199
82210
82216
82220
82224
82225
82227
82228
82228
82236
82237
82244
82245
82247
82252
82252
82255
82265
82266
82267
82274
82275
82280
82292
82293
82298
82302
82305
82312
82312
82317
82320
82324
82331
82332
82340
82344
82349
82352
82354
82354
82358
82360
82366
82367
82370
82380
82383
82383
82383
82390
82396
82401
82410
82411
82418
82418
82423
82424
82428
82429
82429
82434
82434
82443
82454
82461
82466
82477
82482
82483
82488
82494
82499
82499
82499
82503
82511
82515
82523
82525
82526
82527
82530
82531
82536
82537
82537
82537
82539
82566
82574
82576
82577
82581
82582
82584
82589
82596
82596
82597
82598
82609
82619
82628
82637
82640
82641
82642
82654
82658
82660
82677
82683
82683
82691
82693
82699
82700
82701
82713
82715
82715
82723
82726
82726
82729
82730
82731
82732
82736
82737
82738
82738
82751
82757
82763
82765
82767
82769
82769
82776
82782
82782
82784
82784
82799
82804
82808
82814
82815
82827
82827
82828
82833
82837
82838
82846
82848
82852
82855
82856
82859
82863
82871
82881
82881
82884
82893
82896
82902
82905
82910
82919
82924
82929
82933
82936
82937
82939
82941
82943
82943
82943
82947
82952
82956
82957
82962
82968
82971
82971
82972
82974
82981
82984
82997
83004
83011
83011
83011
83011
83014
83024
83026
83030
83034
83041
83054
83055
83056
83058
83058
83066
83067
83069
83071
83072
83088
83089
83090
83099
83102
83102
83116
83119
83125
83137
83142
83148
83154
83157
83167
83170
83173
83176
83195
83197
83198
83204
83208
83221
83223
83230
83235
83241
83241
83249
83255
83267
83272
83293
83301
83304
83305
83308
83315
83330
83340
83342
83345
83347
83349
83349
83351
83373
83380
83390
83400
83408
83433
83435
83435
83438
83440
83441
83442
83443
83444
83445
83454
83458
83459
83459
83461
83475
83478
83484
83485
83491
83492
83497
83503
83537
83554
83554
83555
83555
83569
83573
83575
83589
83591
83594
83594
83595
83600
83606
83611
83613
83614
83618
83623
83640
83641
83668
83668
83680
83688
83693
83695
83696
83703
83711
83712
83749
83751
83755
83762
83775
83778
83784
83789
83790
83796
83797
83801
83816
83830
83835
83838
83851
83853
83857
83860
83866
83878
83882
83889
83889
83892
83899
83900
83902
83909
83910
83913
83921
83930
83938
83941
83956
83969
83979
83979
83982
83985
83986
83986
83989
84001
84003
84012
84014
84024
84035
84057
84065
84081
84094
84117
84121
84139
84145
84147
84150
84175
84176
84183
84197
84207
84209
84212
84214
84245
84250
84261
84263
84267
84293
84295
84303
84308
84310
84311
84320
84339
84350
84378
84380
84396
84407
84415
84440
84453
84471
84472
84482
84488
84509
84527
84556
84589
84595
84600
84621
84639
84647
84660
84665
84680
84684
84775
84790
84795
84798
84810
84825
84833
84857
84860
84879
84898
84906
84910
84912
84929
84938
84945
84960
84974
85017
85027
85029
85052
85104
85105
85117
85119
85123
85158
85177
85183
85212
85226
85252
85254
85309
85309
85326
85360
85367
85395
85396
85423
85454
85480
85578
85636
85661
85695
85713
85744
85808
85811
85821
85847
85892
85920
85926
85964
85996
86132
86148
86156
86156
86175
86191
86191
86227
86232
86309
86326
86421
86446
86448
86500
86512
86561
86578
86701
86789
86968
87027
87134
87194
87827
88130
88332
90382
93947
94058
95253
97036
97170
100062
