15620
15727
15982
16524
16716
16738
16807
16896
16942
16950
16970
16977
17002
17003
17074
17080
17097
17097
17142
17154
17158
17163
17169
17172
17182
17186
17187
17194
17196
17201
17202
17229
17250
17258
17261
17274
17279
17285
17314
17320
17322
17324
17333
17353
17361
17371
17439
17486
17495
17498
17499
17507
17516
17523
17526
17547
17551
17562
17568
17571
17578
17581
17594
17601
17604
17606
17606
17611
17617
17621
17626
17633
17649
17652
17654
17658
17668
17677
17687
17707
17718
17733
17743
17746
17750
17750
17764
17768
17820
17821
17825
17831
17834
17840
17843
17858
17862
17870
17885
17889
17892
17896
17928
17930
17933
17954
17961
17970
17996
18004
18009
18012
18031
18038
18039
18056
18058
18074
18074
18080
18086
18089
18091
18115
18115
18116
18119
18120
18120
18124
18133
18141
18143
18144
18156
18160
18168
18170
18174
18178
18196
18208
18209
18219
18221
18227
18230
18233
18239
18243
18246
18246
18251
18264
18266
18276
18278
18291
18295
18304
18309
18312
18319
18328
18329
18335
18337
18339
18344
18348
18352
18368
18370
18370
18371
18373
18376
18380
18384
18399
18403
18405
18441
18442
18442
18449
18460
18461
18468
18473
18481
18491
18492
18500
18501
18508
18512
18523
18528
18537
18542
18543
18551
18553
18555
18556
18558
18567
18567
18584
18587
18594
18600
18601
18603
18605
18606
18607
18607
18607
18608
18608
18610
18610
18622
18625
18630
18638
18638
18657
18664
18664
18666
18673
18681
18682
18687
18693
18697
18698
18699
18711
18715
18721
18725
18737
18742
18744
18746
18757
18764
18767
18769
18771
18780
18785
18790
18792
18799
18802
18805
18812
18823
18823
18825
18826
18828
18829
18830
18830
18839
18842
18846
18850
18864
18865
18869
18874
18879
18879
18897
18907
18908
18911
18912
18920
18922
18927
18928
18943
18949
18951
18955
18955
18969
18972
18983
18988
18990
18992
18997
19004
19023
19025
19027
19030
19054
19058
19071
19075
19076
19077
19081
19084
19086
19088
19097
19097
19098
19115
19140
19143
19149
19155
19158
19167
19169
19175
19179
19186
19188
19197
19199
19201
19203
19204
19227
19228
19233
19234
19242
19243
19246
19261
19264
19277
19279
19279
19280
19280
19291
19298
19301
19302
19315
19318
19318
19322
19323
19323
19327
19327
19335
19338
19349
19353
19362
19372
19375
19390
19392
19395
19398
19404
19413
19416
19427
19438
19465
19478
19482
19496
19507
19519
19520
19521
19531
19532
19549
19562
19570
19584
19585
19589
19590
19592
19594
19601
19604
19610
19613
19616
19617
19624
19641
19642
19648
19652
19660
19674
19679
19681
19688
19695
19699
19701
19709
19711
19718
19718
19721
19725
19736
19739
19739
19743
19749
19762
19768
19768
19773
19775
19781
19789
19794
19794
19795
19799
19806
19806
19825
19829
19832
19836
19840
19842
19844
19846
19851
19856
19856
19856
19866
19866
19874
19878
19883
19888
19891
19896
19897
19897
19900
19900
19901
19903
19916
19923
19928
19928
19932
19938
19938
19951
19954
19957
19975
19994
19997
20016
20024
20038
20044
20059
20065
20085
20088
20090
20105
20110
20114
20128
20137
20138
20142
20143
20146
20147
20152
20163
20171
20186
20187
20188
20189
20189
20196
20201
20202
20211
20211
20214
20223
20231
20237
20249
20251
20256
20260
20267
20268
20277
20278
20284
20293
20305
20306
20307
20318
20321
20329
20347
20347
20353
20356
20360
20365
20373
20376
20381
20389
20394
20405
20406
20414
20417
20426
20427
20438
20440
20443
20446
20470
20473
20473
20474
20477
20491
20502
20509
20515
20523
20528
20533
20549
20561
20564
20564
20573
20576
20577
20585
20602
20602
20609
20609
20610
20618
20625
20628
20633
20635
20639
20640
20643
20648
20671
20677
20682
20688
20695
20713
20715
20728
20730
20731
20744
20747
20751
20753
20754
20757
20771
20773
20784
20788
20795
20813
20844
20848
20852
20859
20863
20873
20877
20880
20887
20896
20898
20898
20900
20912
20915
20916
20917
20918
20921
20923
20923
20938
20939
20955
20956
20962
20967
20974
20984
20999
21008
21008
21016
21019
21039
21049
21051
21057
21075
21077
21082
21086
21086
21090
21092
21092
21097
21101
21101
21113
21117
21118
21122
21128
21135
21141
21143
21147
21151
21157
21158
21162
21179
21179
21184
21201
21202
21202
21212
21215
21216
21218
21225
21226
21235
21236
21238
21239
21240
21242
21244
21246
21257
21258
21260
21260
21260
21265
21272
21276
21278
21288
21290
21291
21292
21301
21305
21324
21328
21334
21336
21337
21337
21339
21346
21350
21354
21354
21356
21357
21377
21385
21387
21391
21393
21395
21400
21407
21412
21415
21422
21431
21432
21432
21437
21439
21441
21451
21454
21459
21478
21481
21487
21492
21493
21495
21499
21512
21521
21531
21537
21540
21541
21550
21558
21565
21565
21567
21567
21570
21580
21587
21587
21588
21591
21597
21601
21601
21611
21614
21614
21614
21619
21622
21623
21625
21629
21630
21633
21658
21664
21674
21677
21691
21696
21710
21712
21714
21717
21723
21724
21730
21734
21734
21741
21742
21745
21755
21763
21768
21781
21790
21792
21796
21797
21803
21805
21805
21809
21815
21820
21820
21830
21835
21838
21847
21858
21865
21874
21880
21880
21884
21895
21900
21902
21919
21921
21927
21937
21941
21942
21943
21953
21964
21974
21983
21986
21986
21997
21999
22005
22007
22011
22016
22022
22026
22033
22040
22041
22045
22047
22048
22048
22069
22075
22077
22078
22078
22089
22090
22092
22097
22098
22102
22122
22123
22131
22135
22138
22149
22159
22186
22187
22191
22200
22203
22209
22225
22229
22236
22238
22244
22256
22259
22265
22274
22277
22279
22283
22283
22305
22313
22314
22322
22331
22334
22337
22337
22338
22369
22377
22385
22388
22388
22404
22429
22430
22432
22461
22470
22473
22501
22518
22538
22554
22558
22563
22564
22571
22574
22574
22577
22578
22579
22589
22595
22597
22600
22613
22629
22638
22646
22671
22679
22685
22714
22751
22751
22757
22761
22762
22783
22837
22852
22854
22875
22878
22882
22922
22936
22952
22953
22957
22967
22986
23011
23021
23025
23028
23029
23051
23076
23122
23150
23150
23150
23164
23380
23445
23457
23496
23517
23567
23718
23725
23732
23769
23813
23827
23831
23879
23947
24033
24096
24141
24145
24149
24180
24181
24198
24229
24317
24339
24394
24427
24465
24665
24895
24957
24968
24999
25036
