154658
154709
154719
154826
154833
154892
154943
154965
155021
155042
155068
155140
155152
155184
155220
155256
155282
155300
155346
155361
155414
155419
155425
155430
155433
155446
155469
155483
155499
155528
155538
155542
155545
155551
155560
155616
155635
155641
155671
155695
155719
155776
155777
155788
155805
155811
155812
155813
155831
155851
155854
155885
155897
155917
155918
155959
155985
155985
155988
155996
155999
156000
156034
156068
156075
156088
156104
156111
156112
156135
156148
156172
156186
156200
156201
156202
156206
156210
156215
156215
156236
156260
156271
156289
156296
156304
156332
156333
156355
156360
156361
156361
156361
156376
156384
156394
156396
156403
156406
156431
156463
156468
156481
156498
156508
156519
156519
156535
156565
156568
156578
156586
156604
156604
156614
156615
156620
156647
156648
156659
156674
156678
156683
156699
156725
156729
156742
156744
156745
156750
156767
156791
156794
156804
156813
156813
156823
156830
156831
156833
156836
156849
156856
156859
156865
156868
156880
156892
156894
156903
156915
156926
156930
156931
156943
156948
156952
156952
156954
156955
156963
156971
156975
156988
156992
157011
157019
157029
157030
157038
157038
157040
157048
157050
157065
157067
157070
157072
157092
157096
157100
157112
157122
157125
157125
157128
157129
157133
157134
157158
157178
157182
157183
157189
157210
157211
157215
157227
157238
157275
157285
157304
157306
157308
157313
157317
157323
157326
157326
157337
157339
157346
157348
157368
157370
157370
157371
157381
157386
157389
157404
157415
157416
157417
157425
157433
157435
157441
157449
157457
157457
157482
157517
157522
157535
157542
157556
157570
157572
157591
157607
157626
157634
157647
157660
157667
157679
157698
157703
157726
157735
157742
157750
157756
157761
157782
157794
157794
157796
157815
157861
157862
157864
157865
157869
157880
157914
157919
157921
157956
157964
157966
157971
157979
157985
157986
158006
158007
158018
158034
158040
158046
158080
158088
158088
158101
158126
158128
158134
158144
158146
158184
158197
158202
158212
158217
158227
158241
158242
158258
158258
158264
158266
158288
158290
158316
158321
158329
158330
158331
158344
158352
158355
158397
158398
158406
158423
158430
158435
158446
158496
158499
158534
158552
158560
158567
158568
158579
158584
158693
158695
158697
158702
158703
158710
158711
158720
158728
158780
158791
158818
158901
158903
158909
158917
158942
158943
158969
159007
159019
159043
159056
159145
159146
159241
159246
159292
159298
159309
159309
159327
159371
159373
159375
159389
159427
159446
159487
159587
159610
159634
159666
159670
159689
159694
159708
159787
159813
159825
159916
159972
159979
159995
160034
160044
160104
160109
160111
160119
160134
160213
160307
160339
160368
160389
160407
160427
160542
160634
160806
160856
160943
161043
161094
161095
161103
161126
161184
161212
161521
161547
161719
161809
162056
162334
162347
162423
162438
162440
162485
162511
162543
162750
162874
162885
162933
163087
163348
163375
163475
163538
163546
163765
163831
163874
163932
164058
164262
164267
164268
164400
164846
165057
165176
165225
165226
165296
165298
165305
165325
165346
165364
165381
165423
165425
165435
165531
165536
165596
165632
165637
165649
165674
165689
165715
165748
165763
165771
165781
165804
165837
165844
165851
165856
165859
165865
165871
165900
165923
165943
165948
165953
165955
165965
165968
165969
165972
165996
166000
166042
166050
166061
166070
166074
166074
166076
166084
166094
166094
166121
166122
166135
166141
166146
166163
166163
166179
166181
166183
166185
166196
166206
166218
166220
166222
166236
166243
166257
166265
166272
166284
166290
166296
166298
166312
166323
166324
166326
166333
166339
166342
166346
166352
166354
166360
166362
166362
166367
166370
166394
166405
166417
166423
166428
166446
166446
166459
166465
166470
166474
166477
166477
166493
166512
166522
166533
166537
166550
166554
166557
166557
166557
166567
166568
166570
166570
166578
166578
166594
166599
166614
166622
166627
166629
166630
166640
166661
166663
166664
166669
166673
166677
166677
166677
166682
166694
166695
166698
166712
166713
166718
166722
166755
166758
166760
166760
166766
166766
166789
166798
166806
166808
166824
166833
166837
166841
166860
166865
166873
166873
166875
166884
166887
166892
166902
166905
166908
166916
166917
166923
166924
166924
166930
166938
166945
166946
166958
166959
166966
166970
166979
166992
167000
167001
167005
167012
167033
167045
167049
167062
167073
167079
167084
167085
167096
167101
167105
167106
167106
167107
167112
167114
167115
167127
167140
167149
167156
167156
167157
167157
167159
167160
167160
167168
167182
167194
167196
167197
167205
167207
167208
167221
167224
167226
167232
167236
167238
167239
167244
167244
167245
167262
167264
167282
167283
167288
167301
167309
167309
167315
167316
167316
167317
167317
167322
167326
167345
167348
167350
167352
167353
167355
167357
167358
167363
167363
167364
167389
167396
167405
167405
167408
167414
167428
167431
167438
167440
167441
167443
167465
167468
167472
167473
167474
167482
167488
167495
167511
167511
167519
167534
167536
167538
167545
167551
167554
167556
167557
167560
167563
167567
167567
167576
167603
167608
167616
167629
167630
167631
167633
167634
167646
167652
167655
167660
167665
167672
167680
167693
167700
167704
167705
167712
167717
167718
167718
167724
167741
167743
167763
167776
167780
167782
167789
167814
167820
167821
167821
167829
167835
167836
167836
167842
167843
167844
167852
167857
167861
167865
167867
167872
167884
167896
167897
167912
167922
167923
167935
167939
167942
167947
167949
167968
167974
167998
168001
168006
168010
168011
168014
168016
168032
168048
168053
168054
168069
168078
168079
168095
168097
168110
168115
168128
168130
168133
168148
168155
168157
168160
168175
168200
168220
168220
168223
168226
168229
168243
168285
168294
168294
168297
168299
168301
168318
168319
168325
168326
168335
168343
168351
168353
168389
168434
168465
168468
168468
168494
168510
168544
168548
168597
168610
168611
168626
168626
168666
168672
168680
168729
168740
168775
168780
168799
168812
168827
168880
168894
168914
168919
169024
169076
169077
169100
169101
169109
169116
169174
169183
169222
169238
169240
169265
169267
169267
169285
169324
169333
169344
169353
169408
169411
169431
169463
169467
169480
169520
169523
169526
169549
169556
169559
169584
169636
169681
169682
169683
169744
169757
169785
169791
169821
169828
169850
169930
169933
169948
169981
170007
170066
170086
170123
170129
170145
170168
170175
170178
170184
170203
170208
170252
170260
170280
170282
170300
170315
170377
170492
170560
170568
170653
170730
170840
170986
171034
171057
171111
171116
171206
171342
171490
171534
171538
171545
171724
171947
172102
172133
172306
172687
173821
173888
173990
173991
174108
174321
174562
174633
174823
174890
174973
175367
175865
175902
176766
177963
180780
180956
183841
193900
195032
198372
206749
207225
208330
208713
209087
209305
209568
209666
209779
