52078
52172
52415
52470
52716
52748
52907
53026
53039
53054
53199
53289
53301
53305
53437
53487
53555
53577
53596
53614
53641
53700
53740
53743
53753
53825
53836
53841
53856
53870
53884
53888
53900
53941
53946
53955
53966
53983
53984
54019
54051
54066
54073
54079
54094
54112
54114
54161
54169
54210
54220
54252
54267
54268
54271
54286
54328
54348
54360
54382
54394
54397
54410
54425
54436
54455
54467
54487
54490
54500
54510
54511
54513
54514
54517
54525
54525
54525
54540
54562
54565
54567
54575
54585
54589
54590
54592
54592
54593
54606
54607
54634
54638
54642
54650
54653
54654
54660
54669
54674
54675
54685
54692
54704
54708
54720
54736
54738
54739
54741
54746
54757
54759
54768
54774
54776
54780
54781
54783
54786
54789
54794
54803
54812
54812
54813
54819
54819
54820
54821
54823
54824
54825
54835
54845
54855
54855
54858
54863
54864
54870
54871
54872
54878
54884
54890
54904
54906
54909
54932
54932
54935
54939
54951
54954
54955
54960
54961
54964
54967
54972
54975
54976
54979
54981
54982
54982
54983
54984
54984
54991
54997
55001
55001
55003
55008
55019
55029
55030
55032
55034
55034
55041
55049
55050
55050
55051
55055
55056
55063
55070
55077
55083
55086
55087
55091
55093
55093
55094
55095
55104
55109
55114
55115
55116
55116
55117
55119
55120
55121
55122
55123
55125
55126
55127
55130
55131
55133
55136
55139
55151
55153
55155
55157
55169
55170
55183
55185
55193
55194
55196
55197
55198
55198
55203
55205
55208
55217
55218
55227
55227
55228
55232
55233
55239
55240
55241
55249
55254
55257
55259
55265
55266
55290
55291
55293
55296
55296
55300
55301
55303
55304
55306
55309
55318
55318
55328
55329
55332
55338
55339
55340
55340
55340
55346
55348
55353
55355
55357
55376
55377
55382
55383
55384
55386
55388
55389
55389
55390
55394
55395
55397
55399
55402
55404
55406
55406
55410
55410
55420
55427
55429
55430
55431
55434
55434
55437
55442
55446
55452
55456
55458
55459
55464
55464
55468
55469
55476
55478
55478
55478
55482
55483
55488
55493
55504
55508
55514
55515
55515
55517
55523
55524
55527
55530
55532
55533
55534
55537
55544
55546
55548
55550
55550
55551
55553
55562
55562
55563
55564
55564
55564
55567
55567
55573
55576
55576
55581
55581
55587
55591
55593
55595
55597
55598
55601
55601
55604
55604
55612
55614
55614
55614
55620
55621
55623
55623
55631
55634
55641
55643
55645
55646
55647
55652
55653
55659
55668
55668
55669
55672
55672
55672
55678
55678
55680
55686
55686
55691
55692
55694
55695
55696
55696
55698
55701
55704
55706
55709
55710
55711
55716
55717
55724
55727
55731
55732
55734
55735
55736
55737
55752
55755
55760
55762
55765
55768
55773
55773
55779
55779
55780
55786
55791
55794
55800
55801
55811
55811
55813
55823
55827
55830
55831
55831
55838
55841
55844
55845
55849
55859
55862
55864
55867
55868
55871
55872
55875
55876
55883
55884
55886
55889
55896
55897
55899
55900
55900
55902
55903
55907
55907
55913
55914
55916
55917
55921
55922
55928
55932
55933
55934
55937
55944
55945
55947
55948
55955
55958
55958
55959
55961
55963
55963
55965
55969
55980
55982
55993
55993
55994
55996
55998
56004
56006
56008
56009
56009
56011
56013
56015
56018
56019
56024
56027
56027
56042
56044
56048
56052
56052
56054
56054
56059
56062
56065
56068
56079
56086
56086
56088
56092
56097
56106
56112
56122
56123
56125
56126
56129
56133
56140
56141
56146
56148
56162
56162
56162
56163
56164
56166
56169
56174
56178
56178
56180
56183
56189
56201
56202
56204
56204
56206
56206
56214
56218
56222
56223
56226
56228
56228
56235
56242
56244
56245
56257
56259
56266
56266
56267
56273
56280
56282
56284
56285
56287
56297
56302
56309
56314
56317
56326
56327
56328
56331
56331
56339
56341
56341
56348
56350
56353
56358
56361
56374
56377
56388
56389
56396
56398
56406
56409
56417
56423
56424
56425
56432
56435
56440
56440
56443
56455
56455
56458
56463
56467
56468
56472
56477
56481
56482
56485
56487
56492
56492
56492
56494
56509
56516
56522
56533
56536
56539
56545
56545
56552
56553
56556
56557
56557
56560
56564
56565
56568
56572
56573
56575
56577
56581
56583
56585
56586
56590
56591
56602
56603
56605
56605
56607
56609
56610
56617
56618
56620
56623
56630
56635
56636
56636
56636
56636
56639
56641
56642
56646
56646
56647
56648
56651
56651
56653
56660
56664
56665
56690
56697
56712
56715
56718
56726
56727
56731
56732
56741
56747
56752
56755
56757
56767
56773
56773
56773
56773
56775
56775
56778
56786
56791
56799
56799
56818
56820
56821
56822
56823
56826
56826
56826
56831
56837
56846
56861
56870
56871
56876
56886
56892
56906
56908
56914
56922
56924
56927
56930
56948
56951
56969
56980
56982
56989
56990
56992
57004
57012
57012
57014
57047
57052
57061
57064
57073
57074
57078
57086
57088
57098
57104
57120
57128
57144
57144
57155
57157
57160
57163
57163
57166
57166
57167
57172
57174
57176
57191
57209
57211
57216
57224
57231
57239
57241
57272
57299
57312
57325
57332
57334
57345
57348
57363
57363
57367
57370
57380
57381
57407
57418
57424
57433
57441
57444
57455
57487
57501
57512
57523
57524
57527
57552
57554
57559
57572
57572
57584
57592
57593
57602
57605
57611
57616
57626
57643
57667
57667
57701
57704
57712
57777
57785
57796
57798
57805
57810
57830
57831
57831
57832
57833
57833
57835
57839
57839
57859
57877
57877
57882
57885
57894
57896
57906
57906
57907
57910
57920
57921
57926
57938
57951
57959
57962
57985
57995
57998
58041
58086
58095
58107
58107
58134
58159
58160
58160
58164
58176
58177
58230
58272
58276
58285
58307
58312
58333
58341
58357
58364
58368
58371
58377
58414
58417
58421
58424
58457
58491
58498
58514
58557
58557
58561
58586
58588
58594
58620
58625
58641
58674
58678
58707
58726
58755
58812
58835
58842
58870
58918
58998
59082
59096
59097
59110
59164
59167
59220
59221
59231
59273
59280
59303
59324
59330
59333
59355
59385
59425
59438
59475
59495
59536
59536
59585
59753
59822
59827
59832
59858
59883
59944
60050
60077
60097
60125
60224
60240
60245
60262
60443
60457
60467
60545
60599
60874
60874
60907
60922
60925
60960
61029
61101
61164
61346
61407
61564
61585
61600
61774
61926
62171
62196
62459
62539
62598
63076
63258
63311
63619
63628
65521
67288
68621
73831
74315
