24297
24407
24487
24960
25064
25088
25132
25132
25140
25149
25162
25176
25242
25246
25258
25284
25320
25338
25340
25375
25388
25397
25405
25408
25411
25428
25458
25535
25562
25613
25713
25743
25749
25820
25821
25837
25904
25958
25963
25963
25969
25991
26013
26013
26039
26053
26082
26109
26112
26158
26196
26209
26227
26340
26355
26400
26447
26494
26524
26604
26636
26656
26682
26715
26720
26768
26780
26848
26888
26890
26891
26929
26952
27121
27140
27322
27333
27410
27507
27526
27581
27608
27645
27649
27666
27679
27737
27842
27876
27932
28015
28015
28068
28090
28115
28256
28347
28919
28970
29029
29045
29111
29152
29239
29252
29260
29267
29310
29317
29391
29509
29547
29586
29606
29646
29680
29700
29743
29789
29791
29850
29907
29924
29949
29949
29955
29957
29972
30024
30054
30078
30078
30090
30111
30130
30135
30173
30177
30192
30252
30276
30281
30283
30299
30317
30319
30378
30386
30417
30421
30452
30453
30494
30503
30519
30527
30530
30556
30560
30569
30573
30573
30583
30601
30601
30603
30641
30653
30671
30715
30744
30750
30798
30824
30853
30858
30867
30871
30875
30878
30889
30891
30911
30918
30921
30941
30946
30947
30955
30956
30970
30976
30993
31011
31016
31020
31021
31025
31026
31030
31040
31072
31075
31079
31087
31091
31100
31108
31129
31136
31136
31139
31153
31158
31180
31182
31197
31217
31227
31235
31235
31245
31267
31281
31304
31305
31310
31330
31333
31334
31341
31343
31353
31353
31360
31367
31367
31368
31386
31389
31414
31422
31439
31456
31457
31468
31473
31476
31477
31479
31482
31488
31490
31494
31495
31507
31510
31516
31531
31540
31541
31548
31551
31561
31575
31583
31589
31591
31595
31600
31611
31623
31626
31646
31649
31653
31655
31686
31691
31691
31696
31702
31706
31714
31722
31734
31734
31737
31739
31746
31750
31751
31758
31758
31758
31784
31804
31805
31815
31818
31840
31840
31854
31858
31861
31870
31877
31878
31884
31897
31898
31904
31906
31906
31912
31914
31923
31923
31927
31931
31933
31936
31941
31943
31947
31958
31959
31962
31965
31968
31969
31972
31982
31983
31988
31988
31991
31992
31996
31999
32000
32005
32007
32017
32026
32033
32036
32038
32049
32057
32059
32059
32059
32060
32065
32072
32072
32073
32086
32091
32092
32096
32097
32097
32101
32102
32104
32105
32107
32107
32111
32111
32120
32130
32135
32139
32153
32165
32175
32176
32186
32187
32187
32188
32193
32193
32199
32199
32199
32200
32201
32201
32203
32208
32208
32212
32221
32222
32223
32226
32229
32229
32234
32238
32242
32247
32253
32257
32258
32260
32291
32297
32299
32303
32303
32304
32304
32307
32313
32317
32321
32322
32323
32325
32326
32330
32330
32336
32339
32340
32340
32348
32360
32361
32365
32366
32371
32373
32375
32375
32378
32380
32382
32384
32387
32397
32403
32405
32406
32409
32411
32416
32416
32419
32434
32446
32446
32449
32455
32456
32457
32457
32459
32462
32464
32465
32468
32469
32471
32478
32478
32481
32485
32488
32496
32498
32500
32505
32508
32510
32516
32519
32524
32528
32529
32534
32536
32538
32540
32549
32555
32575
32576
32591
32594
32600
32607
32608
32613
32615
32615
32616
32618
32629
32634
32636
32636
32637
32648
32652
32653
32656
32657
32671
32672
32675
32681
32687
32701
32707
32709
32709
32711
32712
32715
32725
32730
32736
32736
32739
32748
32753
32754
32758
32769
32772
32773
32781
32782
32782
32792
32802
32803
32807
32808
32808
32808
32811
32815
32817
32821
32823
32824
32826
32827
32830
32834
32837
32848
32850
32857
32858
32862
32869
32870
32871
32873
32880
32886
32894
32896
32901
32907
32917
32923
32924
32928
32931
32931
32940
32941
32941
32942
32951
32951
32951
32958
32960
32979
32987
32990
32992
32998
33002
33011
33012
33015
33020
33022
33022
33025
33030
33032
33039
33049
33051
33056
33063
33071
33071
33076
33082
33082
33085
33088
33089
33099
33104
33105
33117
33117
33117
33118
33119
33133
33135
33144
33150
33155
33160
33161
33161
33169
33173
33174
33180
33184
33191
33192
33205
33207
33208
33220
33223
33227
33230
33234
33243
33251
33251
33264
33270
33271
33273
33278
33287
33288
33295
33296
33302
33309
33309
33314
33315
33332
33333
33334
33340
33342
33343
33350
33354
33366
33369
33376
33390
33393
33394
33397
33398
33400
33402
33403
33416
33417
33424
33424
33426
33427
33430
33439
33455
33456
33457
33461
33478
33482
33500
33502
33510
33518
33529
33529
33530
33532
33539
33549
33550
33550
33552
33555
33556
33560
33560
33561
33565
33574
33575
33584
33590
33590
33605
33606
33613
33618
33620
33623
33625
33628
33630
33640
33645
33651
33653
33666
33671
33678
33681
33694
33701
33701
33704
33710
33714
33726
33732
33740
33744
33749
33762
33764
33768
33772
33781
33796
33803
33824
33830
33831
33833
33860
33871
33887
33889
33897
33914
33922
33926
33927
33932
33932
33933
33933
33938
33953
33961
33976
33981
33983
33996
34008
34013
34019
34029
34037
34045
34046
34051
34057
34057
34065
34065
34068
34069
34074
34091
34091
34099
34101
34106
34118
34122
34138
34153
34159
34176
34178
34193
34205
34225
34226
34241
34246
34246
34255
34267
34268
34276
34286
34286
34298
34313
34314
34323
34328
34330
34360
34383
34383
34384
34390
34391
34395
34405
34419
34431
34462
34462
34466
34475
34496
34505
34533
34535
34552
34554
34560
34562
34593
34599
34625
34631
34641
34644
34662
34664
34677
34682
34718
34731
34737
34750
34752
34763
34773
34778
34795
34827
34831
34844
34852
34862
34866
34870
34886
34886
34889
34906
34910
34923
34925
34928
34943
34945
34963
34967
34967
34985
34992
35005
35009
35032
35035
35046
35067
35103
35118
35125
35156
35166
35180
35186
35187
35200
35200
35262
35282
35323
35383
35403
35437
35475
35480
35480
35489
35498
35548
35555
35562
35590
35659
35678
35695
35696
35703
35737
35757
35786
35793
35798
35827
35889
35948
35954
35970
35971
35997
36034
36096
36107
36160
36176
36224
36226
36245
36251
36255
36267
36281
36289
36290
36370
36508
36529
36576
36583
36589
36589
36634
36642
36667
36678
36717
36749
36750
36768
36782
36817
36856
36909
36912
36989
37057
37083
37159
37216
37222
37250
37278
37284
37430
37445
37486
37585
37620
37858
37930
37948
38105
38226
38287
38404
38603
38658
38748
39223
39806
40985
41881
45592
