4262
4268
4287
4300
4304
4308
4308
4316
4342
4353
4356
4362
4366
4388
4392
4398
4413
4414
4421
4424
4453
4456
4458
4459
4461
4468
4468
4477
4478
4479
4481
4483
4483
4487
4488
4491
4491
4491
4492
4495
4496
4500
4501
4502
4505
4505
4512
4515
4519
4521
4522
4528
4528
4530
4533
4539
4540
4544
4545
4546
4549
4549
4552
4554
4554
4556
4558
4560
4560
4560
4562
4565
4571
4573
4573
4576
4581
4585
4587
4588
4591
4592
4593
4593
4598
4608
4608
4609
4609
4609
4611
4616
4620
4621
4622
4626
4627
4631
4632
4632
4637
4638
4639
4641
4642
4642
4643
4654
4656
4657
4659
4662
4664
4666
4667
4667
4671
4677
4678
4678
4678
4680
4692
4696
4699
4701
4702
4702
4702
4702
4704
4704
4705
4707
4707
4708
4709
4714
4714
4716
4716
4720
4722
4728
4729
4730
4731
4735
4736
4740
4744
4746
4747
4753
4754
4757
4763
4769
4770
4775
4778
4779
4784
4785
4793
4793
4798
4798
4799
4802
4806
4809
4812
4812
4814
4818
4818
4818
4821
4821
4824
4824
4829
4832
4834
4843
4847
4851
4854
4862
4862
4863
4864
4866
4868
4871
4877
4877
4877
4888
4890
4893
4896
4896
4897
4899
4900
4901
4904
4907
4907
4908
4910
4910
4910
4911
4915
4916
4928
4930
4932
4932
4934
4940
4947
4947
4949
4951
4953
4956
4963
4963
4966
4966
4970
4973
4979
4982
4985
4987
4991
4993
4994
4997
4998
5003
5003
5004
5006
5013
5015
5018
5019
5022
5028
5030
5037
5041
5042
5043
5047
5056
5057
5062
5074
5084
5086
5098
5101
5101
5104
5107
5112
5115
5126
5126
5141
5142
5144
5145
5151
5155
5156
5170
5172
5175
5175
5179
5190
5198
5198
5200
5206
5207
5211
5212
5213
5216
5225
5232
5241
5242
5249
5250
5259
5264
5265
5272
5272
5275
5286
5288
5288
5291
5303
5310
5320
5322
5323
5325
5335
5338
5340
5342
5348
5355
5357
5366
5367
5369
5372
5375
5375
5375
5379
5383
5388
5390
5390
5390
5399
5406
5416
5419
5420
5420
5425
5426
5432
5440
5440
5444
5457
5463
5463
5470
5475
5479
5483
5487
5488
5500
5501
5506
5506
5507
5510
5515
5524
5527
5531
5533
5571
5578
5579
5581
5582
5589
5589
5590
5593
5593
5594
5595
5598
5598
5603
5607
5609
5613
5616
5618
5619
5620
5631
5638
5639
5644
5647
5650
5653
5657
5659
5659
5659
5660
5660
5662
5665
5667
5668
5671
5672
5674
5676
5676
5678
5678
5683
5685
5692
5692
5699
5712
5720
5725
5731
5731
5734
5737
5740
5740
5741
5742
5753
5754
5756
5770
5770
5775
5776
5777
5779
5780
5783
5789
5794
5797
5801
5802
5804
5804
5804
5804
5807
5809
5811
5813
5819
5823
5823
5825
5828
5832
5834
5834
5835
5843
5847
5848
5853
5861
5862
5864
5866
5867
5869
5871
5872
5879
5880
5893
5894
5896
5901
5902
5905
5908
5909
5911
5911
5912
5918
5919
5922
5922
5923
5924
5929
5933
5933
5935
5936
5939
5943
5946
5956
5956
5958
5959
5960
5962
5969
5972
5976
5982
5985
5986
5986
5986
5989
5990
5991
5994
6000
6005
6005
6006
6007
6012
6016
6019
6020
6024
6027
6039
6043
6045
6047
6050
6053
6053
6054
6055
6057
6057
6058
6062
6064
6064
6066
6067
6070
6074
6074
6075
6078
6083
6085
6086
6089
6090
6091
6091
6094
6097
6097
6099
6101
6107
6108
6111
6113
6114
6114
6124
6125
6125
6127
6134
6135
6135
6137
6138
6144
6144
6152
6156
6159
6161
6167
6170
6174
6179
6179
6181
6183
6184
6187
6188
6190
6190
6191
6193
6194
6196
6199
6203
6209
6214
6217
6223
6224
6225
6226
6227
6227
6229
6231
6231
6233
6235
6235
6236
6237
6239
6239
6242
6242
6243
6244
6246
6250
6250
6256
6257
6261
6262
6263
6264
6265
6266
6270
6270
6273
6274
6275
6279
6280
6282
6283
6286
6288
6288
6292
6292
6293
6297
6299
6301
6302
6304
6304
6304
6309
6310
6313
6317
6318
6322
6322
6322
6325
6326
6334
6336
6337
6338
6338
6341
6341
6342
6351
6355
6356
6363
6367
6367
6374
6374
6378
6382
6385
6389
6389
6392
6393
6395
6398
6400
6404
6405
6408
6410
6411
6412
6415
6423
6424
6425
6426
6427
6427
6428
6429
6431
6433
6433
6434
6436
6437
6438
6438
6440
6443
6445
6448
6455
6456
6457
6461
6462
6467
6467
6470
6473
6475
6478
6479
6481
6482
6485
6485
6488
6489
6490
6491
6492
6496
6498
6501
6503
6504
6507
6508
6510
6512
6514
6519
6520
6521
6524
6526
6527
6529
6531
6536
6537
6540
6541
6542
6545
6546
6549
6550
6553
6553
6554
6554
6564
6567
6567
6571
6579
6579
6588
6588
6591
6592
6592
6593
6597
6599
6600
6602
6602
6602
6605
6628
6631
6632
6634
6634
6637
6637
6637
6638
6639
6642
6642
6644
6644
6646
6646
6647
6649
6649
6650
6655
6656
6656
6658
6658
6660
6664
6665
6665
6673
6675
6683
6683
6688
6693
6696
6698
6705
6705
6707
6709
6714
6716
6716
6718
6719
6720
6721
6724
6725
6735
6738
6738
6745
6746
6751
6753
6753
6754
6763
6764
6765
6767
6775
6779
6780
6785
6785
6786
6787
6787
6790
6792
6793
6797
6798
6803
6808
6808
6813
6814
6815
6815
6816
6816
6817
6827
6840
6842
6845
6846
6847
6849
6849
6852
6864
6871
6874
6875
6877
6880
6880
6888
6890
6896
6899
6902
6905
6906
6908
6917
6918
6920
6932
6935
6939
6956
6957
6959
6960
6966
6977
6977
6980
6986
6988
6997
6998
7008
7010
7015
7017
7018
7021
7024
7025
7026
7026
7032
7035
7056
7059
7060
7067
7077
7084
7086
7093
7099
7099
7106
7108
7115
7118
7119
7121
7124
7129
7129
7144
7144
7145
7145
7154
7161
7163
7166
7180
7186
7187
7202
7208
7214
7221
7240
7251
7270
7280
7308
7345
7412
7420
7420
7441
7500
7509
7516
7539
7558
7579
7587
7609
7660
7679
7755
7760
7863
7874
8125
8444
8671
9154
