154483
154667
154750
154780
154811
154816
154839
154892
154949
154967
154982
154988
155005
155006
155017
155036
155041
155062
155071
155093
155104
155112
155119
155136
155136
155148
155173
155174
155202
155210
155211
155211
155213
155225
155234
155285
155294
155302
155307
155315
155324
155325
155333
155343
155348
155365
155371
155402
155408
155410
155416
155430
155433
155445
155447
155453
155456
155463
155472
155490
155509
155513
155549
155585
155594
155605
155614
155618
155618
155633
155658
155662
155670
155674
155676
155691
155700
155702
155705
155715
155720
155721
155735
155737
155743
155748
155760
155773
155777
155782
155782
155791
155795
155801
155803
155807
155814
155822
155823
155833
155838
155854
155856
155886
155887
155897
155904
155911
155922
155922
155926
155928
155931
155940
155941
155958
155964
155966
155970
155975
155975
155977
155978
155986
155990
155995
156005
156009
156014
156031
156033
156035
156058
156064
156066
156068
156080
156088
156088
156091
156095
156099
156100
156103
156107
156108
156108
156126
156131
156135
156136
156144
156145
156146
156147
156153
156157
156157
156157
156162
156165
156169
156170
156186
156191
156207
156217
156222
156225
156227
156236
156237
156239
156244
156252
156252
156253
156261
156271
156280
156289
156295
156315
156322
156337
156339
156346
156347
156348
156358
156365
156369
156375
156397
156399
156399
156401
156404
156408
156409
156410
156412
156423
156442
156448
156453
156456
156472
156483
156490
156498
156507
156514
156518
156519
156529
156530
156532
156532
156534
156552
156556
156556
156557
156558
156563
156576
156576
156579
156582
156586
156591
156594
156594
156600
156603
156607
156615
156617
156620
156623
156624
156628
156631
156631
156641
156647
156654
156655
156663
156664
156667
156669
156673
156675
156684
156711
156711
156713
156715
156717
156719
156724
156737
156754
156762
156770
156774
156775
156778
156780
156790
156790
156799
156800
156809
156823
156837
156837
156842
156852
156857
156863
156865
156868
156879
156879
156881
156887
156890
156893
156896
156897
156898
156915
156933
156934
156942
156943
156943
156952
156961
156968
156973
156974
156991
157008
157013
157015
157019
157036
157059
157065
157065
157072
157084
157092
157096
157097
157101
157108
157110
157126
157139
157149
157156
157159
157170
157178
157182
157186
157188
157203
157205
157211
157212
157214
157217
157234
157236
157240
157277
157286
157293
157330
157351
157362
157364
157364
157365
157392
157393
157394
157398
157416
157416
157429
157432
157433
157435
157457
157465
157465
157473
157473
157496
157502
157525
157549
157550
157558
157567
157601
157614
157618
157626
157628
157643
157652
157663
157706
157740
157751
157786
157845
157905
157916
157944
157956
157957
157988
158019
158090
158091
158108
158110
158112
158180
158210
158275
158294
158303
158365
158445
158454
158469
158473
158475
158490
158506
158631
158677
158680
158845
158857
158880
158895
159013
159238
159303
159600
159862
159892
159987
160057
160086
160147
160203
160218
160480
160539
160797
160927
161033
161191
161346
161407
162141
162296
162494
162716
162905
162905
163369
163394
163403
163619
163728
163795
163943
163963
164213
164594
164613
164627
164933
164948
164959
164975
165072
165141
165159
165164
165263
165279
165280
165358
165366
165386
165388
165389
165402
165403
165410
165419
165424
165426
165428
165429
165430
165445
165452
165454
165456
165472
165493
165496
165501
165502
165510
165512
165532
165539
165540
165555
165585
165597
165598
165605
165616
165635
165636
165643
165650
165661
165662
165671
165673
165677
165678
165699
165710
165720
165733
165747
165748
165753
165757
165760
165761
165761
165776
165776
165784
165785
165788
165800
165802
165803
165811
165818
165822
165828
165828
165828
165831
165842
165857
165867
165874
165877
165882
165892
165899
165907
165929
165931
165943
165953
165957
165966
165985
165986
165998
165998
166011
166016
166021
166024
166036
166039
166041
166045
166047
166051
166059
166063
166065
166075
166076
166086
166097
166097
166109
166114
166115
166124
166125
166130
166130
166133
166138
166140
166142
166143
166148
166156
166158
166163
166170
166171
166174
166178
166178
166186
166187
166199
166205
166207
166212
166224
166227
166234
166236
166236
166244
166244
166249
166250
166253
166254
166265
166274
166274
166278
166281
166285
166289
166292
166307
166308
166308
166311
166322
166327
166332
166333
166354
166361
166373
166376
166378
166388
166392
166394
166395
166395
166400
166401
166405
166410
166416
166421
166425
166426
166428
166443
166451
166458
166463
166467
166477
166477
166477
166478
166483
166484
166492
166496
166502
166504
166506
166509
166510
166514
166515
166520
166526
166530
166531
166544
166550
166551
166563
166563
166566
166577
166586
166587
166589
166593
166595
166596
166596
166597
166605
166607
166610
166613
166618
166625
166627
166642
166643
166644
166654
166657
166666
166671
166671
166673
166678
166679
166682
166688
166689
166697
166697
166699
166699
166702
166712
166713
166720
166725
166729
166731
166741
166742
166747
166747
166752
166756
166756
166760
166760
166763
166766
166770
166776
166784
166789
166792
166793
166794
166796
166823
166829
166834
166834
166835
166841
166845
166845
166845
166847
166849
166864
166864
166865
166867
166875
166876
166881
166895
166904
166905
166910
166922
166925
166931
166931
166935
166935
166943
166943
166944
166950
166951
166954
166961
166972
166988
166990
167001
167006
167007
167018
167019
167030
167031
167044
167056
167061
167071
167073
167080
167085
167090
167099
167104
167108
167111
167128
167128
167131
167133
167140
167149
167152
167158
167160
167168
167172
167184
167192
167192
167196
167206
167207
167210
167214
167228
167244
167246
167256
167268
167283
167288
167296
167304
167315
167317
167318
167325
167353
167359
167365
167377
167381
167385
167386
167386
167388
167404
167409
167419
167434
167454
167474
167496
167500
167504
167505
167511
167522
167534
167535
167540
167572
167574
167591
167612
167633
167634
167635
167639
167659
167660
167664
167695
167711
167723
167726
167730
167730
167739
167743
167755
167778
167782
167782
167796
167798
167798
167808
167850
167865
167875
167893
167894
167900
167914
167924
167930
167955
167967
167970
168008
168069
168069
168097
168144
168177
168182
168208
168231
168246
168258
168333
168426
168438
168451
168470
168484
168526
168558
168559
168573
168588
168599
168609
168628
168649
168652
168734
168771
168775
168809
168839
168894
168903
169005
169028
169086
169151
169188
169211
169263
169305
169335
169351
169442
169875
169920
169924
169935
169970
170023
170024
170052
170061
170074
170111
170137
170240
170331
170359
170442
170450
170481
170661
170914
171033
171077
171137
171166
171216
171371
171549
171664
171839
171857
172586
172606
172699
172847
173101
173122
173167
173182
173325
173789
174206
174251
174318
174443
175621
175680
176897
177071
177271
178626
179476
181247
181963
182246
184646
185751
188335
190055
192127
193187
198563
198686
207183
208202
208917
209932
210109
