14066
14130
14250
14255
14383
14393
14515
14575
14591
14604
14705
14765
14772
14821
14832
14836
14867
14869
14870
14874
14881
14918
14948
14950
14968
14978
15028
15029
15056
15086
15095
15108
15123
15149
15206
15296
15311
15313
15361
15364
15405
15417
15417
15448
15450
15453
15480
15513
15527
15528
15532
15542
15545
15564
15567
15574
15629
15643
15647
15661
15662
15663
15665
15670
15674
15682
15686
15706
15775
15778
15780
15781
15785
15811
15811
15817
15839
15841
15843
15849
15851
15859
15881
15893
15899
15902
15917
15918
15941
15951
15951
15974
15986
15991
15993
16017
16036
16036
16047
16056
16059
16065
16076
16132
16144
16159
16180
16181
16192
16199
16200
16218
16230
16235
16245
16249
16260
16268
16272
16273
16283
16289
16292
16294
16297
16310
16328
16333
16358
16358
16367
16369
16381
16393
16396
16399
16434
16461
16475
16481
16494
16515
16524
16525
16528
16536
16574
16579
16594
16603
16618
16653
16692
16698
16730
16739
16742
16762
16770
16771
16774
16781
16785
16787
16793
16793
16806
16808
16818
16825
16830
16832
16858
16858
16864
16867
16868
16894
16897
16899
16903
16910
16915
16924
16924
16930
16932
16936
16961
16961
16962
16966
16969
16980
16985
16996
17015
17016
17044
17061
17068
17074
17081
17082
17082
17093
17101
17102
17114
17116
17118
17121
17124
17132
17136
17146
17169
17172
17173
17180
17185
17196
17226
17243
17251
17251
17253
17277
17284
17284
17293
17313
17318
17324
17329
17330
17334
17336
17343
17368
17383
17392
17405
17407
17410
17411
17420
17442
17443
17446
17451
17454
17471
17473
17489
17501
17508
17533
17550
17551
17561
17561
17571
17579
17580
17587
17588
17588
17598
17603
17611
17613
17630
17635
17640
17664
17666
17666
17667
17681
17683
17684
17692
17696
17708
17710
17710
17715
17726
17728
17737
17755
17758
17771
17778
17781
17793
17803
17817
17825
17830
17847
17849
17856
17857
17858
17878
17880
17906
17911
17914
17930
17941
17942
17958
17986
18006
18006
18013
18027
18028
18041
18045
18049
18069
18070
18086
18103
18136
18143
18202
18214
18223
18231
18245
18253
18257
18265
18274
18287
18297
18302
18306
18311
18316
18322
18356
18360
18363
18369
18370
18392
18398
18407
18413
18481
18504
18509
18532
18550
18567
18573
18591
18604
18608
18616
18616
18618
18626
18628
18637
18640
18655
18668
18710
18711
18736
18738
18740
18762
18762
18766
18775
18803
18807
18829
18860
18863
18873
18875
18879
18893
18894
18910
18912
18913
18913
18918
18932
18948
18963
18968
18973
18977
18992
18993
18999
19008
19046
19062
19068
19072
19082
19084
19095
19131
19137
19162
19170
19171
19171
19185
19186
19190
19211
19230
19231
19232
19236
19262
19263
19268
19282
19286
19302
19314
19317
19318
19318
19323
19332
19335
19338
19342
19354
19356
19364
19381
19384
19384
19392
19398
19408
19417
19420
19430
19441
19446
19448
19449
19451
19462
19465
19470
19476
19483
19493
19506
19507
19508
19528
19533
19543
19565
19582
19584
19587
19642
19642
19645
19653
19665
19689
19698
19708
19709
19715
19762
19783
19784
19792
19814
19837
19842
19843
19853
19855
19856
19859
19872
19876
19883
19892
19896
19901
19909
19918
19919
19923
19934
19942
19942
19951
19961
19965
19977
19992
19994
19999
20004
20014
20015
20016
20027
20027
20038
20046
20091
20093
20097
20097
20099
20100
20100
20107
20111
20112
20114
20115
20123
20160
20168
20183
20185
20187
20227
20234
20238
20254
20270
20273
20276
20280
20288
20294
20311
20333
20346
20348
20366
20369
20370
20374
20385
20388
20398
20411
20420
20424
20427
20439
20445
20445
20461
20462
20477
20478
20481
20500
20506
20509
20524
20526
20531
20545
20564
20569
20575
20595
20603
20609
20622
20632
20634
20635
20641
20648
20649
20675
20680
20680
20681
20694
20696
20710
20711
20724
20731
20732
20744
20757
20757
20765
20774
20775
20783
20783
20788
20793
20794
20799
20812
20814
20830
20849
20850
20854
20878
20878
20885
20886
20887
20888
20894
20894
20894
20900
20903
20923
20930
20939
20950
20965
20966
20968
20976
20976
20993
20996
21005
21006
21006
21007
21020
21024
21030
21035
21042
21045
21047
21051
21074
21085
21085
21086
21091
21093
21104
21110
21113
21115
21120
21130
21130
21135
21146
21159
21160
21166
21171
21174
21187
21191
21195
21207
21210
21210
21222
21251
21251
21260
21288
21306
21312
21322
21324
21332
21333
21334
21340
21359
21362
21362
21372
21389
21392
21402
21406
21406
21414
21415
21424
21425
21426
21428
21434
21444
21450
21451
21457
21458
21466
21470
21474
21481
21483
21497
21499
21519
21523
21526
21534
21539
21540
21542
21556
21583
21589
21597
21604
21608
21609
21620
21625
21626
21628
21633
21636
21639
21640
21643
21646
21648
21651
21654
21664
21669
21671
21690
21692
21694
21698
21719
21731
21731
21734
21745
21752
21755
21758
21766
21768
21771
21784
21786
21788
21800
21802
21802
21827
21840
21840
21845
21859
21860
21860
21860
21861
21862
21873
21873
21880
21881
21885
21902
21908
21919
21942
21946
21953
21954
21956
21964
21990
21991
22005
22014
22020
22023
22026
22027
22038
22040
22051
22057
22068
22068
22068
22074
22079
22088
22094
22099
22120
22135
22144
22150
22151
22167
22172
22200
22202
22212
22248
22251
22259
22261
22262
22270
22271
22276
22288
22290
22298
22307
22321
22344
22346
22349
22351
22367
22374
22378
22392
22403
22410
22416
22417
22426
22431
22468
22479
22480
22505
22511
22511
22518
22528
22545
22546
22547
22573
22578
22583
22592
22612
22614
22624
22629
22643
22650
22654
22669
22669
22669
22685
22690
22724
22725
22728
22731
22742
22768
22778
22788
22812
22814
22815
22820
22825
22829
22831
22845
22860
22872
22893
22935
22945
22970
22985
23020
23022
23023
23032
23060
23065
23072
23077
23079
23109
23128
23148
23170
23184
23194
23194
23196
23205
23207
23213
23216
23222
23259
23268
23284
23289
23293
23306
23338
23378
23413
23414
23428
23444
23468
23512
23519
23547
23578
23579
23585
23590
23635
23651
23654
23668
23670
23683
23686
23717
23739
23777
23790
23828
23847
23857
23860
23881
23890
23901
23929
23931
23971
23994
24056
24073
24273
24288
24289
24324
24441
24446
24466
24668
24677
24679
24687
24724
24861
25089
25198
25301
25370
25394
25735
25753
26098
26279
27029
27167
