122444
122642
122741
122813
122844
123012
123060
123090
123119
123131
123149
123163
123224
123229
123261
123297
123297
123302
123311
123321
123348
123365
123373
123378
123395
123418
123441
123450
123453
123459
123475
123483
123511
123531
123548
123584
123606
123613
123617
123621
123638
123640
123654
123676
123696
123714
123715
123717
123745
123760
123764
123765
123784
123793
123801
123810
123811
123818
123823
123831
123847
123849
123851
123855
123865
123878
123878
123879
123891
123906
123929
123936
123940
123956
123966
123970
123975
123976
123978
123982
123988
123991
124001
124007
124009
124029
124070
124091
124096
124101
124105
124108
124129
124138
124149
124154
124155
124162
124171
124172
124181
124187
124188
124188
124193
124196
124198
124211
124218
124222
124223
124247
124250
124258
124276
124282
124283
124285
124290
124299
124303
124312
124312
124320
124321
124324
124330
124338
124344
124353
124361
124363
124372
124381
124384
124402
124404
124407
124415
124435
124441
124441
124445
124446
124455
124478
124480
124483
124500
124508
124510
124520
124521
124525
124538
124551
124568
124580
124584
124584
124585
124599
124622
124629
124629
124649
124661
124663
124684
124688
124689
124696
124701
124712
124714
124730
124734
124736
124740
124743
124747
124751
124757
124758
124760
124769
124778
124790
124790
124792
124818
124824
124824
124829
124832
124836
124840
124841
124843
124853
124864
124874
124875
124881
124904
124918
124930
124937
124940
124979
124981
124985
124988
124989
125003
125012
125030
125040
125064
125072
125073
125085
125091
125091
125093
125097
125138
125143
125144
125153
125171
125182
125190
125190
125217
125219
125220
125238
125250
125286
125292
125309
125310
125314
125321
125323
125341
125342
125371
125377
125404
125420
125470
125473
125481
125508
125509
125522
125531
125541
125543
125557
125568
125575
125595
125601
125610
125610
125610
125611
125612
125629
125639
125651
125661
125681
125682
125687
125717
125742
125765
125767
125772
125787
125823
125830
125845
125859
125869
125893
125904
125931
125953
126032
126060
126164
126167
126168
126188
126201
126239
126251
126255
126256
126289
126319
126382
126395
126435
126447
126456
126504
126537
126537
126554
126620
126640
126656
126698
126700
126750
126762
126782
126806
126897
126953
127053
127069
127098
127149
127152
127183
127231
127401
127423
127477
127513
127592
127602
127647
127672
127675
127700
127710
127774
127783
127792
127810
127843
127875
127887
127887
127956
127975
127979
128055
128068
128115
128145
128213
128239
128244
128280
128293
128298
128306
128362
128465
128469
128491
128515
128582
128633
128655
128708
128712
128870
128892
128937
128976
129011
129033
129121
129135
129192
129212
129224
129243
129323
129328
129404
129408
129436
129463
129503
129519
129577
129607
129616
129619
129628
129649
129667
129674
129775
129933
130002
130008
130123
130164
130208
130211
130214
130276
130282
130397
130452
130465
130495
130518
130526
130588
130590
130595
130802
130821
130822
130838
130910
130941
130961
130961
131012
131020
131026
131026
131026
131034
131056
131097
131158
131159
131170
131177
131210
131216
131222
131237
131248
131258
131273
131311
131313
131319
131321
131335
131358
131362
131366
131367
131369
131384
131384
131387
131399
131400
131403
131404
131405
131417
131422
131426
131447
131464
131484
131491
131496
131497
131509
131534
131534
131545
131547
131554
131563
131572
131573
131577
131582
131582
131588
131590
131599
131621
131622
131623
131627
131628
131633
131648
131670
131672
131681
131708
131708
131714
131717
131718
131718
131724
131726
131726
131727
131728
131732
131739
131740
131740
131744
131745
131746
131754
131761
131768
131774
131791
131801
131807
131811
131818
131828
131835
131838
131843
131844
131861
131861
131881
131881
131891
131895
131898
131909
131910
131911
131912
131915
131922
131924
131926
131927
131931
131937
131939
131948
131951
131951
131953
131957
131961
131968
131969
131972
131983
131986
131987
131988
131993
131995
132004
132010
132022
132023
132025
132033
132035
132037
132037
132039
132044
132054
132063
132064
132067
132070
132072
132077
132095
132099
132099
132099
132100
132104
132111
132116
132117
132119
132124
132126
132137
132137
132147
132154
132159
132161
132167
132169
132176
132186
132192
132197
132197
132201
132206
132206
132208
132210
132212
132219
132228
132230
132233
132234
132237
132241
132242
132243
132243
132244
132244
132245
132249
132252
132253
132258
132259
132259
132266
132271
132280
132289
132290
132293
132299
132300
132300
132308
132314
132319
132320
132320
132333
132335
132341
132343
132347
132352
132366
132373
132380
132384
132392
132398
132401
132407
132418
132421
132423
132424
132430
132430
132436
132444
132446
132449
132450
132453
132455
132458
132460
132470
132473
132477
132482
132485
132495
132498
132499
132526
132530
132537
132542
132560
132560
132563
132564
132572
132574
132576
132577
132580
132583
132589
132589
132591
132595
132596
132597
132616
132619
132621
132629
132630
132635
132644
132645
132651
132655
132658
132664
132665
132673
132682
132686
132690
132721
132726
132734
132740
132747
132756
132761
132764
132767
132770
132782
132783
132788
132801
132806
132820
132826
132851
132861
132893
132905
132909
132924
132927
132929
132931
132959
132959
132964
132972
132975
132977
132979
132990
133000
133013
133017
133057
133062
133066
133070
133072
133073
133096
133106
133117
133152
133152
133160
133164
133168
133168
133173
133187
133188
133190
133193
133200
133231
133238
133242
133246
133253
133275
133305
133321
133335
133336
133340
133342
133356
133363
133386
133389
133410
133456
133458
133466
133469
133470
133475
133484
133498
133564
133568
133614
133615
133621
133651
133667
133674
133690
133711
133714
133738
133741
133742
133745
133746
133752
133755
133766
133772
133773
133782
133789
133824
133863
133868
133930
133944
133956
133986
134019
134032
134040
134044
134133
134133
134189
134231
134236
134261
134279
134314
134340
134347
134353
134434
134435
134472
134500
134536
134567
134577
134582
134583
134755
134803
134849
134917
134932
134964
135001
135033
135084
135111
135157
135198
135220
135222
135254
135283
135311
135314
135372
135374
135402
135455
135503
135509
135541
135550
135555
135561
135569
135577
135606
135619
135634
135683
135689
135705
135713
135759
135858
135905
135907
135957
135968
135972
136044
136049
136130
136189
136196
136225
136231
136576
136626
136651
136684
136691
136739
136838
137019
137189
137199
137266
137546
137611
137653
137783
137796
137805
137950
137980
138022
138112
138210
138294
138309
138507
138576
138631
138648
138700
138822
138897
138979
138995
139003
139051
139333
139342
139425
139431
139510
139584
139597
139659
139772
139781
140159
140320
140333
140381
140521
140527
140654
140932
140971
141324
141361
141455
141695
141821
142066
142209
142780
143521
144756
145686
146577
146683
147183
147266
147294
148057
149671
149894
150072
150725
151559
153201
153329
153470
154402
163732
164362
165669
165740
166047
170016
175159
