19071
20014
20017
20049
20112
20135
20150
20162
20289
20310
20319
20322
20356
20390
20404
20454
20462
20463
20475
20514
20547
20625
20628
20637
20638
20638
20648
20665
20705
20799
20801
20802
20830
20833
20847
20849
20850
20858
20867
20870
20880
20880
20883
20884
20884
20885
20887
20892
20907
20916
20923
20934
20935
20944
20944
20951
20958
21004
21013
21015
21015
21020
21022
21029
21030
21037
21045
21060
21066
21067
21072
21076
21080
21091
21092
21095
21097
21103
21109
21111
21131
21139
21140
21141
21147
21164
21164
21164
21170
21171
21174
21185
21193
21193
21194
21199
21206
21207
21208
21209
21214
21215
21217
21220
21220
21224
21225
21242
21262
21265
21267
21270
21271
21277
21283
21293
21297
21300
21307
21308
21316
21316
21317
21317
21319
21321
21325
21329
21331
21338
21340
21351
21352
21354
21355
21357
21361
21365
21369
21371
21372
21374
21377
21386
21402
21403
21404
21407
21414
21423
21423
21427
21429
21431
21432
21434
21447
21447
21447
21451
21465
21470
21471
21472
21477
21489
21491
21505
21507
21513
21514
21516
21521
21525
21527
21532
21533
21547
21547
21549
21549
21552
21566
21568
21568
21569
21573
21577
21577
21578
21580
21585
21590
21591
21596
21607
21607
21607
21608
21609
21615
21618
21619
21621
21623
21624
21627
21630
21631
21637
21638
21648
21652
21653
21662
21663
21664
21664
21665
21671
21673
21681
21682
21683
21683
21683
21684
21686
21690
21691
21693
21694
21699
21700
21702
21705
21706
21707
21707
21719
21720
21721
21721
21733
21734
21745
21749
21751
21752
21765
21767
21778
21780
21780
21787
21788
21791
21797
21803
21805
21815
21817
21819
21822
21823
21830
21837
21841
21847
21849
21850
21852
21853
21854
21856
21863
21874
21879
21879
21884
21885
21885
21889
21892
21894
21896
21897
21903
21907
21909
21911
21911
21915
21916
21918
21919
21920
21921
21927
21932
21934
21940
21943
21945
21952
21953
21954
21954
21959
21959
21959
21961
21962
21964
21965
21969
21972
21978
21983
21983
21988
21989
21991
22001
22005
22007
22015
22016
22017
22020
22021
22028
22029
22030
22033
22034
22037
22039
22045
22061
22062
22063
22064
22065
22070
22070
22074
22075
22078
22084
22089
22090
22091
22093
22094
22097
22104
22106
22110
22113
22119
22119
22123
22125
22126
22126
22128
22130
22131
22139
22145
22159
22161
22162
22163
22167
22168
22174
22175
22177
22177
22179
22182
22182
22183
22189
22193
22205
22206
22208
22209
22216
22220
22224
22224
22224
22224
22225
22228
22232
22233
22236
22237
22240
22250
22250
22252
22253
22258
22268
22270
22275
22282
22293
22293
22294
22294
22295
22299
22305
22309
22310
22328
22328
22328
22333
22338
22340
22343
22351
22352
22354
22356
22357
22357
22358
22359
22362
22362
22368
22370
22373
22373
22375
22376
22378
22387
22393
22396
22399
22411
22418
22423
22426
22436
22445
22448
22448
22459
22459
22460
22468
22474
22477
22477
22484
22487
22489
22507
22509
22516
22520
22520
22530
22531
22531
22533
22537
22537
22541
22546
22547
22551
22557
22560
22566
22572
22578
22581
22582
22589
22589
22591
22594
22602
22606
22606
22614
22615
22617
22624
22626
22637
22648
22649
22649
22653
22654
22655
22655
22657
22657
22660
22665
22673
22673
22674
22676
22677
22682
22686
22694
22696
22696
22697
22699
22700
22700
22701
22701
22702
22705
22707
22710
22712
22713
22717
22719
22719
22719
22719
22721
22727
22729
22731
22732
22739
22740
22742
22748
22751
22759
22760
22760
22764
22765
22767
22769
22770
22771
22776
22778
22778
22780
22781
22783
22790
22791
22804
22805
22807
22808
22813
22813
22818
22823
22827
22830
22833
22839
22846
22851
22852
22853
22862
22863
22865
22865
22866
22871
22872
22882
22888
22890
22891
22901
22904
22905
22907
22913
22913
22918
22932
22935
22938
22945
22963
22974
22981
22981
22986
23003
23003
23008
23022
23031
23039
23045
23048
23063
23064
23064
23072
23079
23082
23082
23092
23094
23098
23101
23106
23114
23123
23129
23131
23132
23142
23147
23149
23151
23154
23156
23157
23163
23163
23185
23186
23186
23193
23194
23196
23197
23201
23207
23218
23228
23231
23231
23234
23244
23250
23256
23264
23275
23278
23287
23287
23293
23301
23310
23323
23332
23337
23342
23343
23346
23348
23348
23377
23380
23392
23394
23395
23396
23398
23403
23420
23422
23429
23429
23431
23431
23432
23435
23439
23443
23443
23443
23444
23446
23467
23473
23473
23481
23485
23506
23508
23511
23528
23531
23534
23546
23547
23560
23563
23570
23578
23578
23581
23581
23601
23604
23607
23619
23621
23623
23625
23628
23635
23640
23642
23642
23642
23643
23645
23655
23658
23660
23664
23678
23687
23687
23691
23694
23695
23698
23707
23710
23715
23722
23722
23727
23728
23758
23759
23760
23761
23768
23769
23769
23771
23774
23787
23794
23794
23811
23811
23814
23816
23823
23824
23830
23837
23840
23849
23859
23859
23864
23865
23867
23878
23879
23883
23884
23886
23888
23890
23892
23900
23907
23909
23911
23915
23917
23922
23925
23946
23952
23966
23972
23987
23997
24003
24011
24012
24021
24025
24025
24027
24044
24045
24045
24053
24058
24058
24068
24080
24082
24082
24089
24091
24096
24097
24100
24101
24108
24115
24124
24133
24135
24141
24161
24162
24165
24169
24170
24179
24190
24193
24195
24197
24197
24207
24208
24220
24230
24253
24254
24259
24275
24275
24278
24298
24305
24315
24322
24323
24340
24365
24374
24374
24375
24380
24382
24384
24397
24397
24401
24436
24436
24440
24451
24453
24463
24467
24485
24498
24526
24549
24564
24576
24609
24610
24632
24640
24652
24652
24661
24684
24729
24738
24765
24770
24783
24817
24822
24834
24841
24842
24864
24875
24978
25000
25024
25055
25059
25062
25076
25077
25096
25125
25128
25143
25179
25194
25197
25221
25233
25233
25234
25247
25249
25268
25278
25288
25336
25338
25338
25349
25350
25363
25367
25367
25416
25441
25448
25484
25492
25511
25515
25526
25526
25556
25601
25602
25612
25649
25667
25669
25767
25781
25818
25920
25949
25957
25979
26030
26089
26094
26108
26160
26171
26219
26257
26292
26341
26361
26365
26384
26432
26536
26703
26751
26812
26864
26908
26929
27091
27093
27316
27387
27407
27506
27550
27583
27617
27753
27893
28044
28065
28091
28181
28308
28312
28701
28849
29133
29299
29392
30226
