18966
19004
19009
19153
19361
19549
19794
19839
19893
19935
19948
19967
20084
20097
20187
20208
20213
20226
20227
20273
20293
20346
20376
20400
20423
20428
20491
20498
20504
20558
20597
20603
20624
20625
20628
20664
20703
20745
20778
20788
20792
20824
20829
20831
20837
20879
20892
20893
20895
20898
20908
20924
20924
20937
20939
20965
21011
21023
21024
21026
21057
21124
21140
21147
21155
21161
21167
21179
21198
21202
21210
21220
21224
21231
21249
21251
21256
21259
21263
21266
21280
21297
21300
21307
21320
21331
21337
21337
21346
21360
21371
21373
21378
21383
21400
21412
21419
21437
21445
21458
21459
21460
21468
21471
21472
21472
21483
21487
21493
21520
21524
21533
21535
21540
21542
21551
21558
21565
21575
21579
21588
21595
21600
21603
21610
21611
21613
21614
21624
21628
21632
21632
21654
21668
21672
21678
21688
21691
21697
21699
21700
21717
21725
21727
21737
21740
21759
21760
21762
21767
21771
21776
21786
21798
21799
21823
21828
21829
21831
21840
21845
21848
21848
21868
21870
21872
21875
21878
21879
21891
21901
21904
21905
21913
21939
21953
21956
21967
21969
21973
21974
21991
21992
21992
22002
22002
22007
22008
22010
22011
22017
22018
22018
22023
22027
22028
22043
22043
22053
22055
22057
22079
22083
22090
22093
22099
22105
22117
22118
22119
22129
22132
22132
22138
22150
22159
22164
22174
22176
22188
22191
22206
22214
22215
22215
22216
22218
22218
22219
22224
22234
22234
22239
22240
22245
22251
22257
22259
22267
22268
22270
22271
22271
22274
22279
22283
22293
22306
22311
22311
22320
22324
22331
22337
22338
22339
22343
22345
22349
22349
22349
22355
22358
22360
22362
22376
22379
22382
22401
22405
22408
22411
22414
22415
22416
22417
22423
22436
22439
22439
22441
22445
22457
22457
22459
22471
22476
22476
22486
22489
22493
22495
22497
22497
22503
22504
22508
22509
22510
22519
22530
22531
22532
22534
22538
22550
22555
22564
22567
22573
22584
22585
22586
22593
22597
22601
22604
22632
22633
22636
22647
22658
22661
22675
22700
22707
22715
22720
22731
22732
22748
22750
22754
22772
22775
22776
22777
22780
22800
22804
22804
22813
22822
22827
22836
22841
22842
22848
22849
22852
22853
22854
22855
22858
22860
22870
22870
22876
22884
22887
22890
22894
22905
22905
22908
22915
22923
22938
22939
22949
22951
22952
22954
22955
22956
22960
22963
22966
22967
22976
22977
22977
22979
22991
22993
22995
23010
23011
23020
23022
23022
23028
23033
23034
23047
23052
23057
23071
23083
23087
23088
23096
23097
23101
23104
23109
23131
23132
23133
23136
23141
23142
23147
23149
23153
23161
23161
23164
23165
23175
23175
23181
23181
23186
23186
23196
23200
23205
23213
23214
23221
23222
23223
23223
23228
23240
23244
23244
23258
23272
23278
23286
23306
23315
23315
23316
23316
23320
23321
23322
23323
23336
23336
23340
23345
23346
23348
23353
23355
23355
23356
23356
23359
23361
23362
23364
23371
23373
23373
23374
23380
23386
23391
23400
23401
23406
23412
23416
23420
23425
23427
23429
23437
23437
23443
23447
23454
23460
23468
23476
23478
23479
23483
23494
23504
23509
23511
23512
23518
23525
23529
23531
23536
23539
23540
23544
23548
23548
23555
23555
23561
23568
23574
23575
23576
23580
23584
23587
23593
23596
23611
23618
23618
23620
23624
23625
23634
23640
23648
23663
23676
23677
23682
23689
23692
23698
23699
23716
23716
23720
23723
23726
23732
23742
23743
23746
23754
23757
23763
23765
23769
23772
23773
23777
23785
23787
23787
23793
23794
23798
23800
23809
23810
23815
23816
23832
23839
23851
23852
23853
23855
23864
23865
23879
23885
23885
23887
23896
23897
23898
23904
23908
23909
23919
23920
23928
23931
23938
23938
23940
23941
23941
23944
23945
23945
23952
23954
23957
23958
23958
23961
23967
23969
23972
23984
23985
23997
24003
24004
24005
24006
24011
24011
24013
24015
24019
24038
24040
24044
24047
24052
24054
24058
24058
24061
24068
24075
24076
24089
24098
24102
24104
24117
24118
24127
24133
24134
24134
24143
24151
24151
24153
24153
24154
24161
24169
24171
24184
24190
24190
24192
24197
24204
24208
24214
24215
24218
24225
24226
24235
24235
24246
24249
24265
24272
24277
24279
24283
24295
24301
24310
24311
24321
24324
24329
24333
24333
24337
24349
24350
24350
24355
24358
24359
24362
24366
24367
24368
24371
24375
24383
24385
24385
24385
24389
24402
24402
24405
24408
24411
24413
24416
24422
24425
24441
24442
24443
24444
24453
24454
24464
24470
24473
24474
24502
24517
24524
24529
24530
24535
24542
24543
24548
24550
24551
24551
24551
24553
24556
24558
24561
24563
24567
24572
24591
24602
24609
24616
24616
24616
24638
24640
24641
24641
24643
24648
24649
24649
24660
24665
24673
24685
24687
24687
24693
24693
24701
24702
24705
24707
24714
24726
24738
24770
24771
24773
24774
24775
24776
24780
24781
24786
24792
24802
24809
24814
24822
24824
24830
24833
24835
24846
24870
24872
24873
24889
24903
24906
24923
24951
24976
24976
24976
24982
24990
25002
25003
25007
25008
25015
25016
25017
25033
25037
25040
25044
25044
25061
25065
25074
25082
25092
25092
25094
25112
25121
25126
25141
25143
25148
25153
25155
25158
25172
25175
25179
25180
25184
25192
25193
25194
25221
25234
25245
25253
25271
25301
25306
25308
25314
25324
25359
25373
25430
25454
25455
25456
25457
25474
25486
25486
25500
25532
25547
25551
25552
25559
25562
25569
25571
25577
25579
25582
25583
25584
25589
25620
25622
25632
25635
25649
25667
25668
25670
25681
25687
25715
25729
25738
25738
25745
25749
25750
25756
25761
25773
25779
25789
25791
25807
25808
25811
25826
25847
25854
25871
25880
25884
25903
25923
25936
25966
25969
25986
25988
26013
26025
26029
26034
26048
26056
26081
26128
26134
26139
26145
26150
26154
26166
26177
26180
26183
26201
26212
26223
26233
26260
26260
26269
26279
26299
26325
26368
26381
26399
26411
26413
26420
26420
26436
26448
26461
26466
26533
26547
26563
26564
26565
26585
26632
26663
26683
26716
26733
26743
26761
26781
26785
26791
26827
26844
26863
26865
26894
26899
26928
26938
26958
26984
27027
27033
27040
27062
27079
27095
27180
27227
27236
27275
27330
27428
27518
27565
27692
27829
27852
27854
27866
27895
27994
28006
28063
28133
28141
28262
28703
28736
29410
30126
32951
