1811
1843
1861
1890
1890
1896
1914
1921
1924
1927
1934
1937
1943
1944
1945
1947
1948
1950
1953
1955
1956
1957
1965
1968
1976
1977
1978
1979
1980
1982
1984
1985
1985
1990
1994
1996
2008
2008
2009
2023
2026
2029
2039
2039
2043
2049
2051
2052
2055
2056
2058
2058
2059
2067
2070
2072
2075
2076
2082
2082
2085
2086
2089
2090
2090
2093
2096
2098
2099
2101
2101
2106
2110
2117
2118
2118
2126
2126
2136
2139
2147
2151
2151
2154
2165
2168
2170
2172
2175
2177
2182
2184
2186
2186
2189
2196
2199
2202
2216
2216
2220
2224
2225
2225
2228
2229
2231
2233
2233
2236
2242
2246
2251
2252
2253
2258
2258
2264
2265
2267
2270
2274
2276
2277
2278
2285
2289
2290
2292
2295
2295
2295
2296
2299
2306
2308
2311
2312
2313
2318
2318
2322
2326
2329
2332
2332
2338
2342
2346
2347
2349
2350
2362
2369
2371
2372
2377
2378
2379
2384
2386
2393
2394
2398
2400
2406
2411
2413
2414
2416
2419
2422
2425
2426
2428
2429
2432
2438
2439
2455
2456
2458
2458
2460
2466
2470
2470
2471
2473
2475
2475
2480
2488
2493
2494
2498
2499
2501
2501
2503
2503
2503
2505
2506
2509
2510
2511
2512
2512
2515
2520
2531
2532
2539
2544
2545
2552
2554
2559
2559
2562
2566
2566
2569
2570
2571
2585
2585
2589
2591
2592
2593
2596
2601
2601
2602
2603
2612
2619
2623
2628
2633
2634
2635
2637
2638
2643
2643
2644
2647
2649
2649
2652
2654
2656
2657
2657
2659
2662
2664
2670
2671
2683
2683
2684
2691
2692
2694
2694
2698
2700
2709
2710
2711
2717
2722
2725
2726
2737
2738
2742
2745
2745
2746
2749
2750
2751
2752
2752
2754
2757
2757
2758
2758
2759
2763
2766
2766
2768
2769
2774
2774
2778
2779
2784
2786
2788
2793
2797
2798
2798
2803
2803
2806
2806
2810
2810
2810
2811
2812
2813
2814
2815
2816
2817
2825
2825
2827
2831
2835
2837
2838
2846
2846
2848
2854
2858
2858
2858
2859
2860
2862
2872
2877
2883
2883
2886
2892
2894
2896
2897
2899
2903
2904
2908
2908
2908
2924
2927
2943
2943
2946
2948
2952
2956
2957
2961
2964
2965
2968
2970
2974
2979
2981
2985
2986
2987
2988
2989
2997
2998
2999
3001
3001
3002
3005
3010
3010
3011
3011
3014
3017
3021
3032
3034
3035
3036
3038
3039
3041
3043
3045
3046
3047
3048
3050
3052
3054
3054
3060
3064
3064
3065
3067
3071
3073
3078
3079
3081
3084
3086
3087
3087
3088
3091
3092
3094
3094
3095
3096
3099
3102
3107
3110
3115
3122
3123
3127
3130
3134
3136
3137
3138
3138
3138
3139
3142
3143
3145
3146
3148
3150
3150
3153
3153
3155
3160
3161
3162
3164
3165
3165
3168
3169
3178
3180
3180
3184
3188
3188
3188
3192
3194
3202
3203
3205
3208
3209
3211
3212
3214
3215
3217
3217
3217
3218
3222
3223
3223
3225
3225
3233
3234
3234
3235
3236
3243
3243
3248
3248
3249
3249
3250
3253
3254
3254
3254
3254
3256
3259
3266
3268
3269
3270
3270
3275
3278
3279
3281
3284
3285
3286
3286
3290
3290
3294
3296
3296
3297
3300
3303
3304
3304
3305
3307
3316
3316
3317
3320
3323
3324
3326
3326
3328
3333
3333
3335
3336
3337
3338
3338
3339
3341
3343
3344
3345
3345
3348
3349
3350
3351
3351
3352
3352
3353
3354
3354
3354
3360
3361
3362
3367
3370
3370
3378
3379
3379
3381
3382
3382
3385
3386
3388
3389
3389
3394
3395
3396
3398
3398
3399
3401
3402
3402
3403
3404
3405
3406
3407
3408
3409
3415
3416
3419
3421
3422
3424
3424
3424
3425
3427
3428
3438
3439
3439
3441
3441
3442
3449
3449
3451
3454
3455
3456
3456
3457
3457
3458
3458
3458
3459
3459
3465
3466
3466
3468
3471
3472
3474
3477
3479
3479
3486
3486
3494
3494
3495
3497
3497
3498
3501
3501
3501
3504
3504
3505
3505
3506
3506
3506
3506
3507
3509
3509
3509
3510
3511
3511
3514
3516
3516
3517
3517
3518
3519
3525
3526
3527
3534
3535
3538
3538
3540
3540
3541
3541
3542
3543
3543
3544
3545
3546
3549
3553
3554
3556
3558
3559
3559
3560
3562
3563
3566
3566
3567
3567
3567
3568
3570
3574
3574
3575
3576
3576
3578
3581
3581
3582
3584
3587
3589
3590
3591
3595
3596
3596
3598
3599
3600
3600
3601
3602
3604
3607
3610
3611
3613
3613
3614
3615
3615
3621
3621
3622
3627
3629
3631
3632
3633
3633
3636
3636
3639
3639
3641
3641
3644
3644
3644
3645
3646
3646
3646
3646
3649
3650
3653
3654
3656
3659
3666
3667
3670
3670
3671
3672
3672
3672
3672
3673
3674
3678
3680
3682
3684
3685
3687
3692
3698
3700
3701
3703
3706
3706
3708
3708
3708
3711
3711
3713
3714
3714
3715
3715
3716
3716
3717
3718
3720
3722
3722
3723
3726
3727
3728
3730
3731
3731
3735
3735
3735
3738
3739
3742
3742
3745
3745
3746
3748
3748
3751
3751
3751
3761
3767
3770
3772
3772
3773
3774
3775
3779
3780
3780
3780
3783
3786
3788
3789
3791
3792
3793
3794
3797
3799
3799
3799
3800
3802
3804
3805
3805
3807
3810
3811
3813
3815
3821
3823
3824
3824
3825
3826
3827
3827
3827
3832
3835
3836
3837
3838
3841
3843
3849
3852
3853
3854
3857
3858
3858
3858
3860
3860
3860
3861
3863
3865
3870
3870
3871
3873
3874
3876
3878
3882
3885
3886
3890
3890
3902
3902
3904
3907
3908
3909
3910
3910
3918
3923
3923
3926
3930
3932
3932
3938
3939
3940
3945
3951
3951
3958
3964
3964
3965
3966
3967
3982
3982
3983
3987
3990
3992
3995
3996
4006
4007
4007
4012
4013
4015
4027
4032
4034
4034
4036
4036
4038
4052
4054
4055
4058
4059
4059
4062
4063
4066
4072
4074
4074
4078
4085
4085
4096
4110
4117
4141
4146
4148
4159
4185
4193
4197
4223
4229
4253
4313
4319
4350
4358
4361
4385
4425
4429
4501
4623
4641
4744
4800
5593
7001
