449
453
455
457
463
464
466
466
470
471
474
474
477
478
484
484
486
487
487
487
487
490
490
492
493
493
494
494
494
497
497
497
498
499
500
500
501
501
501
501
501
501
502
502
503
503
504
504
504
504
504
505
505
505
505
506
508
508
508
508
508
508
509
510
510
511
511
512
512
512
512
512
512
512
512
512
513
513
514
514
515
515
515
515
515
515
515
515
515
516
516
516
516
516
516
516
517
517
517
517
519
519
519
519
519
519
519
519
520
520
520
521
521
522
522
522
523
523
523
523
523
523
523
523
523
523
523
523
523
523
523
523
524
524
524
524
524
524
525
525
526
526
527
527
527
527
527
527
527
527
527
527
527
527
527
527
527
527
527
528
528
528
528
528
528
529
530
530
530
530
531
531
531
531
531
531
531
531
531
531
531
531
531
531
531
531
531
531
531
531
531
531
531
532
532
532
533
533
533
533
533
533
534
534
534
534
534
534
534
535
535
535
535
535
535
535
535
535
535
535
535
535
535
535
535
535
535
535
535
536
536
536
536
537
537
537
537
538
538
538
538
538
539
539
539
539
539
539
539
539
539
539
540
540
540
540
540
541
541
541
542
542
542
542
542
543
543
543
543
543
543
543
543
543
543
543
543
543
543
544
544
544
544
544
544
544
544
545
545
545
545
545
545
546
546
547
547
547
547
547
548
548
548
548
548
549
552
552
552
553
553
554
555
555
555
556
556
556
556
558
558
559
559
559
560
560
561
561
562
563
564
564
564
565
565
566
566
568
568
568
569
569
569
570
570
570
571
571
574
574
575
575
578
579
580
581
581
581
582
583
586
586
587
587
588
590
591
593
593
594
596
596
596
598
599
600
601
601
602
602
603
603
604
604
606
606
607
609
610
612
614
615
616
616
616
617
618
618
620
620
621
622
623
623
624
625
626
626
627
628
628
632
632
633
634
638
639
640
641
644
644
645
645
646
646
646
647
648
648
649
650
651
651
652
652
654
654
655
655
656
656
656
656
658
658
659
660
660
661
661
661
661
663
664
666
666
666
666
667
667
667
668
669
669
672
672
672
673
674
674
674
675
675
675
676
676
678
679
679
680
681
681
681
682
682
682
683
684
684
688
689
690
691
691
691
691
692
692
693
694
694
694
695
695
696
696
696
696
697
699
700
700
700
700
701
701
701
701
702
703
703
703
704
704
704
704
704
706
706
707
708
708
709
709
710
710
710
710
711
711
711
712
712
712
712
712
713
713
714
714
715
715
715
715
715
716
716
716
716
716
717
717
717
718
719
719
719
719
721
721
721
722
722
723
723
724
725
725
726
726
726
727
727
727
727
727
728
728
730
730
730
731
731
732
732
732
733
733
733
735
735
735
736
737
737
737
737
738
738
739
739
739
739
740
740
740
741
741
741
741
742
742
743
743
743
744
744
744
744
745
745
745
745
746
748
748
748
749
749
749
749
749
749
750
750
750
750
750
750
750
751
751
751
752
752
752
752
753
753
753
754
754
755
755
755
755
756
756
757
757
757
757
757
757
757
758
758
759
759
759
759
759
760
760
760
761
761
761
761
762
762
763
763
763
764
765
765
766
766
766
767
767
767
767
767
767
768
768
768
768
768
769
769
769
769
770
770
771
771
772
772
772
774
774
775
775
776
777
777
777
777
777
777
777
777
778
778
778
778
778
779
779
780
780
781
782
782
783
783
783
783
783
783
784
784
785
785
785
785
786
786
786
786
786
786
787
787
787
788
789
789
789
790
790
790
790
791
791
791
792
792
792
792
792
792
793
793
793
793
793
793
793
794
795
795
795
795
795
796
796
796
796
797
797
798
798
798
798
799
800
800
800
800
801
801
801
801
802
802
802
802
803
804
804
804
804
804
805
805
805
805
805
805
806
807
808
808
809
809
809
809
810
810
811
811
812
812
813
813
815
815
816
817
818
820
820
821
821
822
822
822
823
823
823
823
824
824
824
824
824
825
826
827
827
829
830
830
831
831
832
832
833
835
836
836
836
837
837
838
838
839
839
839
840
840
840
840
841
841
841
842
842
842
843
844
844
844
845
845
845
845
846
848
848
849
850
851
854
854
855
856
857
858
858
858
859
859
861
861
865
865
868
868
869
870
870
872
874
876
878
880
882
882
883
883
883
883
885
886
890
894
895
895
899
904
905
905
907
911
914
917
920
920
924
927
940
944
945
949
953
954
962
981
986
993
1003
1011
1012
1022
1046
1054
1058
1084
1097
1097
1097
1112
1115
1148
1165
1168
1219
1259
1301
1313
1459
1522
1638
1751
5505
