30600
30937
30973
31308
31415
31544
31706
31767
31820
31937
31974
32056
32108
32120
32190
32204
32218
32330
32369
32373
32427
32430
32435
32455
32483
32494
32518
32523
32524
32537
32558
32559
32578
32602
32606
32617
32636
32672
32684
32687
32690
32729
32735
32758
32789
32793
32811
32815
32829
32830
32835
32858
32860
32870
32871
32898
32909
32913
32917
32932
32951
32958
32958
33009
33015
33022
33037
33044
33048
33060
33083
33123
33124
33147
33177
33184
33189
33206
33207
33210
33214
33218
33222
33231
33234
33257
33258
33259
33271
33288
33306
33307
33323
33326
33345
33348
33350
33355
33357
33359
33376
33382
33396
33399
33407
33424
33429
33467
33499
33513
33536
33537
33546
33559
33561
33572
33586
33596
33601
33604
33614
33615
33676
33685
33687
33695
33717
33721
33751
33751
33770
33786
33795
33811
33816
33817
33820
33826
33829
33842
33854
33861
33866
33868
33876
33881
33887
33889
33890
33893
33895
33899
33911
33915
33937
33939
33940
33941
33950
33954
33959
33974
33989
33992
33996
33999
34013
34019
34041
34041
34060
34066
34079
34094
34095
34100
34104
34124
34124
34126
34128
34145
34146
34153
34170
34177
34179
34188
34194
34198
34211
34217
34223
34242
34254
34257
34260
34262
34274
34276
34281
34282
34300
34304
34313
34319
34333
34335
34338
34340
34352
34365
34366
34383
34386
34393
34405
34414
34414
34422
34443
34460
34477
34485
34485
34493
34506
34519
34521
34536
34547
34551
34566
34575
34576
34587
34606
34606
34611
34611
34612
34636
34651
34652
34660
34668
34669
34708
34711
34715
34722
34730
34761
34784
34786
34797
34801
34811
34857
34875
34887
34907
34917
34933
34934
34948
34981
35033
35057
35074
35087
35148
35178
35245
35248
35263
35302
35314
35328
35335
35338
35375
35384
35413
35464
35473
35482
35499
35513
35525
35531
35563
35563
35599
35657
35674
35696
35713
35726
35737
35773
35793
35837
35863
35875
35878
35885
35890
35902
35902
35914
35919
35929
35946
35954
35956
35969
35972
35981
35991
36000
36011
36014
36017
36023
36030
36037
36052
36074
36077
36082
36096
36135
36162
36169
36169
36174
36183
36192
36194
36197
36206
36222
36228
36229
36247
36264
36268
36271
36295
36300
36307
36321
36324
36336
36346
36351
36357
36361
36393
36414
36421
36448
36448
36456
36458
36464
36479
36485
36485
36490
36502
36512
36516
36520
36523
36551
36552
36566
36575
36583
36588
36589
36604
36606
36620
36625
36630
36641
36643
36648
36652
36662
36677
36677
36680
36681
36697
36702
36704
36711
36717
36719
36732
36739
36742
36742
36743
36743
36749
36766
36784
36792
36797
36798
36798
36804
36808
36809
36820
36824
36825
36828
36850
36854
36863
36869
36875
36877
36882
36887
36896
36899
36911
36912
36914
36923
36937
36940
36942
36943
36949
36956
36958
36958
36961
36962
36968
36969
36984
36988
36992
37004
37007
37014
37020
37025
37029
37039
37043
37044
37048
37057
37059
37062
37064
37069
37071
37074
37076
37077
37080
37089
37097
37103
37106
37110
37120
37134
37137
37144
37151
37151
37156
37158
37171
37173
37176
37179
37186
37188
37189
37191
37192
37196
37196
37197
37202
37203
37240
37247
37250
37252
37253
37259
37261
37262
37262
37266
37269
37269
37273
37275
37275
37295
37296
37298
37299
37306
37307
37310
37317
37333
37345
37346
37351
37354
37355
37355
37360
37361
37373
37374
37375
37375
37375
37378
37379
37380
37382
37384
37387
37387
37391
37398
37403
37404
37422
37425
37427
37427
37430
37438
37439
37440
37441
37443
37444
37449
37453
37454
37455
37458
37458
37460
37462
37463
37465
37466
37471
37482
37483
37483
37486
37488
37490
37490
37492
37494
37494
37497
37505
37508
37511
37511
37511
37514
37514
37514
37522
37532
37533
37533
37537
37537
37541
37544
37545
37549
37549
37553
37554
37556
37556
37556
37558
37561
37565
37566
37568
37571
37572
37574
37575
37578
37579
37582
37593
37600
37601
37601
37608
37612
37613
37615
37620
37621
37622
37628
37632
37634
37634
37635
37635
37638
37643
37646
37656
37663
37664
37669
37673
37678
37679
37682
37691
37696
37696
37697
37700
37700
37703
37706
37706
37712
37715
37718
37725
37729
37733
37736
37753
37763
37775
37779
37781
37781
37784
37788
37792
37793
37793
37793
37800
37802
37811
37812
37816
37817
37819
37820
37826
37826
37832
37837
37849
37853
37854
37855
37868
37877
37878
37885
37886
37886
37892
37896
37903
37905
37905
37908
37909
37916
37917
37923
37924
37926
37928
37930
37938
37939
37948
37953
37956
37958
37960
37964
37965
37969
37969
37977
37980
37985
37987
37992
37995
37996
37999
38003
38005
38007
38009
38012
38016
38020
38024
38029
38039
38041
38045
38048
38048
38050
38051
38053
38054
38055
38056
38058
38066
38068
38068
38068
38071
38072
38075
38079
38080
38085
38099
38103
38105
38105
38106
38130
38130
38136
38138
38138
38143
38152
38156
38157
38159
38161
38168
38168
38171
38172
38173
38175
38179
38181
38187
38190
38197
38204
38207
38211
38216
38225
38227
38228
38229
38230
38238
38249
38254
38261
38263
38263
38268
38273
38275
38283
38286
38286
38287
38288
38295
38297
38306
38309
38309
38315
38316
38316
38330
38331
38333
38337
38350
38350
38362
38362
38370
38389
38393
38393
38394
38396
38399
38402
38406
38408
38411
38413
38416
38416
38424
38426
38444
38447
38449
38455
38456
38460
38463
38475
38492
38499
38504
38505
38511
38533
38535
38539
38550
38552
38560
38561
38566
38570
38584
38596
38598
38599
38607
38610
38634
38653
38656
38661
38664
38672
38677
38685
38691
38699
38706
38713
38723
38735
38754
38766
38789
38810
38811
38817
38825
38858
38858
38862
38869
38892
38911
38915
38921
38926
38951
38951
38978
38980
38991
38992
38996
38996
39014
39021
39040
39052
39067
39071
39105
39136
39147
39152
39154
39208
39209
39209
39211
39230
39240
39302
39305
39315
39316
39341
39425
39431
39463
39464
39484
39486
39499
39516
39543
39613
39649
39687
39702
39751
39859
39859
39933
39994
40046
40077
40097
40131
40165
40182
40245
40261
40277
40283
40331
40563
40591
40615
40621
40634
40664
40702
40706
40744
40823
40831
40841
40858
40877
41002
41006
41039
41074
41117
41136
41231
41365
41385
41656
41671
41702
41733
41770
41893
41952
42075
42372
42685
42942
43149
43634
43678
43687
43706
44063
44089
44229
