67029
69603
69829
70832
70900
70922
70973
71086
71162
71192
71371
71540
71555
71586
71686
71690
71732
71735
71754
71779
71791
71826
71835
71925
71941
71982
72004
72036
72045
72051
72055
72065
72083
72083
72099
72100
72102
72110
72125
72131
72133
72175
72182
72191
72202
72211
72216
72218
72219
72239
72242
72251
72261
72267
72267
72279
72295
72299
72306
72326
72334
72338
72339
72342
72391
72394
72411
72423
72429
72447
72452
72456
72462
72464
72469
72482
72482
72492
72493
72497
72504
72506
72522
72533
72540
72541
72541
72541
72546
72559
72561
72571
72575
72578
72581
72584
72585
72587
72594
72605
72614
72618
72621
72629
72640
72644
72646
72655
72657
72658
72659
72662
72663
72682
72685
72692
72698
72700
72704
72710
72718
72721
72736
72737
72739
72743
72746
72748
72757
72759
72762
72772
72776
72777
72781
72782
72787
72787
72788
72793
72794
72798
72803
72803
72810
72825
72825
72827
72831
72832
72835
72836
72840
72845
72847
72848
72859
72859
72867
72876
72877
72877
72881
72890
72898
72900
72904
72914
72923
72924
72929
72936
72941
72944
72946
72957
72957
72961
72980
72981
72986
72987
72988
72991
72993
73003
73020
73023
73028
73030
73038
73038
73050
73054
73070
73071
73071
73074
73078
73084
73084
73084
73085
73086
73090
73092
73096
73100
73102
73104
73105
73106
73109
73114
73119
73123
73128
73132
73138
73146
73149
73149
73151
73152
73156
73159
73160
73165
73172
73176
73179
73180
73180
73180
73184
73186
73190
73191
73192
73193
73195
73204
73205
73208
73211
73214
73216
73217
73219
73224
73225
73230
73231
73233
73233
73235
73244
73254
73257
73259
73262
73264
73272
73277
73285
73285
73288
73291
73291
73295
73297
73301
73301
73304
73306
73307
73307
73311
73311
73311
73316
73317
73322
73326
73326
73329
73335
73336
73339
73348
73348
73350
73352
73354
73358
73360
73362
73367
73373
73392
73395
73397
73403
73403
73405
73409
73410
73410
73411
73413
73415
73416
73428
73431
73431
73434
73439
73445
73448
73449
73452
73453
73455
73459
73464
73468
73470
73472
73474
73476
73482
73485
73485
73488
73492
73493
73494
73499
73501
73504
73513
73514
73520
73523
73527
73533
73535
73535
73544
73549
73559
73559
73564
73566
73566
73571
73572
73585
73605
73606
73608
73623
73624
73627
73629
73638
73639
73643
73651
73652
73654
73669
73675
73678
73678
73680
73682
73683
73684
73685
73686
73702
73705
73706
73713
73717
73717
73719
73721
73722
73723
73725
73728
73739
73747
73748
73750
73753
73760
73760
73766
73766
73767
73771
73774
73784
73788
73794
73797
73798
73799
73808
73812
73813
73815
73817
73817
73835
73844
73845
73846
73848
73850
73853
73854
73856
73867
73867
73873
73881
73881
73882
73890
73898
73903
73908
73912
73913
73919
73923
73925
73927
73927
73928
73928
73945
73951
73956
73957
73963
73966
73968
73972
73984
73994
73995
73996
74002
74009
74011
74012
74013
74013
74016
74025
74035
74044
74049
74050
74050
74051
74051
74054
74054
74056
74058
74073
74075
74092
74094
74096
74097
74101
74103
74105
74109
74113
74120
74122
74130
74137
74138
74146
74148
74151
74152
74153
74158
74159
74169
74172
74173
74179
74181
74184
74200
74203
74212
74212
74216
74221
74222
74222
74224
74226
74236
74247
74248
74249
74260
74260
74261
74268
74277
74277
74280
74283
74285
74290
74292
74292
74293
74293
74294
74295
74308
74310
74313
74315
74317
74318
74323
74336
74337
74346
74356
74357
74359
74369
74380
74380
74397
74397
74418
74419
74432
74438
74440
74440
74443
74453
74456
74469
74473
74483
74494
74495
74499
74500
74503
74512
74513
74513
74515
74516
74516
74517
74519
74519
74519
74519
74523
74523
74534
74541
74542
74542
74552
74553
74565
74566
74572
74573
74580
74581
74582
74583
74587
74596
74604
74612
74624
74626
74635
74639
74645
74648
74648
74653
74653
74654
74664
74668
74671
74689
74698
74709
74712
74717
74718
74724
74724
74725
74726
74727
74731
74748
74751
74759
74775
74778
74780
74790
74792
74794
74796
74798
74801
74828
74834
74834
74838
74839
74848
74849
74851
74852
74855
74857
74862
74866
74868
74869
74880
74890
74891
74892
74894
74897
74899
74899
74901
74903
74903
74911
74913
74914
74925
74928
74930
74940
74954
74955
74955
74956
74972
74976
74988
74992
75003
75018
75028
75034
75054
75061
75064
75076
75077
75079
75080
75080
75081
75082
75084
75091
75096
75112
75112
75121
75137
75138
75141
75148
75153
75161
75162
75168
75169
75172
75176
75180
75181
75189
75191
75198
75209
75221
75249
75253
75283
75288
75305
75308
75317
75329
75330
75337
75338
75338
75344
75356
75363
75375
75378
75382
75383
75394
75399
75400
75405
75406
75409
75411
75412
75429
75441
75441
75447
75459
75460
75468
75473
75476
75480
75487
75494
75510
75517
75518
75525
75530
75534
75539
75539
75540
75541
75548
75568
75572
75584
75586
75588
75595
75612
75621
75626
75634
75640
75662
75670
75706
75715
75715
75720
75722
75729
75734
75734
75747
75761
75761
75788
75791
75795
75832
75846
75870
75871
75878
75882
75893
75906
75917
75921
75929
75929
75938
75949
75956
75962
75987
75991
76007
76014
76014
76016
76022
76024
76036
76060
76060
76070
76070
76091
76116
76128
76134
76144
76151
76156
76165
76166
76192
76194
76226
76235
76238
76242
76265
76268
76269
76271
76291
76326
76358
76369
76389
76422
76423
76427
76435
76443
76457
76478
76497
76505
76508
76528
76536
76542
76570
76578
76583
76587
76595
76602
76607
76608
76608
76617
76626
76669
76671
76675
76691
76712
76726
76736
76738
76740
76762
76773
76790
76807
76828
76864
76873
76881
76894
76907
76914
76921
76952
76972
76973
76982
77009
77010
77025
77034
77053
77068
77079
77085
77105
77122
77123
77132
77150
77157
77186
77198
77207
77221
77222
77225
77246
77251
77268
77280
77299
77300
77305
77310
77331
77354
77357
77364
77371
77374
77395
77442
77482
77498
77514
77523
77535
77554
77564
77588
77597
77608
77649
77694
77696
77697
77710
77716
77732
77736
77759
77763
77765
77807
77812
77822
77831
77837
77840
77852
77852
77877
77889
77905
77919
77979
77982
78021
78063
78237
78242
78282
78285
78313
78318
78328
78401
78463
78474
78685
78701
78992
79072
79257
79344
79346
79373
79583
79710
79725
79856
80073
80614
81651
82036
82234
84325
84383
87788
88034
