59728
60000
60075
60177
60188
60281
60488
60564
60583
60598
60706
60763
60810
60847
60852
60865
60875
60948
60986
60999
61051
61109
61116
61132
61167
61185
61192
61303
61306
61308
61512
61551
61561
61563
61576
61578
61592
61692
61708
61738
61741
61753
61778
61786
61806
61807
61808
61842
61856
61860
61864
61864
61870
61884
61946
62016
62055
62113
62123
62190
62211
62212
62216
62218
62232
62238
62256
62260
62273
62283
62306
62311
62330
62340
62357
62359
62428
62432
62435
62436
62453
62461
62489
62493
62496
62529
62579
62584
62601
62602
62614
62629
62659
62683
62704
62710
62712
62768
62792
62810
62812
62827
62832
62840
62862
62872
62893
62898
62922
62959
62965
62978
62997
63006
63009
63011
63015
63016
63054
63057
63066
63094
63096
63098
63111
63122
63129
63130
63142
63143
63155
63168
63235
63242
63259
63263
63278
63294
63295
63329
63334
63341
63345
63346
63349
63351
63378
63384
63397
63402
63434
63441
63451
63455
63460
63476
63497
63509
63517
63522
63534
63553
63556
63563
63566
63584
63586
63595
63605
63609
63609
63618
63648
63651
63652
63658
63658
63666
63669
63670
63677
63678
63678
63684
63710
63734
63739
63743
63749
63762
63766
63771
63787
63792
63802
63805
63813
63825
63841
63843
63856
63861
63865
63873
63880
63891
63893
63921
63940
63949
63955
63956
63958
63971
63972
63978
64005
64005
64039
64060
64067
64067
64069
64076
64084
64086
64091
64119
64131
64131
64138
64139
64144
64166
64168
64177
64185
64187
64189
64194
64194
64208
64209
64222
64223
64242
64246
64258
64262
64288
64297
64317
64327
64327
64356
64360
64370
64387
64388
64389
64390
64403
64422
64429
64439
64441
64445
64446
64454
64468
64470
64472
64479
64485
64490
64490
64497
64499
64499
64500
64514
64515
64521
64553
64558
64573
64578
64615
64615
64642
64649
64665
64672
64672
64686
64695
64703
64706
64706
64711
64715
64720
64727
64740
64741
64745
64755
64770
64770
64777
64780
64784
64784
64787
64803
64805
64814
64818
64823
64834
64835
64844
64873
64888
64890
64894
64900
64919
64920
64922
64927
64931
64936
64939
64940
64947
64954
64957
64959
64961
64973
64975
64981
64993
64993
64994
64998
65002
65018
65021
65035
65037
65037
65042
65043
65046
65048
65080
65088
65095
65096
65104
65112
65113
65117
65127
65146
65152
65154
65161
65166
65173
65182
65187
65201
65203
65242
65245
65253
65257
65258
65269
65273
65290
65318
65320
65325
65325
65327
65332
65338
65346
65355
65387
65404
65413
65446
65448
65453
65460
65476
65505
65512
65518
65537
65547
65547
65553
65559
65561
65562
65570
65571
65581
65623
65625
65627
65634
65636
65639
65644
65647
65655
65676
65683
65686
65688
65702
65713
65721
65722
65732
65743
65747
65758
65761
65780
65781
65790
65795
65801
65808
65818
65830
65831
65836
65840
65851
65853
65855
65876
65878
65879
65912
65913
65916
65933
65949
65956
65965
65969
65983
65988
65994
65998
66016
66021
66028
66030
66038
66043
66044
66050
66055
66065
66066
66069
66086
66106
66109
66111
66123
66131
66133
66140
66141
66155
66155
66155
66157
66158
66159
66172
66175
66176
66181
66182
66194
66203
66209
66223
66224
66227
66232
66259
66277
66279
66292
66294
66298
66317
66322
66328
66339
66371
66376
66389
66391
66393
66401
66403
66411
66423
66425
66427
66449
66465
66473
66476
66485
66488
66494
66498
66510
66520
66535
66564
66571
66579
66583
66595
66597
66599
66603
66605
66614
66617
66622
66627
66634
66640
66645
66659
66663
66679
66681
66682
66700
66712
66737
66739
66751
66760
66762
66764
66771
66778
66779
66792
66824
66845
66847
66848
66849
66850
66853
66855
66865
66866
66871
66888
66900
66913
66917
66917
66918
66935
66943
67000
67033
67043
67051
67055
67061
67070
67071
67076
67079
67123
67130
67131
67133
67134
67145
67146
67146
67166
67176
67178
67180
67186
67227
67236
67243
67245
67251
67258
67258
67275
67283
67286
67289
67305
67308
67313
67316
67326
67326
67339
67342
67344
67351
67353
67369
67380
67389
67396
67401
67411
67412
67445
67453
67454
67460
67464
67497
67507
67508
67522
67555
67567
67577
67588
67589
67620
67621
67624
67628
67628
67629
67630
67636
67654
67663
67694
67697
67725
67727
67736
67740
67745
67748
67756
67787
67795
67815
67819
67849
67849
67861
67863
67865
67867
67870
67875
67890
67893
67895
67897
67909
67926
67959
67980
68001
68008
68016
68025
68035
68041
68047
68055
68067
68083
68083
68090
68091
68092
68093
68103
68105
68115
68125
68126
68132
68133
68135
68136
68174
68185
68195
68195
68197
68210
68217
68236
68240
68252
68260
68280
68281
68288
68325
68328
68342
68348
68354
68376
68378
68380
68394
68416
68440
68451
68472
68504
68513
68517
68523
68527
68529
68529
68535
68538
68545
68546
68557
68567
68575
68585
68594
68625
68645
68652
68663
68665
68684
68718
68730
68746
68748
68761
68770
68776
68803
68847
68849
68854
68854
68873
68880
68883
68883
68891
68904
68919
68941
68950
68956
68958
68965
68967
68968
68970
68972
68974
68974
68995
69008
69023
69026
69036
69041
69078
69087
69088
69091
69094
69111
69131
69132
69139
69154
69155
69177
69196
69220
69225
69233
69269
69270
69281
69296
69325
69348
69365
69381
69388
69410
69411
69419
69449
69470
69473
69478
69481
69488
69509
69527
69533
69535
69569
69582
69593
69640
69641
69648
69653
69653
69654
69667
69677
69712
69712
69730
69741
69751
69765
69765
69779
69796
69804
69815
69820
69821
69822
69859
69896
69900
69905
69961
69984
70008
70014
70017
70025
70039
70041
70052
70075
70078
70127
70134
70139
70141
70148
70159
70234
70284
70291
70307
70339
70368
70396
70414
70420
70429
70440
70445
70451
70459
70471
70488
70521
70526
70557
70561
70626
70635
70664
70692
70742
70757
70787
70813
70844
70848
70871
70871
70888
70918
70940
70978
70998
71098
71113
71142
71169
71189
71196
71217
71222
71260
71276
71311
71320
71340
71367
71468
71485
71518
71534
71614
71670
71749
71783
71803
71826
71922
71949
71958
71999
72030
72040
72125
72139
72164
72239
72252
72259
72338
72375
72442
72504
72555
72642
72688
72704
72753
72756
72873
72949
73148
73202
73224
73321
73466
73529
73673
73728
73841
74201
74284
74337
74479
74566
76270
76337
76883
76967
77414
77423
77852
78044
78431
78865
79427
81522
84734
85057
88606
