5313
5340
5358
5394
5470
5492
5531
5531
5623
5635
5654
5654
5668
5674
5676
5693
5715
5738
5739
5747
5749
5751
5751
5756
5757
5761
5780
5781
5782
5812
5827
5841
5843
5854
5858
5861
5868
5873
5878
5882
5884
5884
5900
5902
5908
5912
5913
5918
5952
5972
5982
5992
5998
6029
6031
6057
6066
6090
6111
6123
6135
6135
6156
6180
6191
6219
6224
6230
6275
6283
6285
6297
6301
6311
6362
6363
6371
6371
6372
6378
6387
6411
6412
6419
6447
6459
6462
6473
6481
6490
6499
6514
6518
6521
6548
6554
6563
6564
6577
6601
6608
6627
6627
6646
6652
6657
6657
6663
6666
6674
6677
6678
6680
6681
6683
6706
6723
6725
6739
6769
6787
6789
6806
6836
6840
6842
6863
6873
6878
6886
6888
6895
6908
6911
6929
6938
6961
6967
6984
6986
6988
7002
7003
7023
7041
7047
7050
7060
7065
7085
7091
7091
7102
7109
7119
7140
7146
7148
7154
7155
7165
7168
7185
7189
7194
7201
7227
7227
7232
7237
7246
7254
7265
7267
7287
7313
7333
7341
7359
7367
7391
7411
7423
7424
7431
7435
7436
7438
7442
7450
7452
7459
7473
7479
7481
7505
7530
7533
7540
7554
7560
7564
7569
7570
7575
7590
7602
7627
7636
7637
7638
7643
7664
7666
7678
7683
7685
7689
7713
7715
7726
7726
7730
7731
7737
7739
7749
7754
7768
7781
7786
7797
7798
7812
7829
7840
7853
7855
7866
7874
7876
7878
7881
7894
7902
7910
7913
7920
7936
7939
7942
7944
7992
7995
8019
8023
8023
8032
8033
8042
8048
8049
8056
8077
8093
8109
8111
8116
8118
8120
8132
8134
8142
8143
8163
8172
8182
8184
8193
8196
8198
8199
8202
8202
8207
8209
8210
8212
8215
8233
8247
8253
8253
8260
8262
8270
8293
8307
8317
8318
8337
8338
8343
8354
8361
8365
8370
8383
8384
8391
8391
8404
8406
8410
8410
8420
8428
8431
8434
8438
8455
8461
8462
8472
8479
8494
8497
8499
8511
8512
8512
8512
8532
8535
8537
8537
8548
8558
8560
8561
8565
8585
8589
8600
8605
8608
8610
8612
8615
8628
8636
8638
8639
8644
8645
8664
8682
8683
8690
8693
8708
8708
8710
8716
8719
8724
8726
8732
8732
8746
8748
8757
8757
8758
8763
8769
8771
8781
8788
8789
8816
8831
8833
8837
8838
8839
8840
8842
8855
8857
8859
8859
8860
8867
8868
8874
8877
8888
8889
8897
8901
8908
8912
8914
8917
8926
8926
8929
8929
8930
8934
8940
8940
8956
8957
8973
8973
8979
8980
8997
9011
9014
9018
9028
9028
9031
9035
9049
9049
9056
9057
9068
9070
9074
9084
9095
9095
9110
9112
9123
9124
9127
9128
9146
9151
9156
9167
9168
9174
9176
9185
9194
9196
9201
9202
9210
9210
9214
9216
9216
9217
9221
9222
9224
9225
9226
9231
9231
9232
9258
9261
9264
9266
9266
9268
9274
9276
9280
9282
9283
9283
9286
9291
9297
9310
9311
9316
9322
9324
9329
9342
9342
9343
9345
9346
9350
9367
9380
9390
9390
9391
9392
9396
9397
9398
9401
9409
9410
9411
9415
9417
9419
9431
9438
9440
9447
9448
9454
9454
9466
9470
9472
9477
9487
9489
9490
9492
9508
9512
9512
9520
9520
9531
9538
9544
9552
9554
9554
9555
9557
9558
9564
9566
9568
9569
9571
9574
9575
9583
9583
9587
9587
9591
9592
9592
9595
9596
9602
9603
9608
9608
9613
9615
9616
9617
9619
9619
9634
9637
9643
9647
9655
9656
9662
9664
9667
9667
9669
9675
9677
9683
9683
9687
9688
9694
9696
9698
9702
9705
9709
9720
9724
9728
9731
9732
9733
9734
9742
9747
9750
9753
9758
9761
9763
9765
9765
9770
9771
9774
9780
9782
9789
9791
9792
9797
9808
9819
9822
9824
9826
9827
9839
9843
9844
9847
9847
9853
9864
9868
9870
9875
9878
9879
9885
9889
9890
9893
9894
9894
9897
9898
9899
9899
9899
9903
9903
9904
9905
9912
9917
9917
9917
9919
9927
9928
9930
9933
9934
9938
9942
9943
9945
9955
9956
9957
9958
9963
9980
9980
9982
9984
9985
9996
9998
10011
10016
10019
10020
10022
10034
10040
10046
10050
10055
10057
10061
10063
10064
10065
10068
10070
10078
10080
10083
10091
10091
10093
10096
10098
10101
10103
10109
10117
10123
10127
10127
10130
10130
10141
10144
10146
10150
10153
10155
10156
10160
10161
10164
10164
10167
10168
10170
10174
10174
10175
10177
10178
10181
10186
10187
10189
10194
10194
10196
10201
10205
10210
10213
10213
10214
10214
10215
10217
10219
10229
10255
10257
10258
10262
10267
10271
10271
10274
10275
10279
10284
10290
10294
10299
10299
10301
10302
10304
10305
10313
10317
10318
10330
10341
10341
10349
10351
10357
10364
10368
10374
10380
10382
10388
10389
10391
10392
10392
10394
10397
10400
10401
10403
10404
10404
10407
10408
10410
10412
10414
10415
10416
10416
10417
10417
10417
10420
10424
10427
10431
10435
10439
10441
10442
10444
10444
10445
10452
10454
10464
10464
10464
10471
10472
10491
10493
10503
10505
10512
10512
10515
10517
10519
10519
10520
10520
10520
10524
10524
10527
10527
10535
10538
10544
10545
10562
10572
10590
10591
10592
10594
10596
10600
10606
10607
10614
10617
10628
10629
10629
10632
10639
10639
10644
10644
10650
10651
10652
10656
10662
10666
10668
10680
10682
10693
10699
10704
10718
10718
10719
10720
10727
10729
10747
10748
10749
10754
10764
10770
10775
10778
10778
10779
10779
10780
10784
10787
10789
10794
10799
10801
10810
10823
10827
10831
10833
10840
10857
10861
10861
10869
10871
10873
10882
10882
10885
10894
10911
10912
10927
10940
10943
10949
10956
10966
10971
10974
10977
10980
11000
11003
11006
11014
11020
11021
11026
11034
11038
11051
11054
11057
11072
11075
11090
11102
11105
11118
11130
11139
11139
11158
11160
11165
11166
11173
11175
11189
11194
11194
11202
11203
11208
11225
11226
11242
11245
11261
11278
11282
11287
11288
11288
11292
11298
11300
11304
11305
11314
11322
11325
11343
11350
11357
11367
11391
11409
11427
11504
11527
11539
11569
11620
11647
11794
11814
11843
11939
11963
12021
12046
12061
12066
12260
13068
15386
