138368
138444
138454
138477
138477
138611
138614
138619
138629
138638
138652
138675
138730
138772
138779
138792
138830
138832
138848
138872
138882
138897
138897
138911
138925
138936
138942
138956
138961
138991
138991
139004
139006
139017
139037
139081
139085
139104
139105
139116
139162
139170
139174
139181
139209
139223
139228
139236
139243
139243
139255
139259
139260
139270
139285
139293
139297
139298
139328
139336
139339
139355
139357
139359
139364
139366
139372
139382
139392
139393
139395
139430
139438
139460
139470
139484
139487
139489
139499
139507
139508
139518
139527
139537
139544
139544
139546
139549
139550
139568
139600
139626
139629
139629
139639
139652
139677
139686
139692
139700
139700
139711
139722
139726
139728
139737
139744
139744
139778
139783
139785
139791
139798
139805
139820
139823
139830
139844
139846
139851
139876
139893
139893
139922
139927
139932
139952
139956
139960
139964
139979
140000
140008
140024
140026
140036
140046
140059
140078
140080
140095
140104
140112
140122
140125
140126
140129
140144
140175
140194
140202
140209
140211
140214
140215
140221
140221
140227
140233
140255
140266
140266
140271
140276
140303
140304
140305
140336
140340
140355
140366
140373
140377
140377
140379
140383
140384
140385
140393
140409
140419
140431
140438
140439
140455
140455
140457
140461
140462
140462
140465
140468
140470
140474
140483
140487
140488
140490
140494
140503
140506
140506
140517
140524
140527
140530
140548
140549
140553
140556
140560
140564
140567
140586
140590
140604
140613
140623
140625
140630
140647
140653
140653
140654
140664
140669
140678
140679
140694
140709
140724
140741
140756
140760
140774
140774
140777
140779
140780
140786
140795
140796
140796
140805
140809
140817
140820
140827
140832
140859
140863
140885
140893
140898
140909
140932
140945
140950
140950
140953
140957
140960
140961
140962
140964
141001
141021
141025
141046
141065
141088
141100
141129
141135
141141
141145
141146
141147
141153
141181
141183
141210
141216
141219
141221
141252
141270
141285
141287
141314
141330
141349
141364
141375
141379
141394
141397
141431
141440
141441
141453
141463
141512
141529
141536
141546
141592
141594
141602
141610
141619
141632
141637
141646
141665
141674
141678
141703
141703
141757
141764
141783
141804
141809
141820
141853
141855
141871
141875
141876
141876
141884
141902
141919
141934
141946
141959
141964
141984
141985
141992
142013
142064
142065
142080
142083
142101
142120
142145
142154
142178
142194
142199
142199
142206
142230
142235
142255
142272
142272
142301
142310
142386
142416
142418
142435
142508
142559
142588
142652
142675
142676
142789
142804
142824
142848
142851
142854
142949
142969
142975
142989
143000
143011
143045
143057
143058
143119
143128
143227
143237
143345
143421
143431
143522
143559
143634
143722
143738
143747
143832
143841
143854
143856
143905
143921
143970
144098
144215
144298
144423
144423
144453
144550
144573
144573
144699
144711
144757
144824
144828
144892
144906
145044
145071
145108
145339
145570
145643
145656
145731
145789
145817
145860
145861
145907
145915
145983
146069
146207
146315
146496
146550
146553
146703
146741
146881
146891
147102
147105
147224
147355
147369
147427
147446
147491
147502
147517
147669
147671
147707
147734
147783
147799
147816
147863
147884
147889
147889
147906
147945
147953
147988
147990
148000
148003
148027
148033
148064
148069
148069
148074
148086
148123
148148
148189
148209
148225
148242
148246
148262
148266
148272
148272
148277
148282
148296
148307
148308
148313
148319
148328
148333
148336
148341
148346
148346
148349
148353
148355
148364
148366
148397
148413
148414
148414
148417
148425
148430
148445
148446
148453
148474
148480
148501
148505
148512
148514
148524
148538
148547
148554
148562
148578
148583
148586
148604
148605
148606
148607
148611
148611
148612
148614
148621
148621
148624
148630
148641
148646
148651
148652
148652
148656
148660
148671
148675
148675
148686
148689
148697
148715
148720
148721
148729
148738
148746
148746
148759
148764
148764
148765
148801
148806
148807
148815
148816
148832
148837
148847
148853
148853
148859
148873
148876
148878
148883
148886
148889
148903
148913
148926
148929
148932
148935
148936
148937
148938
148940
148949
148954
148965
148966
148968
148968
148969
148971
148979
148993
149001
149004
149010
149013
149018
149029
149039
149044
149049
149051
149055
149067
149069
149095
149099
149101
149101
149108
149109
149113
149113
149115
149117
149119
149125
149130
149150
149151
149160
149161
149162
149167
149168
149171
149172
149173
149184
149191
149191
149201
149203
149214
149216
149236
149240
149241
149242
149246
149249
149254
149260
149260
149262
149267
149279
149285
149293
149296
149297
149305
149309
149333
149338
149343
149345
149366
149373
149386
149389
149394
149399
149413
149425
149440
149441
149442
149446
149452
149452
149453
149454
149456
149457
149466
149466
149478
149484
149484
149488
149489
149489
149510
149518
149546
149548
149551
149561
149571
149576
149582
149586
149588
149593
149597
149598
149602
149608
149625
149625
149634
149654
149656
149657
149671
149679
149684
149689
149696
149696
149710
149713
149720
149724
149744
149756
149756
149764
149779
149780
149781
149793
149801
149805
149810
149811
149816
149816
149820
149825
149838
149845
149849
149856
149858
149860
149861
149873
149873
149882
149891
149914
149917
149919
149948
149967
149973
149974
149976
149981
150012
150022
150023
150030
150061
150064
150064
150085
150094
150097
150102
150117
150135
150172
150174
150187
150208
150213
150217
150235
150247
150263
150300
150323
150365
150373
150380
150385
150392
150413
150453
150455
150464
150469
150493
150499
150533
150544
150544
150560
150566
150571
150573
150601
150617
150637
150643
150656
150659
150664
150671
150682
150705
150712
150721
150760
150761
150762
150767
150776
150781
150795
150809
150842
150874
150889
150927
150932
150938
150938
150950
150968
151022
151056
151061
151071
151072
151079
151081
151086
151086
151087
151162
151185
151242
151244
151282
151320
151332
151334
151337
151348
151462
151472
151482
151539
151544
151552
151561
151564
151573
151605
151611
151619
151634
151677
151687
151715
151716
151757
151762
151764
151785
151832
151855
151856
151878
151896
151922
151924
151934
151936
152010
152041
152058
152093
152110
152120
152147
152166
152174
152177
152207
152223
152237
152250
152303
152337
152388
152406
152502
152528
152535
152538
152573
152589
152612
152621
152649
152688
152775
152854
152855
152889
152898
152929
152978
153028
153036
153047
153047
153156
153170
153182
153195
153233
153324
153357
153361
153382
153410
153490
153493
153533
153647
153678
153731
153750
153828
153847
153870
153875
154160
154209
154274
154344
154354
154395
154693
154826
154853
154901
154906
154907
154918
154929
154938
154962
155166
155332
155367
155377
155485
155749
155779
155857
155931
156038
156105
156352
156404
156515
156574
156857
156865
157045
157777
157843
158859
158905
159103
160027
160211
160895
161840
163286
165231
166393
184993
185281
186564
186919
