70509
70669
70736
70755
70799
70873
70875
70906
70912
70918
70950
71004
71040
71042
71056
71104
71129
71131
71138
71144
71176
71209
71223
71257
71270
71316
71320
71360
71449
71465
71554
71565
71611
71743
71758
71760
71760
71774
71776
71800
71804
71817
71828
71845
71848
71854
71861
71880
71914
71920
71927
71949
71952
71953
71954
71960
71991
71992
72019
72020
72041
72077
72079
72118
72151
72155
72165
72167
72173
72183
72196
72206
72281
72366
72407
72424
72426
72428
72459
72507
72529
72529
72566
72591
72595
72637
72647
72680
72695
72718
72733
72742
72765
72780
72786
72789
72793
72823
72902
72920
72925
72980
72985
72987
73005
73008
73010
73044
73113
73120
73134
73140
73175
73226
73241
73247
73257
73285
73314
73354
73408
73412
73415
73469
73523
73552
73577
73583
73623
73631
73645
73687
73699
73714
73722
73738
73760
73781
73796
73808
73854
73858
73859
73893
73894
73906
73955
73955
73980
73992
73998
74031
74032
74079
74090
74107
74109
74153
74155
74162
74179
74184
74200
74213
74219
74222
74232
74234
74255
74264
74277
74304
74308
74310
74315
74343
74397
74412
74422
74440
74446
74455
74455
74462
74469
74478
74479
74493
74495
74526
74531
74552
74568
74584
74599
74604
74613
74627
74635
74668
74675
74682
74713
74728
74736
74757
74758
74787
74789
74799
74812
74838
74856
74864
74884
74933
74947
74950
74961
74965
74985
74986
74999
75002
75003
75024
75046
75047
75067
75091
75092
75100
75101
75116
75121
75137
75141
75156
75187
75199
75201
75207
75243
75260
75262
75263
75265
75268
75277
75280
75294
75299
75313
75318
75320
75328
75340
75350
75365
75370
75391
75414
75421
75424
75428
75438
75442
75468
75472
75483
75487
75493
75495
75506
75510
75510
75520
75521
75528
75532
75538
75542
75559
75560
75574
75584
75595
75611
75612
75617
75621
75623
75638
75640
75640
75643
75650
75652
75653
75677
75684
75684
75691
75694
75695
75704
75738
75760
75761
75768
75778
75779
75791
75799
75824
75838
75839
75840
75868
75879
75887
75892
75908
75912
75915
75920
75923
75925
75930
75939
75947
75948
75951
75960
75969
75984
75990
76009
76030
76031
76045
76050
76063
76066
76073
76082
76095
76103
76112
76116
76117
76127
76128
76135
76140
76152
76169
76171
76178
76192
76206
76206
76219
76219
76223
76225
76227
76227
76230
76234
76236
76242
76245
76252
76257
76258
76258
76264
76291
76294
76304
76309
76314
76327
76327
76327
76327
76344
76347
76352
76362
76369
76373
76393
76396
76405
76407
76408
76413
76421
76426
76431
76433
76439
76443
76445
76452
76464
76478
76482
76483
76497
76498
76506
76527
76528
76554
76564
76565
76570
76574
76590
76602
76605
76606
76608
76610
76616
76633
76640
76642
76656
76660
76666
76669
76670
76684
76688
76688
76689
76692
76696
76702
76709
76709
76711
76715
76717
76719
76760
76773
76782
76788
76794
76799
76800
76801
76811
76815
76826
76833
76836
76839
76849
76870
76882
76882
76888
76890
76895
76896
76908
76911
76931
76931
76933
76949
76961
76980
76983
76983
76985
76994
77003
77020
77032
77036
77039
77050
77058
77060
77062
77077
77086
77095
77095
77108
77118
77131
77137
77144
77159
77172
77191
77198
77202
77208
77212
77220
77222
77227
77243
77246
77267
77277
77279
77306
77309
77316
77340
77343
77347
77360
77366
77377
77384
77403
77404
77408
77430
77431
77436
77450
77465
77469
77471
77478
77509
77515
77543
77545
77554
77557
77564
77572
77581
77585
77585
77593
77594
77604
77616
77638
77657
77679
77680
77692
77703
77703
77708
77713
77715
77717
77719
77721
77729
77732
77739
77784
77790
77796
77809
77834
77839
77851
77855
77868
77871
77896
77900
77939
77951
77955
77956
77960
77965
77986
77990
78003
78015
78015
78034
78045
78052
78058
78063
78066
78068
78074
78075
78078
78079
78101
78104
78111
78116
78119
78119
78123
78128
78142
78143
78148
78157
78184
78190
78195
78198
78201
78204
78219
78221
78272
78279
78284
78296
78304
78305
78306
78338
78339
78351
78376
78400
78410
78428
78436
78440
78442
78450
78456
78465
78470
78477
78484
78546
78546
78549
78562
78577
78593
78599
78626
78630
78651
78652
78674
78690
78697
78705
78714
78715
78715
78723
78727
78741
78745
78775
78781
78787
78790
78831
78833
78841
78848
78849
78856
78873
78891
78911
78915
78925
78928
78939
78959
78963
78969
78977
78978
78982
79004
79030
79038
79043
79047
79049
79055
79061
79073
79073
79078
79079
79079
79083
79092
79118
79128
79139
79140
79156
79173
79184
79198
79200
79201
79204
79209
79255
79266
79282
79286
79290
79293
79308
79316
79344
79353
79372
79381
79386
79415
79417
79428
79429
79434
79435
79464
79467
79475
79478
79483
79505
79540
79566
79582
79587
79593
79624
79638
79703
79704
79708
79719
79723
79752
79759
79794
79827
79847
79850
79854
79856
79879
79888
79889
79899
79907
79911
79913
79929
79932
79957
79969
79972
79979
79995
80008
80018
80026
80043
80099
80104
80108
80110
80119
80152
80171
80174
80196
80203
80227
80238
80246
80249
80259
80259
80273
80300
80327
80354
80382
80409
80413
80419
80426
80429
80448
80454
80464
80465
80485
80517
80522
80540
80546
80557
80558
80589
80606
80624
80625
80646
80655
80677
80693
80696
80711
80777
80809
80811
80812
80830
80883
80898
80908
80918
80920
80925
80995
81004
81025
81030
81041
81046
81087
81087
81097
81098
81126
81129
81184
81193
81211
81213
81221
81238
81251
81257
81266
81284
81297
81326
81346
81350
81368
81414
81429
81473
81479
81508
81522
81542
81557
81565
81570
81580
81606
81626
81648
81653
81678
81693
81702
81718
81718
81759
81804
81866
81888
81898
81899
81961
81981
82000
82009
82011
82082
82098
82100
82101
82104
82131
82257
82265
82271
82284
82467
82496
82533
82533
82562
82579
82589
82614
82678
82721
82727
82745
82750
82762
82774
82865
82908
82965
82973
82979
83039
83044
83078
83096
83129
83179
83185
83202
83289
83338
83378
83387
83428
83438
83495
83507
83515
83563
83636
83652
83666
83691
83713
83769
83786
83821
83829
83841
84029
84055
84071
84103
84134
84162
84266
84339
84392
84425
84572
84640
84686
84753
84867
84958
85143
85185
85218
85395
85401
85457
85656
85797
85863
85877
86008
86290
86405
86779
87118
87151
87207
87443
87744
88019
89415
89894
91720
92512
93167
93311
93453
95625
96970
99214
