6385
6435
6436
6537
6548
6590
6593
6615
6625
6626
6632
6646
6649
6671
6679
6683
6706
6737
6743
6746
6753
6755
6767
6771
6826
6864
6866
6870
6878
6918
6933
6940
6940
6942
6943
6954
6962
6964
6964
6966
6977
6984
7000
7000
7030
7037
7039
7045
7046
7080
7087
7096
7100
7114
7138
7150
7153
7164
7174
7185
7207
7212
7218
7219
7269
7325
7344
7354
7361
7370
7416
7417
7422
7445
7473
7499
7517
7528
7528
7531
7562
7567
7584
7600
7626
7661
7669
7672
7694
7704
7712
7733
7742
7750
7756
7780
7832
7860
7872
7899
7916
7937
7953
7958
7970
7971
7980
7997
8008
8010
8016
8017
8061
8090
8097
8098
8109
8113
8125
8132
8156
8159
8177
8204
8211
8224
8228
8243
8243
8245
8245
8256
8259
8280
8293
8293
8305
8312
8321
8329
8334
8342
8344
8347
8358
8364
8372
8376
8384
8386
8390
8393
8394
8400
8408
8409
8415
8420
8423
8423
8423
8439
8441
8443
8445
8456
8459
8471
8473
8476
8482
8482
8487
8492
8498
8499
8500
8504
8505
8515
8517
8522
8529
8537
8540
8555
8556
8563
8566
8567
8570
8575
8577
8580
8581
8584
8584
8586
8599
8601
8608
8617
8621
8637
8640
8659
8665
8666
8666
8667
8672
8673
8679
8687
8689
8689
8691
8693
8695
8696
8700
8704
8710
8714
8716
8722
8722
8726
8736
8738
8740
8743
8745
8752
8760
8761
8770
8777
8777
8777
8779
8780
8782
8785
8795
8795
8799
8800
8804
8806
8807
8809
8815
8820
8829
8831
8831
8839
8842
8845
8848
8855
8855
8858
8858
8860
8863
8867
8868
8869
8871
8871
8872
8874
8876
8879
8880
8880
8882
8882
8888
8888
8894
8896
8897
8899
8902
8903
8909
8915
8917
8925
8925
8926
8927
8936
8939
8945
8945
8945
8947
8951
8955
8956
8958
8969
8986
8994
8995
8999
9000
9000
9003
9009
9017
9017
9019
9025
9026
9027
9028
9036
9042
9044
9045
9047
9048
9052
9053
9057
9060
9061
9062
9063
9064
9068
9069
9072
9077
9077
9081
9086
9087
9096
9099
9101
9101
9103
9108
9110
9111
9113
9113
9115
9116
9117
9121
9121
9124
9128
9130
9138
9139
9139
9139
9140
9141
9141
9142
9143
9146
9151
9153
9154
9156
9156
9160
9162
9164
9166
9167
9168
9170
9172
9172
9173
9177
9180
9180
9181
9181
9182
9186
9188
9197
9202
9203
9205
9212
9212
9213
9215
9218
9220
9221
9221
9222
9223
9227
9227
9228
9230
9230
9237
9244
9244
9245
9246
9247
9250
9250
9251
9251
9252
9257
9259
9259
9260
9262
9263
9264
9264
9266
9266
9267
9268
9268
9268
9272
9273
9277
9282
9284
9288
9288
9288
9289
9296
9296
9297
9300
9302
9302
9304
9304
9305
9315
9316
9317
9318
9318
9320
9324
9328
9330
9330
9335
9335
9336
9337
9338
9338
9343
9345
9346
9347
9347
9351
9353
9353
9357
9362
9364
9364
9365
9367
9368
9372
9378
9379
9380
9380
9386
9386
9389
9390
9392
9393
9399
9403
9404
9407
9409
9410
9412
9414
9418
9420
9425
9427
9428
9428
9429
9430
9433
9436
9438
9442
9442
9443
9445
9446
9447
9449
9458
9459
9463
9467
9468
9471
9475
9477
9477
9489
9499
9500
9501
9502
9506
9507
9508
9511
9513
9514
9515
9515
9516
9517
9517
9518
9519
9522
9524
9526
9529
9531
9534
9534
9534
9537
9538
9543
9545
9545
9546
9546
9550
9552
9552
9554
9555
9560
9560
9564
9564
9566
9566
9566
9572
9576
9577
9580
9586
9589
9591
9594
9604
9606
9606
9607
9611
9613
9615
9620
9622
9627
9628
9629
9629
9632
9632
9632
9633
9642
9642
9646
9649
9653
9659
9665
9666
9667
9673
9677
9678
9678
9683
9684
9685
9689
9689
9692
9697
9700
9703
9703
9705
9706
9706
9712
9717
9717
9717
9719
9722
9724
9725
9729
9731
9736
9738
9741
9741
9745
9748
9756
9758
9760
9761
9765
9768
9772
9777
9778
9780
9780
9793
9794
9795
9797
9797
9798
9800
9801
9801
9803
9810
9810
9812
9813
9819
9819
9822
9822
9822
9825
9829
9832
9834
9846
9850
9850
9853
9855
9858
9859
9860
9860
9868
9872
9874
9876
9878
9879
9880
9880
9885
9887
9887
9888
9893
9903
9903
9905
9911
9911
9912
9920
9922
9929
9930
9931
9933
9933
9934
9935
9936
9943
9943
9949
9952
9954
9961
9962
9962
9962
9964
9964
9965
9966
9968
9970
9971
9975
9978
9980
9986
9986
9989
9991
9992
9993
9993
9994
9994
9996
9996
10001
10001
10002
10004
10007
10009
10013
10013
10021
10021
10024
10025
10030
10031
10034
10034
10036
10039
10043
10044
10045
10049
10049
10052
10055
10056
10057
10057
10063
10067
10069
10071
10072
10074
10074
10077
10079
10079
10079
10081
10085
10093
10094
10100
10100
10107
10115
10117
10117
10121
10122
10123
10124
10124
10128
10128
10135
10135
10141
10142
10144
10155
10160
10165
10168
10168
10175
10192
10194
10196
10205
10218
10220
10220
10221
10221
10222
10228
10237
10240
10242
10242
10244
10257
10260
10261
10267
10268
10270
10271
10271
10281
10283
10299
10308
10310
10313
10316
10322
10325
10333
10333
10339
10340
10359
10360
10361
10362
10362
10366
10386
10386
10394
10396
10397
10402
10403
10404
10409
10413
10413
10418
10419
10420
10429
10439
10440
10442
10446
10448
10449
10460
10461
10462
10473
10485
10492
10492
10493
10495
10499
10504
10507
10509
10510
10516
10516
10517
10525
10526
10530
10532
10534
10534
10537
10539
10541
10543
10546
10551
10563
10567
10567
10569
10575
10586
10599
10604
10607
10613
10617
10622
10623
10623
10633
10650
10664
10669
10673
10701
10704
10709
10709
10715
10720
10721
10728
10735
10736
10743
10745
10754
10776
10782
10788
10795
10797
10801
10804
10804
10816
10826
10830
10838
10851
10855
10869
10870
10875
10888
10894
10906
10908
10915
10942
10944
10951
10958
10962
10962
10973
10977
10978
10986
11000
11007
11023
11030
11036
11052
11080
11088
11106
11119
11134
11158
11167
11240
11269
11283
11331
11349
11358
11401
11433
11698
11924
11970
11993
12303
12650
12723
12971
