6410
6457
6484
6502
6528
6546
6556
6564
6581
6600
6615
6631
6654
6669
6680
6681
6683
6687
6687
6695
6700
6702
6726
6729
6730
6735
6743
6778
6778
6781
6783
6794
6799
6799
6811
6817
6817
6821
6844
6846
6850
6853
6860
6863
6867
6867
6868
6881
6889
6890
6891
6892
6893
6894
6899
6913
6914
6918
6920
6952
6954
6956
6958
6960
6963
6973
6988
6991
6995
7000
7002
7007
7014
7033
7043
7045
7045
7051
7061
7062
7066
7076
7077
7082
7085
7096
7103
7117
7123
7155
7166
7171
7172
7177
7187
7187
7197
7204
7213
7228
7235
7245
7252
7253
7255
7278
7292
7305
7306
7314
7328
7345
7357
7366
7378
7384
7411
7411
7425
7429
7437
7450
7461
7466
7477
7484
7484
7488
7491
7504
7508
7509
7510
7514
7519
7523
7529
7530
7550
7556
7565
7578
7578
7579
7580
7582
7601
7618
7623
7627
7628
7631
7642
7642
7645
7653
7665
7667
7687
7691
7700
7704
7706
7707
7709
7724
7724
7727
7731
7731
7731
7732
7733
7735
7740
7751
7758
7758
7762
7763
7799
7805
7807
7816
7820
7822
7828
7829
7831
7837
7838
7840
7846
7848
7850
7854
7855
7855
7856
7856
7863
7866
7868
7868
7874
7884
7890
7892
7896
7898
7904
7915
7919
7919
7921
7923
7924
7929
7941
7944
7948
7949
7950
7958
7961
7962
7964
7969
7972
7976
7978
7981
7982
7983
7986
7993
8002
8003
8006
8008
8008
8014
8017
8019
8021
8025
8031
8035
8036
8036
8036
8039
8040
8041
8044
8049
8057
8059
8065
8065
8065
8066
8066
8070
8071
8071
8072
8075
8080
8080
8081
8083
8086
8091
8092
8097
8100
8100
8100
8102
8104
8110
8113
8114
8114
8115
8115
8120
8123
8131
8134
8135
8136
8138
8139
8141
8141
8141
8142
8143
8146
8153
8154
8155
8160
8161
8164
8166
8168
8172
8175
8176
8177
8178
8179
8180
8181
8186
8187
8188
8190
8191
8195
8195
8197
8197
8198
8203
8208
8209
8210
8211
8218
8219
8220
8225
8226
8228
8233
8234
8235
8240
8243
8246
8249
8251
8251
8254
8255
8257
8258
8269
8277
8279
8281
8283
8291
8305
8305
8309
8320
8322
8323
8327
8337
8338
8339
8341
8341
8341
8341
8342
8346
8347
8351
8353
8354
8354
8357
8360
8361
8362
8362
8362
8364
8365
8365
8368
8371
8373
8374
8376
8380
8380
8381
8381
8382
8382
8384
8386
8387
8389
8393
8396
8400
8400
8403
8403
8408
8409
8410
8410
8411
8411
8412
8415
8419
8420
8421
8421
8422
8425
8427
8427
8427
8428
8428
8430
8432
8433
8434
8436
8440
8440
8442
8443
8446
8451
8452
8453
8454
8455
8459
8459
8461
8462
8463
8463
8465
8467
8468
8470
8472
8473
8474
8474
8476
8478
8478
8480
8480
8482
8483
8484
8486
8487
8487
8487
8491
8493
8497
8497
8498
8501
8504
8505
8505
8507
8508
8508
8511
8512
8515
8515
8515
8515
8520
8521
8526
8527
8527
8527
8528
8528
8529
8530
8531
8533
8538
8539
8539
8540
8542
8545
8547
8547
8547
8549
8550
8551
8552
8552
8555
8557
8559
8559
8560
8560
8561
8563
8564
8566
8569
8570
8572
8577
8580
8584
8584
8590
8590
8591
8592
8592
8596
8596
8596
8601
8601
8608
8612
8614
8625
8628
8628
8631
8633
8637
8642
8647
8651
8652
8652
8652
8653
8656
8656
8657
8662
8664
8665
8667
8668
8671
8671
8675
8675
8676
8676
8677
8684
8684
8686
8686
8689
8691
8694
8696
8698
8700
8700
8701
8704
8706
8706
8707
8708
8716
8720
8722
8723
8723
8724
8732
8732
8734
8735
8738
8739
8739
8740
8744
8745
8745
8748
8748
8748
8751
8751
8752
8754
8757
8764
8767
8769
8769
8771
8776
8777
8777
8780
8782
8785
8787
8789
8794
8794
8795
8797
8797
8799
8800
8803
8806
8813
8814
8814
8818
8821
8823
8823
8823
8825
8829
8829
8830
8830
8830
8835
8835
8838
8840
8840
8840
8841
8846
8847
8848
8854
8855
8856
8857
8858
8860
8861
8862
8863
8866
8868
8870
8870
8871
8878
8879
8880
8882
8883
8884
8887
8890
8893
8893
8894
8895
8896
8899
8900
8903
8904
8904
8904
8906
8906
8907
8908
8909
8910
8917
8919
8920
8920
8920
8923
8924
8924
8925
8937
8941
8947
8950
8953
8960
8962
8964
8969
8975
8978
8979
8980
8981
8983
8986
8987
8987
8988
8989
8994
8994
8998
8998
9001
9003
9006
9014
9014
9016
9017
9018
9019
9023
9025
9027
9033
9033
9035
9036
9037
9037
9038
9041
9042
9043
9043
9045
9047
9051
9054
9055
9055
9059
9060
9062
9064
9064
9064
9065
9066
9066
9069
9071
9074
9074
9075
9077
9078
9079
9081
9083
9083
9084
9084
9084
9086
9090
9091
9091
9093
9096
9097
9105
9110
9110
9110
9115
9118
9120
9124
9129
9129
9132
9134
9143
9148
9155
9155
9158
9161
9163
9169
9170
9172
9172
9179
9180
9186
9186
9193
9200
9202
9202
9208
9208
9209
9210
9214
9215
9219
9220
9222
9225
9226
9227
9228
9228
9229
9229
9230
9233
9233
9238
9240
9245
9246
9254
9255
9258
9260
9264
9265
9267
9269
9270
9271
9272
9272
9274
9274
9278
9282
9282
9283
9288
9289
9290
9296
9298
9298
9301
9306
9307
9308
9311
9318
9324
9328
9328
9329
9334
9341
9342
9343
9345
9349
9355
9358
9359
9360
9362
9369
9375
9377
9385
9385
9386
9388
9393
9403
9406
9407
9423
9425
9430
9439
9439
9443
9454
9455
9456
9469
9472
9479
9482
9498
9499
9499
9503
9503
9505
9507
9509
9510
9515
9517
9520
9524
9525
9525
9525
9530
9535
9549
9552
9554
9557
9560
9570
9570
9587
9593
9594
9597
9605
9606
9608
9627
9637
9639
9643
9648
9650
9651
9674
9677
9679
9684
9690
9731
9744
9782
9788
9796
9798
9822
9849
9859
9863
9880
9883
9884
9910
9920
9951
9966
9976
9979
9979
9990
10042
10048
10051
10121
10204
10205
10236
10354
10371
10394
10438
10464
10537
10600
10725
10802
10805
10840
10878
10883
11280
11295
12132
