26195
26453
26721
27455
27532
27570
27876
27918
27928
27934
28128
28139
28164
28237
28261
28278
28284
28288
28291
28455
28484
28488
28493
28502
28525
28541
28564
28611
28625
28627
28690
28707
28711
28730
28739
28760
28764
28798
28824
28841
28843
28865
28899
28903
28905
28920
28920
28923
28961
28962
28979
28993
28997
29008
29027
29042
29094
29100
29140
29162
29162
29170
29178
29182
29192
29203
29219
29237
29263
29280
29283
29320
29331
29338
29340
29364
29395
29419
29429
29438
29438
29438
29438
29443
29447
29476
29480
29483
29484
29485
29499
29504
29506
29529
29541
29560
29560
29564
29569
29571
29603
29603
29630
29651
29652
29687
29706
29707
29708
29713
29719
29749
29751
29760
29766
29773
29783
29816
29817
29820
29834
29841
29858
29864
29869
29872
29874
29883
29898
29899
29907
29912
29921
29925
29933
29937
29956
29959
29998
30002
30007
30015
30021
30027
30039
30046
30058
30073
30075
30091
30096
30127
30129
30142
30146
30146
30147
30154
30170
30178
30181
30197
30208
30214
30217
30221
30225
30228
30232
30234
30246
30253
30258
30259
30260
30262
30263
30285
30301
30310
30329
30338
30340
30347
30350
30350
30352
30354
30355
30355
30362
30376
30383
30385
30386
30392
30400
30409
30418
30436
30440
30458
30469
30473
30475
30479
30480
30481
30481
30492
30501
30504
30542
30553
30562
30580
30589
30594
30597
30607
30608
30614
30617
30622
30637
30645
30649
30655
30660
30660
30661
30664
30668
30669
30676
30684
30685
30688
30695
30707
30713
30717
30727
30735
30738
30746
30748
30758
30765
30778
30783
30784
30785
30786
30786
30798
30802
30805
30809
30825
30826
30828
30832
30835
30839
30840
30846
30846
30858
30859
30872
30884
30903
30904
30908
30913
30931
30937
30944
30954
30958
30964
30969
30974
30981
31008
31012
31016
31018
31019
31024
31033
31034
31037
31042
31042
31054
31056
31057
31057
31066
31069
31074
31075
31078
31099
31106
31117
31122
31125
31151
31153
31156
31158
31159
31175
31176
31177
31182
31185
31189
31197
31198
31199
31199
31202
31203
31210
31211
31213
31227
31233
31247
31247
31251
31252
31254
31274
31276
31289
31290
31296
31299
31299
31304
31321
31323
31328
31329
31334
31335
31341
31346
31346
31354
31354
31360
31361
31370
31371
31372
31378
31379
31381
31385
31392
31393
31411
31414
31422
31431
31437
31445
31450
31461
31463
31472
31476
31477
31482
31482
31486
31490
31493
31496
31497
31499
31500
31506
31514
31521
31528
31529
31534
31550
31550
31553
31554
31558
31563
31565
31568
31571
31582
31589
31591
31591
31593
31595
31609
31614
31623
31633
31634
31635
31652
31654
31661
31662
31663
31669
31670
31674
31674
31682
31686
31693
31694
31695
31703
31715
31719
31733
31736
31737
31737
31763
31764
31779
31780
31788
31789
31790
31791
31793
31798
31801
31812
31813
31814
31818
31825
31832
31835
31838
31839
31845
31847
31848
31849
31852
31853
31863
31863
31876
31881
31881
31882
31888
31889
31890
31893
31906
31908
31926
31929
31929
31929
31938
31941
31942
31947
31949
31951
31953
31967
31970
31972
31982
31989
32000
32004
32008
32010
32015
32018
32022
32024
32029
32046
32055
32057
32061
32067
32071
32072
32084
32089
32092
32102
32110
32112
32127
32135
32144
32148
32158
32168
32169
32170
32170
32176
32178
32179
32180
32189
32190
32194
32198
32208
32223
32229
32244
32248
32259
32262
32265
32275
32280
32289
32294
32295
32301
32308
32308
32309
32316
32320
32339
32345
32355
32358
32359
32361
32367
32369
32372
32376
32378
32399
32408
32418
32422
32434
32435
32437
32465
32466
32488
32501
32507
32517
32517
32524
32537
32541
32544
32548
32550
32553
32566
32576
32586
32591
32615
32617
32622
32624
32631
32642
32643
32643
32646
32647
32659
32668
32668
32671
32672
32677
32678
32693
32696
32698
32713
32714
32718
32722
32727
32728
32731
32737
32740
32742
32743
32752
32758
32762
32769
32769
32772
32774
32774
32774
32779
32795
32795
32812
32815
32840
32847
32849
32858
32859
32859
32874
32912
32922
32926
32934
32957
32965
32968
32969
32980
32983
32995
32999
33030
33033
33039
33044
33048
33048
33053
33068
33086
33101
33116
33120
33120
33139
33142
33144
33155
33162
33168
33170
33176
33189
33195
33210
33211
33218
33224
33226
33232
33240
33248
33255
33260
33265
33283
33296
33327
33331
33342
33345
33354
33355
33358
33360
33363
33368
33368
33383
33392
33398
33400
33419
33425
33428
33439
33444
33446
33455
33455
33455
33456
33467
33471
33475
33483
33502
33508
33509
33513
33536
33538
33541
33541
33545
33545
33548
33551
33560
33571
33590
33602
33610
33616
33621
33627
33630
33651
33652
33657
33665
33667
33681
33691
33702
33721
33724
33725
33726
33731
33748
33750
33765
33770
33780
33788
33791
33818
33818
33821
33856
33862
33865
33865
33888
33898
33914
33918
33931
33940
33952
33954
33965
33994
33996
33997
34014
34027
34029
34034
34036
34037
34048
34050
34055
34066
34090
34096
34099
34114
34129
34151
34154
34158
34163
34167
34179
34204
34217
34232
34234
34236
34247
34266
34270
34278
34279
34285
34311
34312
34315
34316
34329
34356
34362
34362
34365
34373
34375
34377
34381
34388
34397
34411
34413
34415
34448
34458
34463
34467
34469
34469
34470
34471
34495
34508
34508
34510
34516
34523
34524
34534
34538
34544
34545
34557
34571
34577
34584
34592
34657
34676
34715
34729
34736
34755
34759
34801
34804
34808
34819
34825
34837
34839
34848
34854
34854
34861
34878
34889
34898
34900
34903
34908
34912
34918
34925
34932
34933
34938
34939
34941
34944
34950
34983
34989
35004
35021
35032
35044
35054
35076
35105
35107
35115
35120
35126
35132
35156
35165
35184
35187
35190
35208
35208
35210
35221
35244
35253
35282
35306
35315
35317
35373
35386
35400
35414
35416
35441
35443
35447
35451
35467
35472
35514
35516
35529
35612
35633
35670
35676
35727
35746
35752
35800
35879
35881
35892
35898
35911
35922
35939
36010
36012
36043
36069
36152
36175
36190
36197
36257
36287
36365
36396
36405
36413
36437
36503
36512
36517
36519
36526
36533
36544
36548
36573
36626
36687
36755
36774
36779
36806
36829
36841
36870
37121
37138
37140
37207
37225
37241
37243
37323
37325
37334
37663
37701
37701
37788
37856
37983
37984
38063
38163
38211
38552
38566
38787
38837
39086
39697
39716
39988
