24080
24472
24571
25060
25223
25629
26900
27084
27095
27250
27308
27308
27400
27401
27489
27491
27529
27541
27545
27550
27603
27670
27698
27751
27757
27787
27799
27861
27873
27919
27955
27983
28011
28021
28024
28034
28045
28059
28077
28079
28106
28115
28121
28137
28146
28155
28187
28202
28205
28219
28221
28237
28249
28254
28283
28284
28292
28312
28314
28316
28327
28381
28408
28435
28435
28463
28467
28470
28477
28477
28480
28482
28507
28535
28540
28543
28548
28570
28583
28606
28616
28617
28630
28636
28638
28661
28661
28664
28665
28672
28679
28688
28694
28696
28700
28700
28766
28770
28773
28779
28782
28793
28800
28829
28829
28831
28834
28842
28851
28852
28853
28857
28864
28866
28871
28877
28881
28885
28893
28893
28911
28915
28916
28918
28929
28934
28936
28939
28956
28959
28969
28971
28972
28980
28985
28987
28991
28999
29012
29013
29014
29018
29020
29022
29026
29030
29043
29045
29045
29052
29059
29060
29067
29076
29089
29093
29094
29094
29095
29114
29122
29125
29133
29134
29137
29141
29143
29157
29159
29161
29165
29169
29170
29182
29189
29189
29196
29196
29209
29215
29219
29219
29220
29221
29225
29226
29237
29242
29243
29246
29255
29256
29258
29263
29264
29264
29271
29281
29283
29293
29305
29321
29324
29325
29330
29334
29336
29336
29338
29345
29347
29362
29374
29374
29385
29385
29387
29388
29389
29392
29394
29394
29395
29409
29415
29416
29418
29427
29431
29431
29433
29433
29435
29435
29436
29439
29439
29444
29447
29454
29461
29465
29465
29469
29469
29469
29471
29472
29481
29490
29492
29493
29500
29515
29516
29519
29520
29524
29525
29527
29529
29533
29533
29534
29538
29538
29539
29541
29550
29551
29551
29551
29551
29560
29564
29564
29565
29566
29567
29569
29573
29575
29575
29577
29577
29578
29581
29583
29587
29588
29593
29593
29594
29598
29607
29613
29613
29615
29616
29628
29630
29632
29634
29634
29636
29638
29647
29649
29651
29652
29654
29654
29657
29660
29661
29663
29665
29669
29674
29674
29675
29676
29679
29682
29683
29683
29685
29688
29690
29690
29692
29693
29697
29698
29700
29705
29718
29719
29719
29722
29725
29731
29731
29735
29737
29740
29741
29742
29743
29753
29754
29758
29759
29761
29767
29767
29769
29771
29771
29772
29773
29774
29775
29775
29780
29782
29785
29799
29807
29811
29812
29812
29816
29816
29821
29821
29823
29823
29824
29826
29828
29829
29831
29833
29837
29837
29842
29844
29848
29849
29852
29852
29853
29854
29857
29863
29864
29868
29871
29872
29872
29873
29875
29877
29878
29881
29883
29885
29906
29909
29913
29915
29930
29933
29937
29938
29941
29942
29942
29945
29946
29951
29952
29954
29954
29955
29956
29957
29958
29967
29974
29979
29980
29981
29988
29991
29992
29993
30002
30002
30011
30016
30022
30024
30028
30030
30031
30039
30050
30050
30053
30055
30057
30062
30063
30064
30069
30070
30070
30072
30078
30078
30083
30084
30087
30088
30091
30093
30097
30097
30099
30102
30106
30109
30110
30111
30113
30114
30117
30120
30132
30133
30135
30137
30140
30143
30143
30146
30151
30151
30157
30158
30159
30161
30164
30170
30173
30179
30179
30185
30190
30192
30194
30195
30201
30201
30205
30205
30218
30219
30219
30223
30227
30238
30240
30245
30247
30250
30251
30254
30256
30258
30259
30260
30261
30268
30272
30272
30273
30274
30280
30281
30282
30285
30299
30304
30305
30308
30310
30317
30319
30321
30324
30327
30332
30332
30336
30341
30346
30348
30349
30350
30351
30352
30358
30359
30361
30362
30363
30363
30364
30364
30367
30368
30368
30370
30370
30374
30379
30380
30384
30385
30386
30386
30394
30399
30409
30414
30415
30416
30419
30420
30426
30435
30444
30449
30458
30458
30459
30465
30467
30468
30470
30470
30472
30473
30474
30474
30475
30481
30489
30494
30495
30495
30495
30496
30502
30510
30512
30513
30515
30517
30522
30523
30527
30527
30527
30528
30533
30534
30539
30539
30541
30546
30550
30557
30563
30563
30569
30574
30582
30589
30593
30595
30595
30597
30598
30599
30599
30607
30613
30615
30615
30623
30626
30645
30681
30682
30686
30687
30688
30688
30693
30693
30694
30695
30698
30702
30703
30715
30716
30723
30731
30732
30732
30737
30737
30747
30749
30750
30757
30758
30758
30760
30761
30768
30768
30768
30777
30779
30795
30799
30804
30804
30805
30808
30809
30811
30815
30837
30844
30845
30850
30854
30867
30867
30870
30870
30874
30877
30879
30884
30887
30897
30901
30901
30904
30906
30907
30909
30910
30913
30917
30919
30919
30922
30929
30944
30946
30947
30947
30951
30955
30974
30980
30982
30982
30998
31000
31002
31002
31004
31008
31012
31022
31029
31033
31042
31044
31045
31047
31048
31052
31053
31057
31058
31062
31068
31070
31080
31082
31082
31086
31089
31095
31099
31103
31108
31115
31115
31123
31139
31145
31147
31147
31167
31170
31175
31178
31183
31194
31196
31198
31202
31204
31209
31215
31225
31233
31233
31258
31268
31288
31288
31299
31305
31331
31373
31387
31388
31397
31400
31403
31409
31412
31417
31421
31426
31434
31450
31455
31472
31481
31484
31485
31488
31494
31502
31508
31521
31524
31532
31539
31540
31556
31557
31563
31584
31594
31594
31612
31626
31635
31643
31644
31667
31687
31695
31719
31752
31791
31806
31809
31824
31825
31833
31865
31866
31885
31918
31923
31935
31946
31947
31953
31958
31979
32013
32041
32043
32048
32048
32054
32061
32067
32071
32075
32089
32135
32143
32146
32152
32184
32190
32225
32247
32271
32272
32280
32296
32306
32346
32355
32360
32366
32373
32396
32429
32443
32460
32465
32487
32497
32508
32523
32534
32549
32562
32582
32591
32597
32624
32626
32636
32690
32700
32721
32727
32734
32747
32771
32783
32784
32815
32818
32844
32863
32915
32936
32978
32995
33013
33024
33060
33065
33078
33078
33081
33086
33112
33126
33170
33176
33190
33192
33194
33227
33234
33251
33331
33348
33376
33389
33398
33416
33421
33435
33438
33450
33458
33478
33510
33516
33541
33588
33626
33674
33727
33736
33736
33738
33754
33768
33787
33798
33822
33826
33828
33851
33864
33928
33993
34037
34045
34077
34095
34133
34195
34250
34259
34270
34278
34319
34356
34441
34476
34498
34598
34654
34701
34715
34873
34936
34946
35063
35064
35241
35564
35587
35589
35673
35682
35748
35784
35880
36761
38143
38303
39901
40756
