472
487
489
494
498
499
502
503
504
511
512
519
520
520
529
533
533
533
534
536
540
540
543
543
547
547
547
548
548
549
550
550
551
552
553
562
563
563
564
564
565
566
567
569
569
570
573
574
576
578
579
579
581
581
583
584
585
585
587
587
590
591
592
592
593
594
595
601
602
603
605
605
605
606
606
607
608
610
612
613
613
614
615
617
618
619
619
619
620
622
622
624
624
626
626
628
628
628
629
630
630
632
632
633
634
635
637
637
640
640
643
643
643
650
652
652
653
653
654
654
656
658
659
659
660
661
664
665
665
666
669
672
673
673
677
677
677
679
679
680
681
683
686
688
691
691
695
696
696
696
697
699
700
700
701
701
702
703
703
704
704
706
706
707
708
711
716
719
721
721
725
725
726
727
727
727
729
729
730
730
731
732
732
732
733
736
740
742
743
744
745
747
747
749
750
750
753
754
756
757
757
758
758
760
763
763
764
765
766
766
768
769
772
774
775
776
777
782
783
784
784
784
786
787
787
787
787
790
790
795
796
797
798
798
801
801
802
802
803
803
803
804
804
804
806
806
806
807
807
807
808
809
817
818
818
819
819
820
821
822
822
824
824
824
826
827
827
827
829
831
832
833
833
834
834
835
836
837
838
838
839
839
839
839
840
840
841
842
843
844
847
847
847
848
849
849
849
851
851
852
853
853
855
856
856
858
859
859
861
861
862
863
864
864
866
866
867
867
868
869
871
872
872
874
874
874
875
876
876
877
877
879
879
880
881
881
881
882
882
882
883
883
883
883
884
884
884
884
884
885
885
886
887
887
888
888
888
890
891
891
892
893
893
895
895
895
895
897
897
897
897
898
898
898
899
900
901
901
901
901
902
903
903
904
904
906
906
907
907
908
908
909
909
909
909
910
910
911
911
911
913
913
914
915
916
916
916
917
917
917
918
918
918
919
919
919
919
920
920
920
920
920
922
923
923
923
924
924
925
926
927
928
928
929
929
930
930
931
931
932
932
932
933
933
933
933
934
934
934
935
935
936
936
936
937
938
939
939
939
939
939
940
940
941
941
942
942
942
942
942
942
943
943
944
944
944
944
944
945
945
945
945
945
946
946
946
946
946
947
947
947
947
949
949
949
950
950
950
950
950
950
950
951
951
952
952
952
952
953
953
954
954
954
955
955
955
956
956
956
956
957
957
958
958
958
958
959
959
959
959
959
959
959
959
960
960
960
961
961
961
962
962
962
962
962
963
963
963
963
963
963
963
964
964
964
964
964
965
965
965
965
966
966
966
966
966
966
966
967
967
967
967
968
968
968
968
968
968
968
969
969
970
970
970
970
970
970
971
971
972
972
972
973
973
973
974
974
974
974
974
974
974
974
974
974
975
975
975
975
975
976
976
976
977
977
977
978
978
978
978
978
979
980
980
980
980
980
981
981
981
981
982
982
982
982
983
983
983
983
983
984
984
985
985
985
986
986
986
986
986
986
986
986
987
987
987
988
988
988
988
988
988
988
989
989
989
989
989
990
990
990
991
991
991
991
992
992
992
992
992
993
993
993
993
993
994
995
995
996
996
996
996
996
997
997
997
997
997
998
998
998
999
999
999
1000
1000
1000
1000
1000
1001
1001
1002
1002
1002
1002
1002
1003
1003
1003
1004
1004
1004
1004
1004
1004
1004
1004
1004
1004
1004
1004
1004
1005
1005
1005
1006
1006
1006
1007
1007
1007
1008
1008
1008
1008
1009
1009
1009
1009
1009
1010
1010
1010
1011
1011
1011
1012
1012
1012
1012
1012
1013
1013
1013
1013
1014
1014
1014
1014
1014
1014
1015
1015
1016
1016
1016
1017
1017
1018
1018
1018
1018
1019
1019
1020
1020
1020
1020
1021
1021
1022
1022
1022
1022
1024
1024
1024
1024
1024
1025
1025
1025
1026
1026
1026
1027
1027
1027
1027
1028
1028
1028
1029
1029
1030
1030
1031
1032
1032
1032
1032
1032
1033
1033
1034
1034
1035
1035
1035
1035
1036
1036
1037
1038
1038
1038
1039
1039
1040
1041
1041
1041
1043
1044
1044
1045
1045
1046
1047
1047
1048
1048
1048
1049
1049
1049
1050
1051
1052
1052
1052
1056
1058
1059
1059
1060
1060
1060
1060
1061
1061
1064
1064
1065
1065
1066
1066
1067
1067
1068
1069
1070
1070
1072
1072
1073
1074
1075
1075
1076
1077
1077
1079
1079
1079
1081
1082
1083
1088
1091
1092
1093
1094
1094
1094
1099
1102
1104
1107
1107
1111
1116
1117
1122
1124
1125
1125
1126
1127
1133
1137
1138
1140
1140
1143
1145
1149
1152
1152
1152
1155
1158
1160
1161
1166
1166
1169
1169
1171
1171
1172
1178
1180
1180
1181
1184
1193
1201
1203
1204
1204
1209
1211
1211
1212
1216
1226
1229
1229
1246
1250
1272
1285
1291
1293
1295
1305
1306
1317
1318
1321
1322
1345
1362
1362
1370
1442
1459
1462
1480
1512
1513
1524
1532
1537
1538
1549
1554
1568
1569
1571
1585
1622
1672
1926
2391
2680
3473
4162
7030
