70657
70759
70994
71218
71228
71380
71617
71723
71749
72259
72264
72397
72458
72477
72537
72615
72663
72702
72844
72877
72967
72983
72987
72989
73025
73025
73029
73125
73131
73145
73150
73162
73163
73185
73186
73193
73218
73218
73227
73237
73253
73285
73292
73303
73311
73357
73361
73361
73362
73381
73390
73403
73422
73422
73430
73434
73473
73482
73483
73491
73514
73516
73545
73557
73564
73565
73570
73580
73586
73586
73590
73596
73601
73610
73625
73627
73683
73686
73690
73702
73711
73720
73746
73754
73758
73768
73776
73777
73785
73814
73827
73829
73865
73879
73887
73892
73927
73934
73941
73942
73999
74005
74008
74009
74027
74061
74066
74070
74083
74089
74089
74099
74114
74114
74151
74151
74156
74169
74177
74207
74228
74236
74241
74252
74256
74259
74264
74268
74273
74285
74291
74291
74313
74332
74354
74369
74370
74376
74377
74399
74426
74438
74439
74440
74448
74473
74488
74490
74491
74515
74520
74522
74523
74527
74555
74564
74566
74569
74580
74583
74613
74618
74637
74642
74646
74649
74659
74668
74684
74711
74716
74724
74733
74739
74759
74764
74769
74775
74793
74801
74811
74820
74823
74832
74836
74842
74842
74885
74887
74895
74896
74926
74966
74970
74978
74988
75002
75027
75034
75035
75037
75043
75049
75056
75059
75086
75142
75143
75149
75151
75151
75152
75179
75182
75189
75193
75237
75254
75254
75264
75266
75270
75274
75280
75292
75295
75303
75304
75306
75331
75345
75348
75374
75375
75383
75394
75396
75398
75402
75404
75409
75411
75418
75418
75436
75451
75454
75457
75464
75479
75480
75492
75508
75517
75520
75524
75566
75575
75578
75603
75610
75612
75615
75617
75621
75651
75655
75657
75676
75678
75687
75720
75732
75775
75779
75780
75781
75793
75795
75798
75804
75805
75808
75814
75822
75824
75832
75833
75838
75842
75845
75863
75880
75888
75892
75895
75940
75950
75958
75963
75979
75987
76006
76014
76021
76029
76031
76033
76062
76068
76086
76093
76096
76125
76127
76136
76151
76182
76206
76214
76222
76225
76263
76282
76282
76362
76366
76370
76372
76378
76379
76380
76399
76401
76431
76436
76441
76445
76454
76469
76496
76499
76499
76508
76527
76544
76569
76575
76587
76592
76602
76621
76626
76635
76638
76645
76653
76688
76700
76704
76714
76727
76731
76733
76746
76757
76757
76758
76762
76763
76764
76770
76779
76807
76816
76840
76840
76856
76865
76875
76884
76887
76888
76891
76891
76893
76899
76907
76920
76923
76931
76940
76960
76961
76964
76974
76978
76990
76999
77024
77025
77026
77029
77038
77069
77069
77071
77075
77106
77119
77121
77146
77149
77162
77164
77173
77183
77190
77191
77197
77206
77213
77217
77230
77247
77251
77259
77260
77303
77333
77336
77339
77340
77348
77349
77353
77380
77381
77385
77394
77396
77398
77399
77418
77423
77423
77443
77449
77450
77454
77455
77485
77492
77494
77506
77511
77512
77525
77527
77529
77534
77538
77543
77553
77554
77566
77566
77570
77576
77580
77585
77600
77604
77608
77616
77640
77642
77660
77662
77665
77667
77674
77694
77695
77696
77700
77716
77720
77724
77734
77743
77750
77754
77784
77797
77805
77815
77815
77819
77820
77821
77826
77852
77860
77874
77882
77891
77894
77894
77903
77905
77916
77927
77928
77930
77942
77953
77956
77960
77964
77966
77974
77976
77976
77978
78000
78013
78016
78018
78024
78033
78040
78042
78050
78062
78066
78068
78071
78077
78096
78107
78108
78111
78115
78132
78145
78150
78155
78157
78165
78171
78174
78192
78192
78202
78213
78221
78239
78248
78252
78260
78267
78272
78276
78323
78335
78341
78341
78342
78347
78361
78362
78371
78382
78396
78409
78425
78438
78442
78447
78453
78455
78456
78458
78465
78472
78478
78479
78486
78489
78492
78492
78493
78500
78513
78515
78518
78519
78519
78522
78525
78526
78540
78542
78561
78572
78576
78586
78589
78589
78592
78593
78596
78597
78615
78619
78625
78626
78629
78632
78633
78636
78638
78638
78646
78656
78668
78683
78690
78699
78737
78741
78753
78753
78767
78777
78778
78817
78818
78847
78853
78862
78877
78884
78888
78893
78895
78899
78901
78908
78911
78917
78919
78920
78922
78923
78935
78935
78942
78952
78975
78988
79005
79006
79008
79024
79040
79078
79080
79090
79110
79153
79166
79168
79193
79199
79213
79217
79220
79228
79235
79238
79250
79265
79276
79279
79290
79300
79302
79305
79307
79323
79334
79336
79355
79369
79383
79400
79412
79416
79425
79429
79432
79450
79455
79468
79473
79482
79523
79563
79565
79567
79576
79579
79580
79581
79587
79594
79620
79632
79639
79662
79665
79680
79717
79739
79793
79805
79829
79831
79846
79862
79875
79902
79906
79918
79925
79929
79938
79963
79969
79975
79984
79986
80000
80009
80013
80016
80021
80043
80046
80047
80051
80054
80068
80096
80106
80110
80111
80127
80138
80146
80156
80157
80165
80171
80180
80183
80194
80196
80206
80221
80229
80238
80242
80245
80249
80250
80251
80260
80269
80321
80326
80327
80340
80353
80379
80379
80393
80396
80423
80446
80448
80457
80458
80460
80494
80496
80502
80503
80507
80516
80533
80535
80536
80559
80567
80568
80568
80569
80576
80591
80591
80611
80613
80622
80638
80639
80647
80672
80703
80714
80734
80745
80773
80775
80778
80789
80814
80817
80835
80836
80842
80849
80854
80870
80876
80892
80909
80929
80965
80996
80997
81006
81012
81018
81022
81048
81055
81059
81101
81110
81116
81159
81205
81233
81247
81257
81259
81271
81286
81330
81358
81376
81380
81395
81431
81437
81448
81458
81461
81468
81487
81487
81493
81514
81545
81561
81566
81582
81623
81648
81667
81680
81689
81696
81769
81770
81772
81777
81781
81788
81844
81853
81855
81914
81919
81957
82027
82041
82044
82045
82057
82058
82060
82063
82088
82153
82167
82170
82173
82184
82190
82195
82200
82236
82243
82272
82290
82301
82306
82317
82321
82394
82427
82431
82452
82469
82486
82535
82554
82556
82579
82583
82620
82639
82732
82776
82784
82828
82842
82890
82896
82915
82932
82944
82958
83018
83022
83028
83074
83081
83165
83169
83211
83235
83237
83254
83262
83278
83279
83280
83350
83388
83581
83602
83613
83776
84083
84169
84516
84554
84566
84634
84786
84870
84953
85038
85158
85187
85236
85354
85598
85671
85703
85786
85803
85900
86451
87782
88184
88813
90101
92591
93290
93769
94971
96441
97846
103158
