46218
46481
46602
46644
46772
46904
46978
46993
47527
47537
47628
47631
47722
47726
47734
47777
47800
47859
47867
47898
47919
48009
48021
48035
48072
48080
48088
48120
48156
48166
48218
48273
48284
48311
48318
48366
48373
48384
48398
48412
48413
48447
48452
48456
48476
48482
48494
48539
48544
48547
48549
48556
48579
48582
48589
48608
48634
48653
48671
48671
48719
48736
48741
48743
48745
48761
48807
48844
48881
48919
48936
48972
48972
49001
49027
49030
49042
49052
49076
49101
49109
49113
49143
49147
49148
49151
49159
49206
49212
49213
49218
49226
49236
49259
49265
49287
49288
49317
49319
49330
49345
49377
49383
49385
49385
49410
49418
49428
49453
49462
49472
49494
49504
49537
49553
49559
49564
49567
49567
49570
49576
49629
49639
49671
49676
49685
49710
49741
49748
49758
49772
49786
49803
49808
49809
49818
49820
49827
49842
49879
49880
49880
49883
49884
49895
49902
49909
49911
49914
49926
49927
49931
49935
49958
49961
49982
50009
50009
50016
50023
50027
50034
50046
50055
50055
50056
50064
50077
50084
50102
50108
50138
50150
50156
50164
50164
50166
50173
50180
50181
50182
50192
50222
50222
50225
50225
50250
50271
50282
50289
50294
50315
50317
50320
50322
50326
50335
50338
50341
50345
50359
50361
50365
50376
50393
50405
50411
50419
50421
50421
50443
50466
50471
50473
50474
50476
50488
50497
50498
50498
50498
50501
50503
50507
50508
50509
50512
50515
50534
50540
50554
50560
50561
50570
50577
50580
50583
50583
50583
50593
50595
50601
50608
50613
50619
50624
50627
50638
50639
50639
50646
50657
50657
50659
50675
50675
50677
50681
50682
50685
50685
50691
50693
50700
50722
50723
50753
50754
50760
50765
50771
50791
50806
50813
50813
50814
50820
50823
50825
50825
50832
50834
50841
50850
50853
50860
50860
50866
50870
50874
50874
50875
50880
50882
50884
50886
50888
50889
50890
50890
50897
50899
50910
50918
50925
50934
50941
50948
50957
50970
50975
50988
50989
50993
51002
51003
51004
51011
51012
51015
51018
51041
51046
51048
51051
51054
51066
51072
51080
51081
51086
51087
51088
51090
51099
51106
51115
51118
51127
51130
51131
51133
51136
51140
51151
51152
51166
51169
51172
51177
51187
51188
51192
51194
51194
51204
51209
51213
51215
51222
51226
51229
51231
51231
51232
51232
51232
51233
51239
51241
51244
51255
51256
51271
51272
51278
51291
51292
51292
51297
51303
51304
51314
51332
51338
51342
51344
51344
51348
51366
51367
51368
51371
51373
51378
51394
51395
51402
51409
51419
51430
51430
51430
51437
51450
51457
51458
51467
51469
51473
51473
51478
51480
51482
51483
51498
51500
51506
51507
51508
51512
51520
51521
51522
51524
51526
51527
51536
51541
51544
51545
51555
51556
51557
51557
51557
51558
51564
51564
51566
51576
51578
51582
51592
51594
51596
51601
51604
51611
51620
51629
51637
51641
51644
51655
51656
51659
51664
51665
51668
51670
51670
51676
51681
51683
51686
51690
51698
51706
51722
51735
51737
51749
51749
51749
51750
51758
51759
51764
51772
51774
51776
51780
51781
51782
51784
51785
51785
51790
51793
51797
51800
51802
51815
51823
51837
51843
51846
51847
51851
51853
51859
51859
51867
51870
51870
51879
51880
51884
51887
51904
51904
51913
51932
51934
51939
51951
51956
51962
51977
51999
52004
52009
52010
52013
52013
52018
52023
52029
52035
52039
52042
52044
52050
52056
52061
52072
52072
52081
52085
52102
52106
52119
52120
52121
52121
52123
52136
52139
52140
52141
52150
52170
52176
52176
52177
52181
52181
52183
52183
52195
52200
52200
52202
52202
52208
52231
52235
52237
52242
52244
52261
52286
52306
52307
52323
52326
52328
52342
52353
52356
52367
52372
52373
52375
52383
52391
52399
52407
52413
52425
52425
52428
52430
52431
52434
52456
52475
52480
52484
52488
52511
52516
52533
52547
52549
52550
52571
52579
52580
52608
52622
52632
52632
52640
52641
52642
52656
52675
52680
52687
52691
52701
52718
52723
52738
52758
52758
52763
52765
52770
52776
52786
52794
52826
52843
52845
52846
52848
52859
52868
52879
52894
52900
52906
52920
52927
52929
52930
52934
52936
52936
52960
52964
52980
52982
52982
52984
53001
53008
53021
53022
53025
53045
53045
53051
53051
53055
53059
53063
53070
53070
53072
53081
53090
53093
53100
53102
53103
53112
53115
53121
53130
53140
53142
53157
53167
53174
53176
53184
53204
53205
53205
53206
53211
53216
53218
53220
53223
53223
53224
53228
53229
53235
53242
53246
53247
53248
53257
53270
53271
53272
53284
53286
53297
53297
53305
53311
53315
53321
53330
53347
53352
53359
53365
53371
53373
53389
53393
53398
53421
53425
53433
53440
53451
53465
53488
53498
53500
53511
53513
53522
53525
53531
53548
53550
53557
53563
53564
53564
53571
53571
53575
53580
53585
53588
53598
53613
53617
53631
53636
53637
53638
53654
53656
53676
53677
53678
53699
53727
53733
53739
53753
53754
53758
53759
53778
53784
53790
53794
53798
53808
53810
53811
53814
53818
53820
53827
53827
53827
53827
53842
53845
53850
53853
53853
53853
53863
53864
53866
53879
53886
53908
53909
53910
53926
53928
53929
53935
53938
53947
53963
53966
53968
53972
54016
54019
54030
54031
54037
54050
54054
54059
54067
54078
54081
54087
54092
54111
54130
54146
54181
54194
54200
54205
54206
54218
54232
54233
54240
54243
54253
54267
54277
54279
54286
54361
54372
54382
54382
54392
54396
54398
54400
54402
54412
54413
54430
54441
54444
54445
54462
54475
54479
54479
54482
54487
54505
54514
54522
54546
54552
54556
54564
54575
54579
54589
54603
54603
54620
54626
54633
54644
54652
54663
54664
54668
54669
54670
54680
54683
54690
54693
54730
54760
54770
54788
54804
54826
54885
54893
54897
54901
54908
54948
54976
55015
55059
55086
55117
55118
55138
55143
55172
55184
55186
55190
55234
55245
55280
55285
55389
55409
55430
55447
55466
55468
55484
55498
55518
55541
55570
55585
55610
55672
55685
55687
55726
55769
55779
55811
55849
55854
55856
55871
55894
55947
55963
55983
56024
56092
56114
56167
56168
56332
56356
56503
56524
56530
56655
56664
56726
56765
56806
56863
56867
56891
56894
56979
57181
57207
57346
57568
57573
57669
57731
57777
57813
58179
58225
58348
59156
59773
60573
60741
60747
61119
61174
61317
61472
61681
61727
61834
62099
62251
62528
63038
63073
64517
70143
