392
398
399
400
403
403
405
405
407
407
408
410
412
412
413
414
415
415
415
416
416
417
417
417
417
417
417
417
417
418
419
419
420
420
420
420
420
420
421
421
421
421
422
422
422
422
423
423
423
423
423
423
424
424
424
425
425
425
426
426
426
426
426
426
426
426
426
426
426
426
428
428
428
428
428
428
429
429
429
429
429
429
429
429
429
429
429
429
429
429
429
429
429
429
430
430
430
430
430
430
430
430
430
430
430
430
430
431
431
431
431
432
432
432
432
432
432
432
432
432
432
432
432
432
433
433
433
433
433
433
434
434
434
434
435
435
435
435
435
435
435
435
435
435
435
435
436
436
436
436
436
436
436
436
436
436
436
436
436
436
436
436
436
436
437
437
437
437
437
437
437
437
437
437
438
438
438
438
438
439
439
439
439
439
439
439
439
439
439
439
439
439
439
440
440
440
440
440
440
440
441
441
441
441
441
441
441
442
442
442
442
442
442
442
442
442
442
442
442
442
442
442
442
442
442
442
442
442
442
442
443
443
443
443
443
443
443
443
443
443
443
443
443
443
444
444
444
444
444
444
444
444
444
444
444
445
445
445
445
445
445
445
445
445
445
445
445
445
445
445
445
445
446
446
446
446
446
446
446
446
447
447
447
447
448
448
448
448
448
448
448
448
448
449
449
449
449
449
449
449
449
449
449
449
449
449
449
449
449
449
450
450
450
450
450
450
450
450
450
450
451
451
451
451
451
452
452
452
452
452
452
452
452
452
452
452
452
452
452
452
452
452
453
453
453
453
453
453
453
453
453
453
453
453
453
453
454
454
454
454
454
454
454
454
454
454
455
455
455
455
455
455
455
455
455
455
455
455
455
455
456
456
456
456
456
456
456
456
456
456
457
457
457
457
457
457
457
457
457
457
457
457
458
458
458
458
458
458
458
458
458
458
458
458
459
459
459
459
459
459
459
459
460
460
460
460
460
460
460
460
460
460
460
460
460
460
460
461
461
461
461
461
461
461
461
461
461
462
462
462
462
462
462
462
462
462
463
463
463
463
463
463
463
463
463
463
463
463
464
464
464
464
464
464
464
464
464
464
464
464
465
465
465
465
465
465
465
465
465
465
465
466
466
466
466
466
466
466
466
466
466
467
467
467
467
467
467
468
468
468
469
469
469
469
469
469
469
470
470
470
470
470
470
470
470
471
471
471
471
471
471
472
472
472
472
472
473
473
473
473
473
473
473
474
474
474
474
474
474
474
474
474
474
474
475
475
475
475
475
475
475
475
475
475
475
475
475
476
476
476
476
476
476
476
476
476
476
477
477
477
477
477
477
477
477
477
477
477
477
477
478
478
478
478
478
478
478
478
478
479
479
479
479
479
479
479
479
479
480
480
480
480
480
480
480
480
481
481
481
481
481
481
482
482
482
482
482
482
482
483
483
483
483
483
483
483
483
483
483
483
483
484
484
484
484
484
484
484
484
485
485
485
485
485
485
486
486
486
486
486
486
487
487
487
487
487
487
487
487
487
487
487
488
488
488
488
488
488
488
488
488
488
488
488
489
489
489
489
489
489
489
489
489
489
489
490
490
490
490
490
490
490
490
491
491
491
491
491
491
491
491
491
491
491
491
491
491
492
492
492
492
492
492
492
492
492
493
493
493
493
493
494
494
494
494
494
494
494
494
494
494
494
495
495
495
495
495
495
496
496
496
497
497
497
497
497
497
497
497
497
497
497
497
497
498
498
498
498
498
498
498
498
498
498
499
499
499
499
499
499
499
500
500
500
500
500
500
500
500
500
500
500
500
501
501
501
501
501
501
501
501
501
501
502
502
502
502
502
502
502
502
502
503
503
503
503
503
503
503
503
503
504
504
504
504
504
504
504
504
504
504
504
504
505
505
505
505
505
505
505
506
506
506
506
506
507
507
507
507
507
507
507
507
508
509
509
509
509
509
509
510
510
510
510
510
511
511
511
511
511
511
512
512
512
512
512
512
512
512
513
514
514
514
514
514
515
515
515
515
516
516
517
517
517
518
518
518
518
518
518
519
519
519
519
519
519
520
520
520
521
521
523
523
524
524
525
525
526
527
527
528
528
528
528
529
532
532
533
533
534
535
537
537
537
537
538
538
538
539
539
540
541
543
543
544
546
546
547
547
547
550
550
551
553
554
555
556
556
560
563
565
572
573
574
575
575
576
580
581
584
595
600
602
604
609
627
633
656
676
680
686
696
751
756
758
841
871
928
934
949
956
987
997
1005
1034
1044
1059
1090
1766
2461
