1265
1323
1335
1350
1352
1352
1353
1353
1356
1358
1361
1366
1370
1372
1378
1382
1388
1388
1390
1393
1394
1399
1402
1403
1407
1407
1409
1409
1412
1413
1415
1415
1416
1416
1418
1419
1420
1422
1423
1423
1424
1426
1429
1429
1430
1430
1432
1433
1434
1435
1435
1437
1438
1440
1440
1441
1442
1442
1444
1444
1445
1446
1448
1448
1449
1450
1450
1450
1451
1451
1452
1452
1452
1453
1453
1454
1455
1455
1455
1455
1456
1458
1459
1459
1459
1460
1461
1461
1461
1461
1461
1462
1462
1465
1466
1466
1466
1466
1466
1467
1467
1468
1469
1470
1470
1471
1471
1472
1472
1473
1474
1474
1474
1474
1475
1475
1475
1476
1477
1477
1478
1478
1478
1480
1480
1480
1480
1480
1481
1482
1482
1483
1483
1485
1485
1485
1486
1486
1487
1488
1489
1489
1490
1490
1491
1491
1491
1492
1493
1493
1494
1495
1497
1499
1499
1499
1499
1500
1501
1502
1504
1505
1505
1506
1506
1508
1508
1509
1509
1510
1510
1510
1512
1513
1513
1513
1513
1514
1514
1517
1518
1518
1519
1519
1519
1519
1521
1522
1522
1522
1524
1525
1525
1525
1526
1526
1527
1527
1528
1528
1529
1529
1529
1532
1533
1534
1535
1536
1537
1537
1537
1539
1539
1540
1545
1545
1547
1548
1549
1550
1550
1550
1552
1554
1554
1555
1556
1556
1557
1557
1557
1558
1559
1560
1562
1563
1563
1565
1566
1567
1571
1573
1575
1576
1576
1576
1578
1580
1580
1580
1581
1582
1587
1588
1588
1591
1591
1591
1594
1595
1595
1596
1597
1598
1600
1602
1603
1604
1604
1604
1606
1608
1611
1611
1612
1616
1620
1621
1622
1628
1633
1634
1635
1635
1641
1642
1643
1644
1644
1645
1647
1650
1650
1650
1652
1653
1655
1655
1660
1661
1662
1662
1663
1668
1671
1671
1674
1677
1678
1678
1680
1682
1686
1689
1689
1690
1697
1700
1702
1702
1702
1714
1715
1716
1721
1725
1725
1726
1727
1727
1730
1731
1731
1733
1736
1738
1738
1739
1741
1747
1748
1750
1750
1751
1752
1754
1755
1755
1755
1757
1757
1768
1771
1777
1777
1777
1778
1779
1784
1784
1785
1787
1791
1792
1793
1795
1798
1802
1802
1803
1804
1804
1804
1807
1808
1810
1811
1812
1817
1819
1819
1819
1820
1820
1821
1822
1823
1825
1826
1829
1830
1832
1833
1833
1833
1833
1834
1834
1835
1835
1836
1837
1837
1839
1840
1843
1844
1845
1849
1851
1854
1855
1863
1864
1865
1865
1868
1869
1870
1870
1873
1874
1875
1876
1876
1877
1879
1885
1886
1886
1887
1887
1887
1890
1892
1895
1898
1899
1901
1901
1902
1902
1902
1905
1907
1908
1909
1910
1911
1911
1913
1915
1915
1918
1918
1919
1921
1924
1925
1926
1927
1929
1929
1930
1930
1930
1931
1934
1934
1934
1935
1935
1936
1936
1938
1940
1941
1941
1942
1944
1944
1944
1944
1945
1945
1945
1945
1946
1946
1946
1947
1948
1949
1949
1949
1951
1951
1954
1955
1956
1957
1958
1960
1960
1962
1964
1965
1965
1965
1966
1967
1968
1968
1968
1970
1970
1970
1970
1970
1971
1971
1973
1975
1976
1978
1979
1980
1980
1981
1982
1984
1985
1985
1985
1987
1987
1988
1988
1988
1991
1992
1992
1992
1993
1995
1995
1996
1997
1999
2000
2001
2001
2001
2004
2004
2004
2006
2007
2008
2009
2009
2011
2012
2012
2014
2014
2014
2015
2017
2019
2021
2022
2023
2024
2026
2026
2027
2028
2030
2031
2032
2032
2032
2032
2032
2034
2034
2035
2039
2039
2039
2039
2040
2040
2040
2041
2042
2042
2042
2043
2043
2047
2047
2050
2050
2051
2051
2051
2052
2052
2053
2053
2055
2056
2056
2057
2057
2059
2059
2059
2061
2062
2063
2063
2064
2066
2066
2069
2070
2071
2071
2072
2072
2072
2072
2072
2073
2074
2074
2074
2076
2076
2077
2077
2078
2079
2081
2083
2083
2084
2086
2086
2087
2088
2088
2088
2088
2088
2089
2089
2089
2089
2090
2090
2091
2091
2092
2093
2095
2096
2097
2097
2098
2098
2100
2100
2100
2101
2102
2103
2104
2107
2109
2109
2112
2115
2115
2115
2119
2120
2122
2123
2123
2123
2124
2125
2125
2126
2126
2127
2127
2127
2128
2128
2129
2129
2129
2130
2130
2130
2130
2131
2132
2133
2133
2134
2134
2134
2137
2138
2138
2139
2139
2140
2140
2140
2140
2141
2141
2143
2144
2144
2145
2145
2145
2145
2147
2147
2148
2148
2148
2149
2151
2152
2153
2153
2153
2153
2154
2155
2155
2160
2160
2161
2164
2164
2165
2165
2166
2167
2168
2169
2170
2170
2170
2170
2170
2171
2171
2171
2172
2173
2174
2174
2174
2175
2176
2176
2176
2177
2177
2179
2179
2180
2180
2180
2180
2181
2182
2182
2183
2183
2184
2187
2187
2187
2188
2189
2189
2191
2192
2193
2193
2193
2194
2194
2196
2197
2198
2198
2198
2198
2199
2199
2201
2201
2202
2204
2205
2206
2206
2206
2206
2207
2208
2210
2212
2213
2214
2215
2216
2219
2219
2219
2219
2221
2221
2221
2222
2222
2223
2223
2223
2225
2226
2229
2231
2231
2231
2231
2233
2234
2234
2236
2237
2240
2243
2244
2246
2246
2247
2248
2249
2250
2250
2250
2254
2255
2255
2256
2258
2258
2258
2259
2260
2261
2265
2266
2268
2270
2271
2272
2272
2273
2273
2273
2274
2275
2276
2276
2277
2277
2277
2279
2279
2280
2280
2282
2282
2283
2283
2286
2289
2290
2291
2292
2293
2296
2298
2299
2300
2300
2302
2306
2306
2307
2311
2311
2313
2313
2315
2320
2320
2321
2326
2328
2329
2331
2332
2335
2336
2339
2346
2348
2348
2353
2356
2361
2367
2369
2370
2374
2374
2374
2376
2387
2393
2394
2396
2404
2414
2417
2419
2422
2424
2425
2430
2432
2437
2438
2441
2442
2443
2445
2448
2450
2458
2470
2472
2472
2476
2478
2478
2484
2487
2496
2503
2505
2510
2524
2540
2557
2573
2622
2622
2648
2650
2704
2707
2708
2709
2746
3004
3005
3047
3358
3452
3817
4043
5015
