495
505
508
508
508
512
512
518
519
523
524
525
526
526
526
530
530
530
530
532
533
533
533
534
534
537
537
537
537
537
537
537
537
537
539
539
540
540
540
540
540
541
541
541
542
542
542
542
543
544
544
545
545
545
545
545
545
545
545
545
546
547
547
549
549
549
549
549
549
549
549
550
550
551
551
551
552
552
552
552
553
553
553
553
553
553
553
553
553
553
554
554
554
554
554
555
555
556
556
557
557
557
557
557
557
557
557
557
557
557
557
557
557
557
557
557
557
558
558
558
559
559
560
560
560
560
561
561
561
561
561
561
561
561
561
561
561
561
561
561
561
561
561
561
561
562
562
562
563
563
564
564
564
564
564
564
565
565
565
565
565
565
565
565
565
565
565
566
566
566
566
566
566
567
567
567
567
568
568
568
568
568
568
568
568
569
569
569
569
569
569
569
569
569
569
569
570
570
570
570
570
570
570
570
570
570
570
570
571
571
572
572
572
572
572
572
573
573
573
573
573
573
573
573
573
573
573
573
573
574
574
574
574
574
574
575
575
575
576
576
576
577
577
578
578
578
578
578
578
578
578
578
578
578
578
578
578
578
578
579
579
579
579
579
580
580
581
581
582
582
582
582
582
582
582
583
583
583
583
583
583
583
583
584
585
585
585
585
585
585
585
585
586
586
586
587
587
587
587
587
587
587
588
588
588
588
588
590
590
590
590
590
590
591
591
591
591
591
592
592
592
592
592
593
593
593
593
594
594
595
595
596
596
596
596
597
597
598
598
598
599
599
599
600
600
600
601
601
601
602
602
603
604
604
605
606
606
609
609
610
610
610
610
611
612
612
613
614
614
615
615
616
616
617
617
618
618
619
619
619
619
620
620
620
620
620
621
621
621
623
623
625
625
625
626
626
626
626
627
627
628
629
630
631
631
632
632
633
633
633
634
634
634
635
635
635
636
637
637
638
638
638
639
639
640
640
640
641
641
642
642
642
643
644
644
644
644
644
646
647
648
648
649
649
649
650
651
651
651
652
652
652
652
652
654
654
654
655
655
655
655
656
657
657
657
658
658
658
658
658
658
659
659
659
660
660
660
660
660
661
661
662
662
662
663
664
664
664
665
665
665
665
666
666
667
667
667
667
668
668
669
669
669
670
670
671
671
671
672
672
672
673
673
673
674
674
675
675
675
675
675
676
676
676
676
677
677
678
678
679
679
679
679
680
680
681
681
682
682
682
683
683
683
683
683
683
684
684
684
685
685
685
685
686
686
686
687
687
687
688
688
688
688
689
689
689
690
690
690
691
691
691
691
691
692
692
692
692
692
692
692
693
693
693
694
694
694
694
694
694
695
695
695
696
696
696
697
697
697
697
697
697
697
697
698
698
698
698
698
698
699
699
699
699
699
699
699
700
700
700
700
700
701
701
702
702
702
702
702
702
703
703
703
703
704
704
704
704
704
704
705
705
706
706
706
706
706
706
707
707
707
707
707
707
708
708
708
708
708
709
709
709
709
709
709
709
710
710
710
710
710
710
710
710
711
711
711
711
712
712
712
712
713
713
713
714
714
714
714
714
714
714
715
715
715
715
715
716
716
716
716
716
717
717
718
718
718
718
718
718
718
719
719
719
719
720
720
720
720
720
720
721
721
721
721
721
721
722
722
722
722
723
723
723
723
723
723
724
724
724
724
725
725
725
725
726
726
726
726
726
726
727
727
727
727
727
727
727
728
728
729
729
729
729
729
729
730
730
730
730
730
730
730
731
731
731
731
731
731
731
732
732
732
732
732
733
733
733
734
734
734
735
735
736
736
736
736
737
738
738
739
739
739
740
740
741
741
741
741
742
742
742
742
743
743
743
743
743
743
744
744
744
744
744
745
745
745
746
746
746
746
747
748
748
748
748
748
748
748
748
749
750
750
750
750
750
750
751
751
751
751
751
751
751
751
753
753
753
754
754
754
754
754
754
755
755
755
755
755
756
756
756
756
756
757
757
758
758
758
759
759
759
759
760
760
760
760
760
761
761
762
763
763
764
764
765
765
765
765
767
768
768
769
769
769
769
770
770
770
771
771
772
772
772
773
774
776
776
777
778
778
779
779
780
780
781
782
782
783
784
785
788
788
789
790
791
792
793
793
795
795
795
796
797
798
798
799
801
801
802
806
807
811
816
823
830
832
834
836
846
847
867
870
873
875
881
898
905
909
916
921
926
931
945
948
955
975
977
982
1013
1027
1062
1069
1082
1107
1111
1114
1114
1115
1134
1165
1216
1229
1234
1297
1310
1523
1670
2038
2799
