1126
1132
1146
1179
1183
1187
1188
1190
1192
1193
1199
1201
1203
1203
1204
1205
1206
1208
1208
1210
1211
1213
1214
1216
1216
1217
1219
1220
1222
1222
1223
1223
1224
1224
1224
1225
1229
1230
1233
1235
1235
1235
1236
1236
1237
1240
1241
1241
1243
1243
1243
1244
1244
1245
1245
1246
1247
1248
1248
1250
1251
1251
1254
1254
1255
1257
1264
1268
1270
1271
1271
1273
1273
1273
1275
1277
1281
1282
1287
1290
1292
1293
1295
1296
1298
1300
1300
1301
1301
1301
1303
1303
1304
1306
1307
1307
1310
1310
1311
1312
1312
1315
1315
1315
1316
1318
1322
1322
1322
1324
1325
1326
1328
1330
1333
1333
1345
1345
1346
1350
1354
1355
1358
1359
1360
1362
1366
1366
1369
1374
1383
1384
1384
1386
1387
1390
1394
1394
1395
1398
1400
1400
1406
1408
1413
1422
1423
1430
1444
1445
1448
1456
1457
1458
1459
1460
1460
1461
1461
1462
1462
1465
1465
1469
1477
1480
1481
1488
1489
1496
1498
1499
1502
1503
1504
1508
1509
1509
1510
1522
1533
1547
1548
1548
1551
1553
1553
1553
1558
1559
1560
1570
1570
1571
1575
1575
1587
1589
1590
1594
1594
1601
1602
1606
1611
1612
1615
1622
1629
1630
1632
1633
1634
1637
1638
1642
1642
1644
1647
1648
1649
1651
1653
1654
1655
1656
1658
1658
1659
1659
1666
1668
1670
1670
1670
1689
1693
1713
1714
1716
1717
1721
1722
1725
1729
1729
1732
1737
1741
1742
1744
1747
1747
1748
1750
1751
1755
1757
1761
1766
1770
1778
1778
1780
1781
1782
1783
1786
1789
1791
1794
1797
1798
1801
1801
1802
1802
1804
1805
1811
1812
1813
1815
1816
1816
1817
1818
1819
1824
1826
1826
1831
1832
1834
1835
1836
1839
1841
1841
1849
1854
1855
1855
1857
1860
1862
1864
1865
1866
1867
1868
1874
1876
1876
1876
1884
1894
1895
1896
1897
1897
1898
1902
1904
1904
1905
1905
1906
1912
1912
1914
1914
1918
1919
1920
1926
1928
1929
1929
1932
1933
1935
1937
1940
1941
1943
1944
1944
1948
1950
1950
1953
1954
1954
1956
1959
1963
1964
1967
1970
1976
1978
1979
1984
1985
1987
1989
1990
1992
1993
1995
1996
1998
1998
1998
1999
2000
2001
2001
2002
2003
2004
2004
2006
2006
2008
2009
2010
2010
2011
2012
2012
2016
2016
2018
2018
2018
2022
2025
2025
2029
2031
2033
2034
2035
2036
2037
2037
2038
2043
2043
2043
2044
2044
2044
2046
2046
2048
2051
2052
2055
2055
2056
2059
2059
2060
2061
2061
2063
2064
2065
2066
2067
2070
2073
2073
2073
2074
2074
2076
2076
2078
2078
2081
2082
2084
2085
2086
2088
2090
2091
2092
2093
2094
2095
2095
2095
2099
2101
2106
2107
2107
2108
2109
2109
2109
2110
2110
2111
2114
2116
2117
2118
2119
2122
2125
2125
2126
2126
2127
2128
2130
2130
2131
2133
2133
2134
2135
2139
2139
2139
2140
2140
2140
2140
2141
2142
2142
2143
2145
2145
2146
2146
2154
2154
2154
2154
2155
2157
2158
2158
2160
2161
2162
2163
2165
2166
2166
2170
2170
2173
2174
2176
2177
2179
2180
2181
2182
2183
2183
2183
2184
2184
2185
2185
2185
2187
2187
2189
2190
2190
2191
2193
2193
2195
2196
2197
2197
2198
2198
2200
2203
2203
2204
2204
2206
2208
2209
2212
2212
2214
2215
2215
2215
2216
2216
2216
2217
2219
2220
2220
2220
2220
2222
2224
2225
2226
2227
2227
2228
2230
2233
2235
2237
2239
2241
2241
2243
2243
2246
2246
2246
2248
2249
2250
2251
2251
2251
2251
2255
2256
2256
2257
2257
2259
2260
2261
2261
2261
2262
2263
2263
2264
2264
2265
2265
2269
2269
2270
2272
2272
2273
2273
2274
2274
2275
2275
2276
2277
2279
2280
2280
2282
2283
2284
2284
2284
2287
2287
2290
2291
2291
2291
2292
2293
2293
2294
2294
2295
2295
2298
2300
2300
2300
2300
2300
2300
2302
2302
2303
2303
2303
2304
2307
2307
2308
2308
2308
2308
2309
2311
2311
2311
2312
2313
2313
2314
2316
2316
2316
2317
2318
2320
2320
2320
2321
2321
2322
2322
2323
2323
2324
2324
2325
2327
2327
2327
2327
2328
2330
2331
2332
2332
2333
2333
2334
2337
2340
2341
2341
2343
2343
2344
2344
2345
2346
2346
2347
2348
2350
2352
2352
2353
2353
2354
2354
2355
2355
2355
2355
2356
2356
2357
2359
2359
2359
2359
2360
2361
2362
2362
2363
2363
2364
2364
2365
2365
2366
2366
2366
2366
2367
2367
2370
2370
2371
2371
2372
2372
2373
2374
2375
2376
2376
2376
2378
2379
2380
2381
2381
2383
2383
2384
2384
2384
2385
2386
2388
2389
2390
2390
2390
2390
2391
2392
2393
2393
2394
2395
2396
2398
2398
2399
2399
2400
2400
2400
2401
2402
2403
2404
2405
2405
2408
2408
2408
2409
2410
2412
2415
2416
2419
2419
2421
2422
2424
2424
2426
2428
2428
2428
2429
2429
2429
2430
2431
2432
2433
2434
2434
2435
2435
2436
2437
2438
2438
2439
2439
2443
2445
2447
2448
2450
2452
2453
2453
2454
2455
2455
2456
2457
2460
2460
2461
2465
2466
2466
2468
2470
2470
2471
2472
2474
2476
2477
2477
2478
2478
2479
2479
2480
2480
2482
2483
2484
2487
2488
2488
2489
2489
2489
2490
2491
2491
2493
2493
2494
2494
2495
2495
2497
2499
2500
2501
2502
2503
2504
2507
2509
2510
2511
2511
2511
2512
2513
2514
2514
2515
2516
2517
2518
2519
2519
2521
2522
2524
2527
2527
2527
2529
2529
2538
2539
2541
2542
2544
2545
2548
2548
2550
2551
2552
2553
2558
2560
2560
2561
2562
2564
2565
2569
2570
2571
2573
2576
2585
2586
2587
2588
2588
2591
2592
2592
2595
2598
2599
2607
2614
2615
2616
2617
2618
2621
2623
2634
2641
2649
2656
2660
2661
2679
2682
2689
2690
2697
2700
2700
2701
2711
2712
2743
2750
2794
2805
2840
2870
2923
2987
2999
3048
3115
3117
3120
3249
3759
4234
4416
4485
4554
5462
