4613
4730
4871
4872
4898
4902
4922
4954
4962
4962
4973
4983
4991
5024
5035
5046
5050
5053
5055
5059
5061
5066
5067
5077
5086
5087
5091
5096
5099
5121
5122
5124
5126
5128
5129
5137
5137
5142
5156
5157
5161
5162
5170
5181
5185
5187
5187
5190
5198
5199
5200
5201
5207
5209
5214
5216
5220
5223
5225
5229
5230
5231
5234
5248
5252
5256
5256
5263
5274
5276
5276
5282
5286
5287
5289
5292
5292
5295
5295
5298
5300
5303
5306
5308
5311
5316
5319
5327
5328
5328
5329
5329
5329
5331
5333
5334
5335
5336
5338
5342
5342
5345
5346
5348
5350
5356
5358
5358
5365
5366
5372
5372
5374
5374
5376
5380
5386
5386
5387
5394
5397
5397
5402
5402
5403
5404
5406
5415
5419
5419
5420
5421
5423
5427
5427
5429
5429
5430
5435
5435
5438
5439
5442
5443
5444
5445
5448
5450
5450
5453
5453
5453
5455
5455
5456
5459
5459
5460
5461
5463
5467
5468
5469
5471
5473
5473
5474
5477
5477
5477
5477
5479
5479
5485
5486
5487
5490
5491
5492
5493
5498
5501
5502
5504
5504
5507
5508
5510
5512
5513
5518
5519
5522
5524
5524
5524
5525
5525
5527
5528
5531
5534
5535
5536
5539
5541
5543
5550
5555
5556
5556
5558
5559
5562
5563
5564
5564
5564
5569
5569
5570
5573
5574
5575
5575
5578
5579
5581
5581
5585
5588
5589
5592
5594
5598
5598
5600
5603
5603
5603
5605
5610
5610
5610
5612
5613
5614
5615
5617
5618
5619
5621
5625
5625
5626
5627
5628
5628
5628
5629
5629
5633
5634
5635
5636
5639
5643
5644
5645
5646
5648
5648
5652
5652
5654
5659
5660
5660
5664
5664
5666
5666
5670
5673
5673
5675
5675
5677
5679
5681
5682
5684
5685
5689
5690
5692
5693
5694
5697
5699
5700
5701
5706
5707
5707
5707
5710
5711
5713
5715
5715
5715
5716
5716
5717
5717
5720
5720
5725
5727
5728
5728
5728
5730
5731
5735
5735
5736
5737
5738
5739
5742
5745
5748
5752
5753
5755
5758
5759
5759
5760
5760
5760
5761
5764
5764
5766
5768
5768
5769
5772
5772
5772
5772
5772
5776
5779
5779
5781
5782
5784
5785
5786
5786
5786
5787
5787
5788
5789
5790
5791
5793
5793
5793
5794
5797
5799
5800
5800
5801
5801
5802
5802
5805
5807
5808
5808
5810
5810
5811
5812
5812
5813
5814
5814
5816
5820
5824
5825
5826
5826
5827
5829
5830
5831
5835
5836
5840
5840
5841
5847
5847
5847
5848
5849
5850
5850
5853
5853
5857
5857
5857
5858
5859
5863
5864
5866
5868
5868
5869
5870
5870
5872
5872
5872
5876
5880
5880
5881
5883
5885
5885
5886
5886
5888
5888
5890
5890
5890
5890
5891
5894
5894
5896
5896
5900
5901
5902
5903
5903
5904
5904
5905
5905
5906
5907
5907
5911
5911
5911
5912
5913
5913
5916
5917
5918
5918
5919
5919
5919
5920
5920
5921
5922
5924
5925
5926
5926
5927
5928
5928
5928
5930
5932
5933
5933
5934
5935
5936
5936
5937
5937
5938
5938
5939
5941
5942
5943
5943
5944
5944
5945
5947
5948
5954
5956
5956
5958
5959
5959
5960
5961
5962
5963
5963
5966
5968
5969
5970
5972
5974
5975
5975
5976
5976
5976
5978
5978
5979
5982
5982
5982
5982
5983
5984
5985
5986
5987
5987
5988
5988
5989
5990
5992
5993
5994
5994
5995
5995
5997
6000
6002
6004
6005
6005
6006
6006
6007
6009
6010
6010
6011
6011
6012
6014
6014
6015
6015
6016
6016
6016
6017
6017
6018
6019
6020
6020
6021
6022
6022
6022
6024
6025
6026
6026
6027
6027
6030
6030
6032
6034
6036
6037
6038
6038
6038
6039
6041
6041
6041
6041
6042
6044
6044
6045
6045
6046
6047
6047
6049
6049
6050
6051
6053
6054
6054
6055
6055
6057
6058
6060
6060
6061
6061
6062
6062
6065
6065
6066
6067
6071
6071
6071
6072
6072
6072
6073
6073
6073
6074
6075
6076
6077
6077
6079
6080
6082
6082
6083
6083
6083
6083
6084
6085
6085
6086
6088
6089
6090
6091
6094
6095
6096
6098
6099
6100
6100
6101
6101
6101
6103
6104
6104
6105
6105
6106
6106
6107
6108
6108
6109
6110
6110
6111
6111
6112
6112
6115
6115
6116
6116
6117
6117
6119
6121
6124
6126
6127
6127
6129
6130
6130
6130
6132
6132
6132
6136
6138
6138
6139
6140
6140
6143
6144
6145
6146
6146
6150
6151
6153
6154
6155
6155
6159
6161
6161
6162
6167
6167
6168
6168
6171
6173
6173
6174
6174
6175
6175
6175
6178
6181
6182
6183
6184
6185
6185
6187
6187
6188
6189
6193
6194
6195
6197
6197
6197
6197
6200
6200
6202
6202
6204
6207
6208
6217
6219
6222
6226
6226
6227
6229
6230
6232
6232
6234
6234
6234
6235
6236
6238
6238
6239
6240
6241
6244
6244
6245
6245
6245
6246
6246
6248
6250
6251
6255
6255
6256
6259
6259
6259
6260
6261
6261
6263
6263
6264
6264
6265
6268
6269
6272
6272
6273
6273
6274
6275
6276
6278
6281
6282
6284
6284
6285
6287
6288
6288
6289
6290
6291
6294
6294
6296
6296
6297
6297
6300
6300
6301
6301
6301
6302
6303
6303
6307
6310
6311
6316
6316
6317
6319
6320
6324
6324
6325
6326
6328
6331
6331
6332
6332
6332
6333
6335
6339
6349
6350
6351
6352
6358
6358
6361
6362
6367
6369
6377
6379
6381
6383
6389
6391
6393
6395
6396
6399
6400
6401
6401
6401
6402
6406
6407
6409
6415
6416
6420
6422
6423
6431
6432
6432
6434
6434
6439
6442
6445
6448
6448
6453
6453
6456
6459
6459
6462
6471
6474
6480
6481
6481
6481
6482
6482
6490
6494
6497
6500
6505
6507
6509
6532
6533
6538
6545
6551
6552
6555
6555
6556
6559
6562
6565
6572
6574
6576
6593
6597
6600
6609
6610
6610
6615
6621
6628
6644
6655
6658
6663
6670
6671
6698
6701
6764
6791
6806
6811
6815
6836
6878
6886
6902
6941
6989
7004
7096
7105
7126
7131
7143
7151
7235
7253
7263
7363
7452
7472
7778
8248
8271
8786
8864
9107
