5869
6034
6068
6079
6161
6196
6221
6242
6280
6284
6286
6293
6295
6296
6296
6297
6298
6300
6300
6301
6302
6316
6318
6320
6338
6340
6363
6374
6385
6387
6400
6405
6415
6427
6429
6432
6446
6463
6467
6477
6478
6490
6491
6508
6510
6512
6516
6520
6532
6540
6543
6547
6577
6579
6589
6611
6617
6625
6627
6635
6654
6674
6688
6701
6706
6707
6718
6722
6728
6734
6735
6744
6744
6747
6747
6757
6765
6771
6776
6786
6787
6798
6820
6820
6823
6833
6838
6856
6867
6871
6902
6903
6917
6933
6973
6976
6978
6984
7004
7014
7015
7016
7019
7035
7040
7045
7047
7052
7056
7059
7061
7073
7103
7103
7112
7117
7122
7129
7143
7152
7157
7170
7172
7176
7183
7183
7187
7190
7212
7213
7217
7227
7240
7250
7257
7264
7272
7279
7287
7289
7312
7313
7313
7315
7315
7318
7319
7340
7345
7358
7368
7370
7386
7389
7394
7417
7451
7451
7453
7454
7463
7474
7475
7508
7510
7521
7528
7531
7539
7542
7543
7547
7553
7554
7555
7556
7557
7587
7594
7596
7604
7623
7627
7632
7649
7671
7675
7682
7696
7709
7711
7745
7759
7761
7764
7764
7776
7778
7780
7786
7789
7790
7793
7793
7795
7818
7836
7841
7847
7856
7859
7868
7869
7876
7876
7884
7919
7934
7940
7948
7956
7973
7975
7979
7982
8013
8021
8028
8033
8037
8062
8074
8077
8079
8082
8083
8084
8103
8112
8114
8116
8120
8133
8170
8175
8189
8191
8202
8217
8218
8223
8228
8246
8246
8268
8278
8289
8293
8301
8305
8313
8315
8330
8341
8351
8363
8363
8364
8372
8420
8424
8426
8427
8441
8443
8460
8468
8479
8490
8493
8510
8512
8513
8537
8540
8570
8571
8583
8583
8590
8598
8600
8602
8602
8611
8612
8619
8623
8627
8634
8635
8638
8648
8658
8673
8676
8678
8687
8695
8696
8703
8712
8713
8718
8728
8737
8739
8744
8750
8750
8768
8770
8773
8787
8789
8802
8814
8827
8837
8840
8847
8852
8852
8856
8859
8861
8864
8905
8913
8922
8924
8925
8932
8936
8937
8948
8952
8959
8963
8968
8976
8992
8994
8998
9000
9002
9006
9015
9016
9017
9019
9021
9031
9036
9037
9043
9050
9072
9080
9082
9083
9091
9096
9097
9107
9109
9115
9126
9130
9140
9149
9165
9173
9174
9181
9189
9192
9195
9198
9201
9203
9204
9205
9207
9207
9216
9217
9219
9219
9224
9225
9231
9231
9232
9248
9249
9251
9271
9273
9277
9277
9278
9281
9285
9286
9293
9293
9310
9317
9328
9337
9339
9342
9346
9349
9352
9354
9360
9364
9409
9422
9430
9441
9442
9444
9453
9467
9473
9475
9486
9490
9511
9512
9519
9520
9521
9523
9538
9541
9541
9544
9552
9562
9566
9570
9577
9580
9581
9585
9586
9587
9590
9596
9601
9604
9610
9615
9625
9628
9634
9649
9654
9663
9663
9667
9670
9674
9676
9692
9699
9701
9715
9717
9717
9722
9723
9736
9736
9747
9762
9763
9766
9769
9770
9774
9784
9784
9788
9792
9798
9808
9809
9811
9818
9822
9827
9835
9840
9844
9847
9848
9850
9857
9858
9860
9868
9869
9875
9875
9878
9881
9887
9897
9899
9902
9920
9924
9928
9956
9959
9961
9961
9971
9986
9989
9989
10008
10012
10021
10023
10026
10027
10035
10045
10046
10048
10061
10062
10070
10077
10090
10111
10112
10118
10123
10127
10128
10129
10130
10143
10146
10151
10155
10158
10160
10160
10173
10179
10186
10194
10200
10211
10211
10215
10217
10230
10250
10251
10255
10255
10256
10261
10265
10267
10271
10279
10288
10293
10295
10297
10308
10320
10326
10337
10342
10342
10343
10345
10357
10358
10368
10371
10380
10394
10398
10419
10420
10440
10469
10471
10480
10485
10494
10496
10498
10507
10510
10511
10512
10524
10541
10547
10550
10564
10565
10579
10596
10597
10598
10600
10605
10611
10625
10627
10628
10636
10642
10643
10646
10646
10649
10653
10655
10657
10657
10663
10664
10666
10669
10671
10673
10690
10695
10697
10704
10707
10712
10714
10715
10718
10723
10729
10732
10736
10744
10751
10752
10753
10759
10766
10770
10772
10781
10781
10782
10785
10799
10801
10804
10806
10806
10809
10811
10812
10815
10822
10839
10849
10853
10856
10865
10879
10883
10885
10888
10889
10894
10895
10905
10908
10915
10916
10921
10932
10933
10938
10945
10947
10949
10951
10953
10960
10963
10974
10977
10982
10992
10993
10994
10995
11000
11008
11009
11024
11030
11030
11036
11037
11039
11045
11049
11049
11052
11053
11056
11059
11060
11061
11062
11063
11075
11079
11086
11087
11090
11102
11103
11104
11109
11110
11122
11124
11141
11141
11150
11155
11160
11167
11170
11174
11184
11189
11190
11190
11191
11195
11195
11197
11200
11207
11231
11239
11242
11242
11251
11251
11260
11261
11264
11267
11274
11276
11287
11288
11296
11296
11298
11298
11305
11309
11312
11316
11327
11332
11333
11336
11348
11350
11360
11361
11363
11368
11371
11372
11374
11377
11388
11388
11389
11398
11404
11407
11409
11412
11414
11417
11422
11433
11438
11440
11444
11448
11450
11451
11454
11463
11476
11480
11490
11492
11496
11498
11500
11502
11504
11509
11512
11513
11517
11517
11524
11541
11549
11549
11556
11558
11561
11564
11566
11574
11579
11587
11588
11595
11596
11597
11598
11601
11610
11615
11620
11626
11638
11656
11663
11663
11668
11674
11676
11678
11692
11714
11715
11716
11730
11738
11746
11748
11752
11753
11755
11765
11773
11775
11776
11786
11789
11794
11796
11797
11798
11833
11836
11840
11842
11849
11877
11896
11901
11905
11906
11906
11907
11912
11914
11918
11919
11922
11924
11925
11930
11946
11947
11954
11957
11961
11965
11966
11973
12000
12004
12023
12023
12039
12043
12045
12059
12062
12063
12066
12073
12083
12099
12110
12113
12126
12130
12148
12175
12177
12185
12196
12200
12237
12241
12244
12251
12258
12266
12271
12287
12288
12304
12311
12323
12356
12367
12380
12391
12396
12410
12412
12424
12424
12443
12451
12459
12462
12469
12483
12492
12496
12515
12519
12526
12563
12591
12595
12618
12748
12752
12777
12821
12829
12853
12853
12857
12889
12917
12922
12932
12993
12993
13110
13138
13150
13209
13218
14675
15088
