38708
38738
38921
39023
39024
39111
39182
39386
39434
39454
39466
39529
39558
39560
39569
39577
39705
39751
39777
39810
39831
39889
39894
39937
39940
39948
39948
39967
39984
39991
40023
40033
40036
40038
40051
40059
40077
40085
40087
40088
40095
40095
40097
40099
40106
40110
40131
40135
40148
40152
40154
40155
40156
40157
40164
40172
40178
40184
40185
40193
40195
40199
40200
40200
40204
40212
40213
40243
40246
40246
40261
40264
40265
40269
40273
40283
40283
40285
40289
40291
40294
40300
40302
40306
40313
40323
40324
40324
40338
40341
40357
40365
40366
40368
40376
40380
40382
40385
40387
40389
40390
40393
40395
40396
40399
40406
40406
40411
40417
40422
40422
40430
40432
40446
40463
40465
40471
40473
40474
40476
40478
40497
40509
40511
40517
40531
40532
40539
40549
40551
40552
40558
40576
40580
40581
40586
40593
40615
40624
40626
40628
40632
40632
40632
40634
40635
40636
40646
40648
40652
40653
40662
40663
40664
40675
40685
40685
40688
40695
40697
40704
40705
40714
40715
40718
40720
40726
40726
40726
40727
40729
40732
40738
40753
40764
40771
40774
40775
40778
40785
40788
40792
40794
40800
40801
40807
40808
40810
40815
40816
40819
40819
40820
40821
40826
40829
40835
40840
40840
40843
40847
40850
40850
40851
40854
40856
40860
40864
40874
40874
40877
40891
40893
40893
40893
40894
40897
40898
40899
40907
40908
40915
40917
40918
40921
40921
40931
40936
40936
40941
40948
40955
40957
40961
40965
40966
40975
40975
40979
40980
40981
40986
40996
41002
41009
41010
41011
41012
41013
41014
41021
41021
41023
41033
41044
41049
41068
41077
41081
41082
41089
41089
41097
41108
41111
41114
41117
41121
41125
41126
41130
41133
41133
41136
41144
41151
41153
41159
41160
41167
41168
41172
41184
41187
41189
41189
41195
41197
41197
41199
41200
41207
41208
41209
41209
41216
41218
41219
41227
41231
41232
41236
41236
41238
41245
41246
41251
41252
41255
41255
41256
41260
41265
41267
41275
41279
41283
41283
41286
41286
41288
41290
41295
41295
41299
41301
41305
41311
41312
41314
41317
41317
41319
41339
41342
41344
41345
41354
41356
41360
41362
41366
41369
41379
41382
41384
41384
41386
41398
41406
41406
41408
41412
41420
41421
41425
41426
41430
41432
41438
41443
41446
41448
41448
41454
41458
41458
41459
41463
41467
41471
41475
41476
41478
41489
41491
41491
41495
41502
41507
41509
41521
41521
41524
41539
41541
41549
41549
41554
41555
41557
41557
41564
41568
41569
41571
41571
41575
41577
41578
41580
41582
41585
41588
41598
41601
41607
41630
41634
41635
41636
41636
41639
41643
41649
41652
41653
41653
41658
41669
41669
41672
41673
41675
41677
41687
41689
41693
41702
41702
41703
41704
41712
41716
41720
41720
41723
41728
41733
41747
41750
41756
41781
41781
41786
41799
41806
41807
41811
41812
41817
41822
41829
41830
41838
41840
41840
41844
41845
41857
41865
41877
41890
41892
41902
41907
41919
41932
41944
41944
41948
41952
41964
41979
41985
41986
41989
41990
41991
41998
42008
42013
42018
42019
42020
42034
42034
42042
42042
42044
42054
42070
42071
42097
42099
42100
42106
42107
42113
42120
42120
42122
42128
42131
42132
42138
42142
42144
42144
42145
42146
42150
42156
42205
42238
42259
42264
42269
42269
42278
42281
42282
42292
42306
42323
42331
42346
42350
42351
42388
42388
42396
42454
42455
42461
42469
42486
42494
42496
42507
42510
42511
42527
42540
42545
42561
42590
42591
42596
42608
42611
42617
42629
42631
42656
42657
42663
42665
42667
42675
42701
42708
42718
42719
42727
42732
42748
42759
42764
42766
42776
42788
42793
42795
42808
42813
42817
42821
42832
42863
42868
42898
42900
42904
42917
42921
42922
42946
42960
42961
42998
43004
43015
43020
43024
43030
43031
43048
43057
43078
43088
43092
43096
43096
43097
43102
43103
43109
43110
43116
43116
43139
43140
43149
43154
43155
43178
43194
43200
43210
43216
43223
43225
43231
43236
43244
43256
43258
43259
43268
43278
43284
43288
43288
43308
43315
43345
43361
43373
43374
43384
43384
43392
43403
43407
43411
43411
43412
43412
43418
43418
43419
43423
43437
43437
43442
43442
43448
43449
43451
43462
43467
43468
43480
43486
43493
43494
43497
43498
43503
43505
43514
43517
43532
43544
43554
43558
43559
43563
43569
43576
43583
43588
43598
43605
43608
43614
43617
43618
43622
43623
43627
43634
43641
43649
43653
43656
43662
43664
43676
43688
43690
43704
43707
43737
43737
43739
43759
43759
43766
43767
43771
43773
43774
43775
43777
43783
43798
43803
43806
43816
43826
43829
43837
43838
43858
43861
43862
43864
43869
43875
43876
43880
43882
43884
43896
43897
43899
43907
43912
43913
43918
43920
43925
43928
43932
43957
43957
43962
43963
43964
43967
43975
43977
43980
43987
43994
43995
43998
44015
44019
44020
44021
44032
44037
44039
44039
44045
44051
44054
44055
44057
44061
44072
44079
44084
44093
44097
44100
44108
44114
44118
44126
44131
44131
44141
44145
44168
44172
44176
44180
44181
44183
44184
44186
44195
44200
44209
44216
44221
44225
44230
44231
44234
44236
44245
44245
44249
44256
44260
44266
44272
44278
44299
44310
44310
44321
44326
44327
44331
44332
44336
44337
44344
44349
44352
44357
44362
44365
44381
44382
44398
44400
44406
44409
44437
44458
44478
44482
44496
44512
44516
44534
44538
44542
44555
44557
44558
44559
44567
44579
44586
44591
44596
44596
44599
44632
44636
44665
44684
44689
44692
44694
44725
44756
44783
44787
44794
44813
44819
44826
44830
44831
44851
44854
44858
44937
44964
45004
45006
45013
45059
45101
45103
45119
45147
45183
45185
45211
45279
45329
45348
45351
45353
45371
45378
45386
45400
45427
45449
45455
45534
45535
45542
45548
45563
45579
45601
45625
45676
45700
45707
45726
45782
45793
45824
45842
45935
45986
45990
46024
46024
46029
46042
46104
46159
46240
46289
46299
46355
46388
46499
46501
46527
46639
46640
46646
46868
46983
47065
47380
47557
47588
47670
47821
47920
48178
48263
48265
48386
48538
48568
48776
48786
48901
48961
49186
49289
49303
49357
49373
49476
49569
49634
49665
49706
49834
49844
50231
50279
50329
50339
50368
50492
50504
50694
50705
50724
51041
51390
51457
51678
51687
51850
52092
52243
52260
52301
52396
52780
52855
52996
53093
53525
53570
53946
54072
54475
54730
56436
