2590
2592
2594
2605
2616
2618
2625
2633
2634
2644
2644
2645
2646
2649
2655
2656
2657
2661
2661
2672
2676
2677
2682
2682
2683
2684
2684
2685
2685
2685
2686
2688
2694
2695
2696
2702
2705
2707
2707
2709
2713
2714
2715
2716
2719
2724
2726
2729
2729
2730
2731
2732
2734
2737
2739
2740
2744
2745
2747
2749
2749
2749
2750
2753
2754
2754
2754
2754
2758
2758
2761
2763
2764
2764
2764
2765
2768
2770
2770
2771
2772
2778
2780
2781
2782
2785
2790
2793
2793
2798
2800
2801
2804
2805
2807
2807
2809
2810
2810
2812
2814
2816
2819
2820
2822
2824
2826
2827
2829
2831
2833
2838
2840
2843
2846
2849
2850
2851
2853
2854
2857
2861
2862
2866
2866
2868
2869
2870
2870
2873
2874
2877
2878
2878
2879
2881
2884
2885
2886
2890
2892
2892
2894
2894
2899
2899
2900
2905
2905
2906
2907
2909
2914
2920
2920
2922
2922
2923
2924
2924
2924
2925
2932
2935
2936
2939
2940
2948
2949
2952
2956
2959
2960
2962
2963
2963
2966
2967
2969
2969
2975
2975
2976
2979
2983
2989
3002
3007
3011
3011
3011
3015
3018
3019
3024
3031
3032
3033
3035
3036
3036
3036
3049
3049
3051
3055
3056
3057
3059
3060
3060
3063
3066
3070
3076
3084
3084
3088
3091
3092
3094
3096
3099
3100
3100
3102
3106
3107
3119
3122
3125
3131
3132
3132
3134
3136
3137
3143
3147
3148
3150
3154
3161
3162
3179
3179
3181
3183
3186
3187
3189
3189
3193
3197
3204
3207
3207
3219
3223
3233
3239
3240
3243
3248
3248
3249
3255
3255
3257
3257
3259
3264
3265
3270
3273
3273
3280
3280
3283
3291
3292
3292
3293
3300
3302
3304
3304
3309
3311
3316
3323
3326
3328
3335
3337
3337
3339
3347
3353
3356
3358
3363
3363
3365
3367
3370
3372
3373
3375
3377
3378
3378
3381
3383
3384
3385
3386
3390
3394
3395
3395
3396
3398
3399
3402
3406
3407
3408
3415
3417
3417
3418
3425
3436
3438
3442
3445
3447
3449
3450
3451
3457
3462
3467
3470
3470
3470
3472
3480
3480
3483
3486
3488
3495
3495
3496
3498
3503
3504
3505
3505
3509
3513
3526
3527
3528
3529
3530
3531
3531
3535
3537
3538
3543
3543
3547
3549
3550
3556
3557
3559
3561
3563
3563
3564
3566
3572
3574
3575
3576
3576
3577
3577
3578
3583
3585
3586
3587
3587
3592
3592
3595
3598
3602
3604
3605
3605
3606
3608
3609
3612
3613
3614
3614
3617
3620
3626
3628
3628
3629
3630
3632
3633
3633
3635
3637
3638
3644
3644
3648
3648
3649
3654
3654
3658
3659
3660
3660
3664
3665
3665
3666
3666
3667
3668
3668
3668
3671
3675
3675
3676
3676
3677
3678
3685
3689
3689
3690
3691
3692
3692
3695
3700
3701
3702
3703
3705
3709
3711
3711
3714
3718
3721
3722
3728
3729
3729
3731
3731
3731
3733
3734
3735
3735
3735
3736
3737
3739
3739
3740
3743
3744
3744
3749
3749
3750
3753
3753
3755
3757
3759
3760
3760
3761
3761
3761
3762
3770
3772
3773
3776
3778
3779
3781
3782
3782
3783
3783
3785
3786
3787
3788
3788
3789
3789
3789
3792
3793
3794
3795
3796
3796
3796
3797
3798
3799
3800
3800
3800
3800
3802
3802
3804
3805
3805
3806
3806
3809
3811
3812
3813
3813
3813
3814
3815
3815
3815
3818
3823
3825
3827
3827
3828
3830
3836
3837
3837
3837
3838
3838
3839
3842
3844
3845
3845
3845
3846
3846
3847
3847
3847
3847
3847
3849
3851
3851
3851
3853
3854
3854
3855
3856
3857
3860
3862
3862
3862
3863
3863
3864
3865
3865
3865
3865
3866
3870
3872
3873
3874
3874
3876
3879
3881
3881
3881
3882
3882
3885
3886
3886
3887
3887
3887
3889
3890
3890
3890
3892
3892
3892
3893
3894
3894
3894
3896
3899
3900
3901
3901
3902
3902
3904
3905
3906
3909
3909
3911
3912
3914
3914
3916
3917
3917
3918
3919
3919
3919
3922
3925
3925
3926
3927
3930
3930
3932
3933
3933
3935
3936
3938
3938
3939
3943
3945
3947
3947
3950
3950
3952
3952
3954
3955
3956
3956
3958
3960
3960
3961
3962
3964
3967
3971
3972
3972
3972
3973
3973
3975
3975
3976
3977
3978
3982
3985
3986
3987
3988
3991
3992
3993
3994
3994
3994
3996
3996
3997
3998
4002
4003
4004
4004
4004
4004
4005
4006
4007
4007
4012
4013
4013
4014
4015
4016
4017
4020
4023
4024
4024
4025
4025
4026
4027
4027
4028
4030
4031
4032
4032
4034
4037
4038
4038
4040
4042
4042
4042
4044
4045
4047
4048
4049
4051
4052
4057
4061
4066
4068
4068
4070
4071
4071
4074
4075
4075
4076
4076
4077
4077
4080
4081
4082
4083
4085
4092
4092
4093
4094
4098
4100
4102
4102
4103
4103
4103
4109
4110
4111
4113
4114
4115
4116
4118
4120
4123
4124
4129
4130
4132
4132
4136
4136
4138
4139
4139
4140
4142
4143
4146
4149
4149
4149
4150
4153
4155
4156
4157
4157
4157
4160
4163
4165
4165
4165
4166
4168
4168
4169
4172
4173
4175
4176
4176
4176
4177
4179
4181
4182
4185
4188
4189
4190
4195
4198
4198
4202
4203
4203
4204
4204
4205
4205
4208
4210
4212
4214
4216
4219
4220
4221
4225
4225
4232
4238
4238
4241
4243
4243
4246
4247
4251
4252
4253
4254
4256
4257
4260
4264
4266
4266
4266
4268
4268
4273
4278
4278
4279
4280
4281
4282
4284
4286
4287
4291
4292
4294
4295
4295
4299
4300
4306
4310
4310
4310
4311
4321
4323
4324
4327
4328
4329
4330
4331
4337
4339
4340
4341
4347
4347
4348
4349
4349
4355
4361
4361
4364
4365
4365
4367
4369
4370
4372
4373
4378
4378
4379
4379
4385
4386
4386
4387
4390
4391
4392
4398
4405
4405
4406
4407
4412
4420
4427
4432
4434
4435
4435
4437
4453
4474
4474
4478
4499
4501
4502
4504
4510
4521
4529
4530
4537
4542
4545
4579
4613
4613
4617
4617
4619
4626
4645
4653
4702
4722
4755
4767
4850
4911
5219
5558
5857
6088
