50516
50948
51193
51212
51263
51296
51392
51418
51436
51502
51552
51566
51653
51749
51763
51879
51880
51942
51968
52035
52080
52091
52110
52137
52147
52170
52233
52233
52239
52257
52259
52263
52286
52398
52405
52428
52435
52465
52470
52550
52575
52585
52628
52638
52684
52684
52702
52704
52712
52714
52720
52724
52726
52768
52770
52778
52798
52820
52841
52844
52850
52865
52876
52881
52901
52903
52910
52916
52925
52941
52980
52984
52987
53031
53056
53064
53070
53074
53075
53094
53098
53105
53116
53122
53128
53131
53150
53163
53182
53197
53209
53218
53223
53228
53232
53233
53242
53256
53272
53273
53280
53281
53295
53306
53322
53325
53333
53340
53350
53353
53355
53363
53365
53389
53392
53395
53397
53405
53416
53421
53432
53433
53435
53435
53445
53454
53475
53476
53482
53499
53499
53509
53517
53560
53564
53568
53580
53604
53611
53616
53616
53628
53628
53635
53646
53650
53653
53653
53664
53670
53678
53682
53684
53711
53723
53727
53762
53767
53769
53773
53775
53777
53780
53786
53802
53814
53819
53830
53844
53855
53859
53861
53868
53872
53910
53933
53939
53944
53953
53954
53961
53967
53968
53968
53977
53980
53989
53992
54000
54007
54007
54018
54028
54036
54050
54051
54051
54061
54069
54074
54077
54079
54080
54081
54094
54096
54099
54100
54108
54115
54141
54142
54166
54186
54188
54202
54207
54231
54238
54263
54270
54270
54285
54288
54289
54298
54302
54305
54307
54315
54326
54351
54358
54362
54366
54384
54395
54402
54420
54425
54450
54454
54462
54472
54475
54476
54477
54481
54491
54501
54506
54506
54509
54534
54549
54555
54556
54567
54569
54576
54581
54581
54583
54589
54598
54607
54610
54615
54628
54632
54636
54639
54640
54647
54650
54650
54654
54660
54663
54675
54675
54676
54679
54697
54699
54711
54715
54725
54734
54734
54736
54748
54753
54767
54772
54775
54783
54790
54797
54802
54809
54811
54821
54823
54826
54841
54843
54853
54857
54872
54875
54880
54882
54899
54904
54928
54945
54963
54964
54965
54974
54975
54980
54994
54997
54997
54999
55012
55019
55025
55026
55027
55043
55044
55058
55068
55077
55086
55101
55105
55109
55112
55115
55118
55120
55121
55123
55136
55156
55159
55176
55184
55184
55185
55202
55204
55210
55217
55222
55234
55239
55240
55260
55266
55283
55284
55288
55299
55310
55317
55317
55317
55321
55324
55341
55360
55363
55363
55382
55387
55389
55406
55413
55414
55416
55417
55421
55425
55427
55430
55436
55444
55449
55449
55449
55454
55454
55455
55461
55474
55497
55501
55503
55503
55509
55513
55520
55531
55538
55546
55549
55557
55559
55576
55590
55591
55593
55599
55601
55607
55609
55612
55618
55624
55633
55634
55638
55642
55643
55650
55650
55661
55664
55666
55673
55684
55710
55712
55715
55716
55716
55717
55739
55755
55762
55771
55775
55798
55800
55800
55807
55808
55822
55822
55824
55832
55838
55838
55840
55846
55848
55857
55861
55871
55880
55885
55886
55886
55887
55901
55903
55926
55932
55944
55945
55948
55949
55966
55968
55983
55985
55994
56005
56019
56020
56036
56041
56045
56046
56053
56059
56060
56070
56072
56073
56074
56075
56075
56075
56076
56077
56092
56093
56096
56097
56102
56106
56118
56123
56127
56128
56137
56141
56152
56167
56171
56189
56189
56190
56206
56222
56225
56228
56228
56232
56237
56240
56246
56249
56254
56261
56269
56270
56280
56294
56301
56303
56311
56312
56312
56313
56326
56332
56342
56344
56355
56364
56374
56378
56381
56384
56385
56389
56398
56400
56403
56408
56410
56414
56427
56442
56449
56456
56460
56463
56464
56467
56478
56480
56490
56509
56510
56512
56516
56520
56521
56524
56528
56532
56532
56544
56548
56550
56557
56583
56583
56593
56610
56615
56629
56635
56647
56648
56650
56651
56653
56659
56666
56667
56669
56672
56677
56679
56683
56715
56717
56719
56721
56727
56729
56733
56733
56749
56750
56771
56771
56773
56796
56798
56798
56800
56805
56810
56815
56819
56858
56880
56882
56893
56894
56896
56904
56911
56912
56915
56919
56922
56943
56950
56959
56967
56995
56995
57001
57004
57021
57046
57052
57064
57069
57080
57090
57094
57102
57105
57105
57115
57115
57140
57152
57158
57158
57162
57176
57178
57180
57199
57209
57225
57227
57228
57236
57245
57247
57268
57270
57279
57279
57282
57285
57298
57304
57327
57344
57361
57377
57399
57404
57411
57413
57433
57438
57460
57470
57477
57517
57531
57538
57544
57546
57552
57566
57581
57583
57597
57602
57603
57617
57630
57638
57646
57687
57692
57732
57736
57738
57745
57759
57767
57772
57777
57788
57808
57808
57833
57836
57838
57849
57854
57857
57871
57874
57876
57879
57903
57908
57920
57924
57943
57945
57983
57997
58039
58051
58056
58068
58094
58145
58159
58169
58173
58178
58178
58200
58203
58220
58225
58240
58243
58258
58267
58290
58316
58348
58363
58373
58373
58375
58407
58414
58420
58423
58461
58467
58477
58484
58484
58498
58503
58513
58531
58533
58537
58553
58555
58560
58576
58581
58607
58607
58616
58618
58626
58629
58670
58687
58692
58722
58741
58751
58758
58787
58809
58817
58852
58880
58888
58891
58909
58915
58925
58930
58933
58934
58944
58950
58961
58963
58988
58999
59003
59005
59012
59033
59061
59063
59064
59104
59104
59110
59112
59122
59128
59130
59134
59139
59163
59164
59168
59173
59181
59198
59204
59209
59213
59239
59246
59248
59262
59268
59309
59309
59338
59341
59364
59383
59389
59392
59419
59430
59445
59505
59506
59509
59538
59544
59582
59595
59597
59601
59610
59616
59625
59632
59691
59698
59710
59714
59727
59741
59756
59801
59835
59895
59900
59903
59938
59975
59980
59993
60022
60033
60060
60106
60117
60118
60147
60211
60233
60234
60237
60253
60271
60312
60340
60380
60383
60389
60465
60492
60515
60517
60534
60661
60665
60731
60781
60790
60858
60859
60922
60971
60997
61023
61038
61094
61122
61134
61169
61171
61176
61196
61236
61239
61240
61272
61322
61360
61467
61479
61489
61604
61612
61617
61626
61639
61704
61706
61709
61729
61739
61822
61831
61838
61841
61866
61902
61917
61942
61945
61951
61956
62029
62055
62125
62291
62339
62423
62478
62481
62485
62541
62567
62597
62683
62908
63539
63572
63590
63905
63935
63978
64512
64609
64815
65502
65550
65731
65772
66546
66833
67080
67401
67483
67686
67724
67764
68010
69915
75940
