22374
24080
24552
24587
24673
24693
24708
24769
24954
24999
25000
25112
25177
25330
25386
25409
25453
25455
25499
25503
25505
25506
25513
25516
25521
25524
25561
25582
25605
25611
25620
25625
25640
25644
25647
25657
25669
25682
25686
25708
25716
25740
25743
25753
25778
25779
25781
25798
25800
25806
25807
25810
25814
25818
25823
25831
25831
25836
25862
25872
25882
25890
25900
25900
25917
25918
25921
25928
25929
25937
25943
25952
25974
25983
25992
26004
26006
26007
26011
26021
26026
26041
26048
26049
26054
26072
26072
26083
26086
26091
26109
26113
26119
26123
26125
26126
26134
26134
26134
26141
26141
26149
26151
26157
26162
26165
26165
26185
26192
26203
26204
26208
26210
26225
26233
26234
26237
26242
26251
26286
26288
26294
26297
26298
26302
26317
26318
26320
26326
26327
26327
26336
26336
26338
26338
26348
26357
26365
26371
26373
26374
26374
26377
26380
26381
26382
26385
26385
26391
26398
26400
26402
26417
26421
26425
26432
26436
26436
26437
26452
26452
26454
26455
26456
26466
26468
26473
26480
26490
26490
26492
26493
26496
26500
26501
26504
26505
26520
26523
26524
26539
26542
26543
26545
26551
26553
26560
26560
26567
26572
26574
26574
26577
26578
26579
26591
26597
26598
26602
26604
26616
26617
26619
26620
26624
26624
26629
26630
26635
26636
26637
26650
26651
26663
26667
26667
26671
26673
26677
26681
26682
26683
26687
26696
26699
26701
26703
26709
26711
26712
26713
26713
26720
26727
26728
26730
26738
26746
26749
26766
26767
26771
26775
26776
26780
26783
26785
26789
26797
26801
26812
26817
26821
26836
26855
26859
26865
26874
26876
26878
26879
26880
26887
26888
26892
26895
26900
26909
26909
26915
26916
26919
26922
26926
26927
26929
26934
26941
26942
26948
26950
26956
26974
26979
26981
26986
26989
26998
26998
27002
27004
27015
27021
27022
27027
27029
27029
27038
27039
27043
27044
27046
27048
27050
27050
27054
27057
27058
27081
27089
27099
27102
27102
27103
27104
27107
27112
27120
27128
27128
27130
27131
27134
27146
27150
27155
27157
27169
27180
27182
27184
27184
27190
27193
27193
27195
27203
27214
27216
27218
27220
27236
27236
27263
27266
27267
27268
27270
27271
27275
27278
27280
27283
27293
27293
27294
27296
27300
27305
27309
27318
27319
27320
27322
27325
27326
27328
27334
27337
27341
27345
27347
27349
27351
27351
27352
27357
27363
27365
27367
27367
27368
27376
27385
27399
27404
27406
27411
27415
27417
27420
27437
27440
27442
27459
27462
27464
27472
27472
27477
27479
27479
27484
27485
27488
27490
27493
27496
27497
27498
27501
27506
27508
27512
27512
27516
27521
27528
27535
27535
27536
27539
27540
27549
27550
27558
27563
27567
27567
27568
27569
27575
27582
27585
27585
27585
27585
27586
27588
27592
27592
27593
27595
27596
27603
27604
27604
27614
27619
27619
27619
27620
27621
27622
27626
27627
27634
27637
27638
27639
27639
27641
27643
27648
27653
27665
27683
27694
27695
27698
27699
27703
27706
27708
27711
27718
27719
27727
27729
27730
27732
27733
27735
27741
27742
27743
27744
27765
27767
27768
27774
27779
27780
27780
27784
27792
27794
27795
27795
27796
27804
27804
27814
27814
27830
27839
27843
27845
27846
27858
27862
27869
27871
27873
27874
27874
27875
27879
27881
27884
27885
27887
27889
27890
27893
27894
27895
27896
27900
27905
27906
27910
27915
27916
27918
27924
27924
27927
27930
27933
27934
27935
27936
27942
27943
27945
27947
27951
27951
27952
27953
27956
27958
27968
27973
27983
27984
27987
27991
27993
27996
28003
28012
28012
28013
28014
28016
28018
28023
28024
28027
28030
28047
28049
28050
28052
28056
28066
28066
28069
28072
28075
28082
28086
28091
28096
28099
28101
28102
28103
28104
28109
28109
28119
28124
28128
28129
28132
28153
28157
28158
28159
28166
28176
28177
28177
28178
28182
28182
28184
28187
28192
28193
28197
28197
28203
28204
28209
28214
28219
28232
28237
28238
28247
28250
28250
28255
28255
28258
28261
28263
28265
28266
28272
28280
28289
28293
28296
28297
28298
28300
28306
28311
28311
28319
28326
28326
28330
28333
28335
28336
28342
28342
28349
28350
28353
28354
28356
28358
28366
28367
28371
28378
28379
28383
28384
28393
28393
28394
28395
28402
28402
28403
28405
28412
28412
28417
28423
28433
28434
28443
28446
28461
28464
28466
28467
28468
28476
28476
28490
28496
28500
28503
28506
28509
28515
28519
28522
28527
28529
28530
28534
28534
28538
28549
28552
28554
28556
28561
28562
28563
28565
28570
28573
28573
28576
28585
28588
28588
28588
28588
28591
28594
28599
28599
28600
28602
28606
28623
28631
28635
28645
28648
28651
28651
28651
28652
28654
28656
28660
28662
28666
28666
28669
28674
28680
28687
28688
28695
28701
28702
28709
28711
28729
28730
28731
28731
28732
28738
28750
28753
28755
28758
28762
28763
28765
28785
28791
28794
28797
28805
28805
28809
28811
28812
28823
28824
28845
28845
28848
28852
28857
28864
28865
28876
28880
28896
28905
28909
28914
28917
28923
28926
28928
28936
28937
28941
28943
28946
28949
28951
28955
28957
28961
28982
28983
28989
28995
28997
28999
29006
29016
29017
29024
29034
29046
29048
29052
29054
29058
29062
29082
29083
29085
29088
29090
29096
29097
29099
29105
29116
29129
29133
29138
29144
29148
29149
29159
29160
29165
29173
29178
29193
29201
29207
29219
29228
29230
29235
29243
29260
29261
29263
29289
29294
29300
29307
29324
29330
29352
29355
29358
29367
29421
29448
29460
29468
29472
29500
29511
29546
29549
29556
29558
29563
29567
29571
29608
29623
29640
29665
29683
29689
29732
29740
29740
29743
29743
29752
29766
29780
29780
29784
29789
29801
29807
29814
29815
29845
29897
29920
29970
29971
29977
29986
29990
30011
30081
30106
30126
30151
30155
30158
30158
30188
30214
30278
30315
30331
30333
30348
30383
30448
30455
30455
30479
30489
30506
30531
30532
30581
30583
30589
30620
30658
30659
30668
30675
30679
30683
30700
30722
30756
30794
30805
30807
30812
30816
30858
30937
30972
30974
31055
31117
31143
31174
31229
31296
31346
31393
31452
31555
31601
31644
31712
31747
31792
31855
31879
31934
32142
32234
32305
32534
32620
32681
32717
32728
32909
32928
33010
33062
33090
33115
33387
33416
33449
33458
33646
33656
33779
33797
33811
34020
34054
34251
34660
34744
36185
36422
