1420
1536
1548
1550
1561
1561
1565
1590
1595
1596
1600
1601
1605
1612
1613
1613
1620
1625
1629
1630
1638
1641
1643
1649
1650
1656
1658
1659
1660
1660
1661
1663
1665
1668
1676
1678
1681
1683
1689
1692
1706
1710
1712
1719
1721
1722
1724
1728
1729
1732
1732
1732
1736
1736
1737
1738
1741
1744
1745
1746
1752
1752
1754
1765
1766
1768
1777
1777
1778
1782
1790
1792
1792
1793
1794
1795
1802
1803
1810
1811
1812
1812
1815
1816
1818
1818
1818
1829
1833
1836
1838
1841
1842
1842
1843
1849
1850
1855
1856
1857
1868
1870
1871
1873
1877
1879
1880
1883
1888
1888
1894
1898
1900
1900
1904
1904
1906
1906
1907
1915
1925
1927
1928
1935
1938
1941
1941
1943
1947
1951
1953
1953
1954
1955
1957
1965
1966
1972
1977
1977
1981
1984
1985
1985
1986
1988
1993
1995
1999
2000
2004
2010
2011
2022
2024
2025
2030
2030
2033
2041
2042
2059
2060
2063
2064
2075
2079
2081
2088
2091
2093
2095
2098
2102
2103
2108
2113
2114
2118
2120
2124
2127
2130
2133
2134
2140
2141
2144
2144
2145
2148
2151
2151
2152
2155
2156
2156
2163
2167
2168
2173
2174
2176
2176
2178
2180
2187
2190
2192
2193
2196
2196
2198
2200
2211
2212
2212
2223
2225
2226
2226
2227
2227
2231
2232
2232
2233
2238
2239
2240
2241
2243
2249
2249
2252
2252
2254
2259
2260
2263
2264
2271
2274
2285
2289
2294
2294
2296
2297
2301
2303
2304
2305
2310
2313
2315
2317
2317
2324
2325
2328
2328
2329
2331
2334
2338
2339
2344
2344
2345
2346
2346
2346
2347
2349
2349
2352
2354
2356
2359
2362
2362
2363
2371
2375
2380
2381
2382
2385
2385
2386
2387
2388
2391
2396
2399
2402
2414
2421
2423
2426
2429
2429
2430
2432
2436
2437
2437
2439
2441
2441
2442
2450
2452
2455
2460
2466
2469
2470
2472
2472
2476
2476
2477
2479
2487
2491
2494
2497
2498
2503
2505
2505
2510
2511
2528
2529
2529
2532
2537
2537
2538
2538
2544
2550
2554
2554
2557
2559
2560
2561
2562
2562
2567
2568
2572
2575
2577
2579
2582
2583
2588
2590
2591
2592
2593
2600
2603
2604
2606
2607
2612
2614
2615
2616
2618
2618
2620
2621
2626
2632
2635
2639
2641
2645
2646
2647
2647
2650
2650
2656
2657
2659
2665
2666
2670
2671
2675
2675
2676
2676
2676
2677
2677
2677
2678
2679
2680
2683
2685
2687
2689
2689
2690
2690
2693
2695
2702
2702
2703
2706
2707
2709
2709
2711
2712
2713
2713
2714
2715
2715
2716
2717
2717
2717
2718
2718
2719
2722
2723
2724
2729
2729
2732
2734
2736
2737
2737
2741
2741
2744
2746
2746
2746
2747
2748
2749
2749
2751
2752
2753
2755
2755
2756
2758
2759
2759
2759
2759
2760
2761
2762
2763
2766
2769
2770
2771
2771
2774
2775
2777
2779
2779
2779
2779
2780
2785
2785
2787
2788
2790
2791
2791
2793
2794
2796
2796
2798
2800
2801
2802
2803
2805
2806
2807
2808
2809
2809
2810
2811
2812
2812
2816
2817
2818
2823
2825
2828
2829
2830
2831
2832
2833
2834
2836
2837
2838
2839
2840
2842
2846
2846
2847
2847
2848
2848
2848
2849
2850
2851
2851
2852
2854
2855
2856
2856
2857
2859
2861
2861
2864
2867
2870
2870
2870
2870
2871
2872
2872
2873
2873
2873
2874
2875
2877
2879
2879
2879
2879
2880
2881
2882
2883
2883
2883
2884
2885
2885
2889
2889
2891
2891
2891
2892
2897
2897
2898
2899
2900
2900
2902
2902
2904
2905
2905
2906
2906
2907
2908
2910
2915
2916
2917
2917
2918
2919
2920
2920
2920
2922
2924
2924
2928
2929
2929
2930
2930
2931
2931
2931
2931
2932
2933
2933
2934
2936
2936
2941
2941
2942
2944
2944
2946
2949
2950
2952
2954
2954
2954
2955
2957
2957
2958
2960
2962
2963
2963
2966
2967
2968
2968
2968
2972
2973
2973
2974
2977
2978
2978
2978
2980
2980
2981
2982
2983
2984
2985
2986
2986
2988
2990
2991
2992
2992
2995
2995
2998
2999
3001
3002
3004
3005
3005
3006
3007
3007
3007
3007
3009
3009
3010
3010
3011
3011
3012
3012
3012
3012
3013
3015
3016
3017
3017
3017
3017
3018
3019
3019
3023
3025
3026
3029
3030
3031
3033
3035
3036
3037
3041
3041
3042
3043
3043
3043
3045
3045
3046
3047
3049
3051
3052
3053
3055
3055
3058
3059
3059
3060
3060
3061
3062
3063
3065
3071
3072
3074
3074
3075
3076
3077
3078
3080
3081
3081
3082
3082
3088
3088
3090
3090
3091
3091
3092
3092
3092
3092
3093
3093
3094
3095
3095
3095
3096
3096
3097
3097
3097
3098
3098
3098
3099
3105
3106
3109
3111
3112
3112
3114
3114
3114
3115
3115
3116
3117
3118
3118
3119
3119
3124
3124
3124
3124
3125
3127
3127
3130
3131
3132
3133
3133
3133
3137
3137
3140
3140
3141
3141
3142
3143
3143
3143
3143
3144
3147
3148
3148
3150
3151
3152
3155
3157
3157
3158
3159
3159
3160
3163
3166
3167
3169
3171
3172
3174
3174
3177
3177
3177
3178
3178
3179
3179
3180
3181
3182
3182
3184
3185
3187
3187
3193
3194
3194
3194
3194
3195
3196
3196
3197
3197
3198
3200
3200
3200
3201
3201
3202
3203
3203
3206
3207
3209
3209
3209
3210
3212
3213
3213
3214
3217
3218
3220
3221
3221
3227
3228
3229
3231
3232
3236
3237
3241
3242
3242
3243
3243
3244
3244
3247
3247
3247
3248
3249
3250
3250
3253
3255
3257
3260
3262
3265
3265
3266
3266
3269
3270
3276
3278
3279
3279
3282
3287
3289
3289
3291
3291
3293
3293
3294
3294
3295
3295
3296
3296
3298
3302
3307
3316
3316
3322
3322
3324
3324
3336
3336
3343
3343
3358
3358
3359
3361
3361
3366
3367
3375
3378
3378
3390
3393
3414
3419
3424
3429
3432
3437
3446
3447
3463
3465
3482
3499
3504
3527
3545
3545
3556
3574
3670
3679
3701
3760
3819
3878
3914
4298
4327
4379
5022
5297
5905
5928
