8598
8644
8704
8711
8738
8779
8783
8796
8827
8843
8877
8956
8960
8961
8978
8981
9004
9014
9016
9024
9028
9051
9078
9087
9094
9113
9121
9157
9183
9183
9190
9211
9234
9238
9260
9274
9285
9305
9306
9308
9312
9343
9346
9349
9358
9365
9397
9459
9472
9479
9488
9489
9499
9533
9542
9544
9568
9572
9575
9595
9637
9649
9673
9674
9691
9698
9702
9704
9705
9738
9748
9765
9777
9789
9800
9809
9815
9816
9829
9832
9844
9857
9865
9875
9877
9897
9904
9905
9923
9929
9949
9960
9964
9964
9973
9994
9995
10013
10017
10032
10056
10056
10059
10069
10089
10089
10096
10100
10103
10116
10122
10132
10137
10143
10155
10158
10193
10194
10199
10213
10223
10237
10240
10242
10245
10249
10252
10263
10278
10278
10283
10286
10291
10304
10308
10309
10310
10312
10322
10323
10331
10333
10339
10341
10342
10346
10350
10354
10356
10358
10358
10363
10364
10364
10371
10372
10373
10385
10387
10388
10388
10390
10392
10395
10397
10401
10410
10417
10417
10419
10432
10434
10435
10436
10438
10439
10442
10444
10447
10448
10463
10470
10480
10481
10483
10484
10486
10489
10498
10503
10506
10506
10516
10517
10519
10521
10537
10543
10544
10548
10550
10552
10553
10558
10559
10565
10569
10576
10581
10591
10591
10599
10601
10602
10608
10616
10621
10624
10629
10640
10642
10648
10653
10655
10666
10668
10678
10681
10684
10690
10695
10699
10702
10704
10704
10705
10714
10718
10720
10721
10725
10726
10727
10737
10740
10741
10742
10745
10745
10749
10752
10754
10754
10755
10757
10763
10764
10767
10768
10768
10772
10772
10774
10774
10778
10780
10781
10788
10797
10801
10801
10801
10802
10808
10808
10811
10817
10817
10817
10817
10817
10821
10821
10823
10830
10835
10842
10842
10848
10855
10856
10860
10862
10862
10868
10870
10890
10890
10892
10893
10894
10908
10912
10913
10921
10921
10930
10931
10933
10938
10939
10941
10943
10944
10946
10950
10951
10952
10957
10957
10958
10959
10962
10963
10965
10968
10971
10972
10973
10980
10981
10981
10981
10988
10989
10989
10990
10992
10994
10995
10995
10995
10999
11002
11002
11004
11006
11011
11012
11013
11016
11018
11022
11024
11026
11029
11035
11035
11036
11036
11039
11049
11052
11052
11054
11055
11059
11061
11071
11075
11081
11081
11086
11094
11094
11096
11097
11101
11105
11107
11108
11110
11111
11114
11120
11122
11123
11126
11129
11129
11133
11135
11138
11139
11146
11149
11153
11154
11155
11156
11158
11163
11163
11163
11164
11175
11178
11180
11181
11186
11188
11188
11194
11194
11201
11209
11210
11211
11211
11216
11219
11222
11230
11230
11233
11233
11234
11239
11241
11243
11246
11248
11249
11250
11253
11276
11277
11279
11280
11280
11283
11283
11292
11293
11295
11299
11303
11305
11307
11309
11310
11310
11313
11314
11316
11316
11318
11318
11319
11320
11322
11326
11328
11330
11330
11331
11332
11334
11336
11340
11342
11344
11345
11347
11350
11353
11353
11357
11359
11361
11362
11367
11370
11370
11377
11378
11378
11379
11379
11381
11382
11383
11384
11385
11388
11390
11393
11396
11397
11400
11406
11412
11415
11419
11420
11423
11424
11425
11429
11433
11433
11438
11442
11445
11447
11447
11448
11449
11454
11454
11454
11456
11458
11460
11465
11467
11469
11470
11473
11473
11474
11475
11478
11484
11490
11491
11493
11494
11494
11499
11507
11507
11508
11510
11516
11520
11520
11521
11524
11524
11527
11530
11534
11537
11540
11543
11545
11546
11547
11549
11552
11553
11555
11559
11562
11566
11568
11568
11572
11574
11577
11579
11588
11590
11590
11590
11591
11595
11598
11600
11600
11600
11600
11601
11602
11607
11609
11611
11616
11620
11620
11622
11622
11624
11626
11627
11632
11633
11633
11633
11636
11638
11639
11641
11641
11642
11643
11644
11649
11649
11652
11654
11661
11661
11662
11662
11663
11664
11666
11667
11668
11671
11671
11671
11674
11674
11676
11678
11681
11681
11682
11682
11683
11685
11685
11686
11686
11689
11691
11694
11701
11702
11706
11706
11709
11709
11710
11711
11719
11722
11726
11727
11727
11730
11731
11731
11734
11735
11738
11739
11739
11740
11740
11743
11747
11747
11752
11754
11758
11764
11772
11775
11786
11786
11790
11791
11791
11792
11793
11793
11793
11796
11797
11798
11799
11800
11801
11804
11812
11813
11820
11822
11826
11826
11829
11829
11831
11833
11835
11836
11842
11845
11848
11855
11855
11856
11859
11862
11864
11864
11865
11866
11868
11869
11870
11873
11877
11881
11881
11887
11887
11889
11891
11898
11901
11902
11904
11905
11911
11912
11913
11914
11914
11917
11919
11920
11920
11926
11926
11936
11942
11942
11943
11944
11945
11946
11947
11951
11955
11957
11962
11962
11968
11972
11973
11974
11979
11984
11985
11986
11996
11997
12005
12010
12012
12015
12021
12022
12023
12026
12028
12028
12030
12032
12035
12037
12044
12046
12048
12048
12051
12055
12055
12056
12065
12078
12085
12085
12088
12098
12107
12113
12124
12126
12128
12141
12141
12142
12146
12148
12149
12149
12151
12160
12163
12167
12169
12170
12170
12177
12178
12179
12185
12185
12188
12189
12189
12191
12191
12193
12194
12198
12199
12200
12211
12216
12222
12223
12229
12231
12231
12233
12236
12243
12245
12252
12259
12260
12261
12262
12262
12276
12281
12285
12287
12298
12304
12305
12306
12312
12315
12327
12330
12332
12338
12339
12347
12364
12365
12365
12366
12371
12381
12381
12381
12381
12386
12387
12392
12393
12403
12404
12404
12404
12410
12418
12431
12433
12433
12448
12448
12452
12454
12456
12457
12459
12466
12467
12467
12470
12473
12475
12476
12479
12479
12480
12480
12482
12494
12499
12505
12512
12513
12515
12522
12530
12532
12540
12545
12550
12551
12560
12564
12564
12564
12564
12579
12591
12596
12602
12602
12604
12622
12625
12631
12635
12641
12645
12650
12659
12671
12671
12694
12696
12697
12704
12715
12723
12724
12757
12764
12769
12772
12781
12799
12804
12805
12806
12815
12832
12836
12839
12862
12866
12867
12876
12893
12903
12914
12935
12946
12952
12953
12956
12960
12984
12989
13009
13020
13021
13087
13106
13131
13160
13167
13206
13220
13248
13249
13272
13297
13324
13327
13358
13397
13446
13521
13609
13787
13838
13904
14005
14056
14107
14208
14246
14258
14318
14435
14902
