130172
130224
130254
130287
130328
130347
130363
130381
130402
130407
130413
130444
130445
130446
130452
130456
130463
130466
130476
130502
130514
130524
130525
130526
130527
130527
130534
130536
130545
130551
130556
130560
130575
130583
130588
130592
130598
130599
130601
130608
130609
130610
130611
130612
130614
130616
130617
130617
130618
130620
130620
130621
130621
130631
130634
130635
130635
130640
130642
130642
130642
130642
130643
130644
130644
130645
130647
130648
130652
130653
130653
130657
130659
130660
130663
130664
130668
130671
130671
130673
130673
130675
130676
130677
130677
130678
130683
130686
130690
130690
130690
130691
130692
130693
130694
130695
130696
130697
130698
130699
130700
130703
130703
130704
130708
130709
130709
130713
130716
130717
130721
130722
130722
130724
130725
130725
130727
130729
130729
130732
130736
130737
130738
130738
130743
130743
130751
130754
130754
130755
130756
130757
130757
130758
130758
130759
130766
130767
130769
130772
130774
130776
130776
130779
130783
130783
130786
130789
130790
130793
130794
130797
130798
130799
130799
130801
130801
130803
130805
130805
130806
130807
130807
130807
130808
130809
130810
130813
130813
130814
130814
130817
130819
130820
130821
130824
130825
130825
130826
130826
130826
130827
130828
130836
130837
130838
130839
130840
130841
130841
130843
130843
130844
130845
130846
130847
130847
130851
130851
130852
130852
130853
130853
130855
130858
130858
130862
130862
130863
130863
130864
130865
130865
130867
130869
130870
130871
130871
130873
130873
130874
130877
130878
130880
130883
130883
130883
130884
130886
130887
130887
130887
130887
130887
130887
130888
130890
130890
130891
130891
130891
130892
130893
130893
130894
130894
130894
130894
130897
130898
130903
130903
130907
130908
130910
130910
130916
130916
130916
130917
130918
130922
130925
130925
130925
130926
130928
130929
130931
130932
130933
130933
130933
130935
130938
130939
130940
130941
130943
130944
130944
130944
130944
130945
130947
130949
130950
130958
130960
130962
130962
130964
130965
130965
130966
130966
130966
130966
130968
130968
130970
130972
130972
130973
130974
130974
130974
130975
130977
130978
130978
130981
130981
130982
130987
130988
130988
130990
130990
130990
130990
130992
130992
130992
130993
130993
130995
130995
130996
130998
130999
131001
131002
131004
131005
131005
131005
131005
131006
131006
131007
131007
131007
131008
131011
131012
131012
131013
131015
131018
131019
131020
131020
131020
131023
131024
131025
131027
131030
131032
131032
131033
131033
131033
131033
131034
131036
131037
131038
131039
131039
131040
131041
131042
131044
131048
131053
131053
131056
131056
131057
131059
131059
131061
131063
131064
131066
131066
131067
131068
131068
131068
131069
131072
131073
131073
131074
131076
131078
131079
131080
131081
131081
131083
131083
131083
131085
131087
131088
131088
131088
131090
131090
131092
131094
131094
131095
131099
131100
131100
131102
131102
131104
131105
131108
131110
131111
131111
131112
131115
131115
131115
131115
131119
131122
131125
131127
131127
131127
131128
131129
131129
131134
131137
131141
131143
131143
131144
131147
131147
131149
131151
131153
131155
131155
131156
131160
131161
131161
131162
131162
131163
131165
131165
131165
131166
131167
131168
131171
131172
131172
131178
131178
131179
131181
131182
131184
131185
131185
131186
131188
131190
131190
131192
131192
131193
131193
131196
131197
131199
131199
131199
131200
131201
131202
131204
131206
131208
131208
131213
131218
131220
131222
131222
131222
131223
131224
131225
131227
131230
131231
131233
131234
131237
131238
131240
131241
131243
131244
131245
131246
131247
131248
131249
131251
131252
131256
131256
131260
131261
131261
131264
131264
131266
131267
131268
131268
131269
131271
131272
131273
131274
131277
131280
131280
131280
131280
131282
131283
131284
131286
131289
131290
131292
131298
131300
131303
131304
131306
131307
131310
131310
131310
131312
131313
131313
131315
131319
131320
131320
131320
131321
131324
131331
131334
131335
131338
131342
131343
131346
131347
131349
131356
131362
131366
131368
131369
131371
131373
131376
131377
131377
131379
131382
131383
131384
131385
131388
131397
131408
131412
131415
131421
131421
131422
131430
131435
131435
131441
131442
131446
131455
131455
131457
131460
131464
131469
131475
131487
131488
131496
131498
131503
131509
131516
131531
131538
131539
131542
131549
131549
131550
131551
131557
131562
131570
131580
131585
131588
131603
131605
131605
131615
131618
131628
131630
131633
131639
131641
131651
131652
131664
131666
131671
131671
131688
131696
131699
131709
131711
131722
131722
131723
131737
131740
131749
131751
131779
131786
131790
131808
131822
131825
131833
131838
131852
131865
131866
131867
131870
131872
131893
131895
131904
131904
131912
131917
131930
131930
131950
131960
131962
131969
131974
131977
131980
132002
132011
132014
132045
132070
132071
132081
132085
132121
132129
132134
132147
132172
132182
132195
132238
132241
132256
132292
132303
132343
132344
132391
132394
132401
132408
132437
132497
132509
132526
132535
132541
132545
132562
132568
132578
132578
132663
132726
132730
132744
132796
132802
132862
132882
132885
132935
132965
133123
133172
133173
133227
133336
133477
133594
133688
133745
133902
133961
134049
134064
134137
134147
134188
134340
134488
134753
134956
134958
135125
135677
136657
138754
138786
138884
138922
139084
139410
139426
139535
139577
139590
139622
139648
139696
139698
139749
139818
139841
139845
139855
139857
139892
139909
139911
139912
139976
140150
140163
140164
140205
140216
140216
140278
140284
140309
140321
140327
140348
140386
140399
140406
140438
140456
140460
140463
140469
140482
140483
140497
140506
140512
140527
140531
140541
140574
140577
140596
140625
140639
140665
140678
140683
140688
140696
140700
140713
140715
140719
140778
140789
140806
140814
140819
140841
140857
140862
140865
140870
140895
140904
140911
140912
140919
140922
140939
140942
140953
140970
140973
140983
140983
140988
141002
141005
141006
141036
141052
141071
141076
141093
141100
141107
141115
141177
141213
141232
141234
141265
141330
141338
141404
141431
141491
141523
141555
141720
141959
142107
142133
142349
142579
142816
143645
148283
148331
148812
148928
149206
152948
153267
155792
155965
158134
158388
159225
162664
162703
162946
163718
165264
165372
165492
165846
166512
166738
166972
167217
167595
167843
167871
167890
167891
167901
167975
168049
168173
168204
168227
168311
168509
168777
168778
168850
169219
169292
169336
169603
169614
169653
169739
169925
170092
170172
170185
170392
170438
170441
170492
170500
170502
170621
170774
170864
170889
171074
171123
171195
171214
171364
171556
171563
171633
171643
171680
171722
171785
171824
171868
171930
171940
172001
172038
172190
172250
172342
172347
172393
172480
172507
172518
172533
172709
172720
172819
172873
172929
172973
173178
173419
173538
173940
175809
190789
192903
193470
203890
204453
205955
206999
208133
208830
208915
209700
