5199
5201
5217
5277
5367
5372
5383
5406
5409
5421
5470
5475
5482
5483
5497
5511
5521
5536
5538
5545
5546
5551
5553
5559
5565
5565
5573
5584
5590
5596
5598
5600
5600
5612
5615
5623
5624
5641
5649
5649
5651
5652
5655
5657
5658
5669
5671
5672
5673
5673
5675
5675
5676
5680
5682
5686
5697
5697
5703
5710
5710
5716
5731
5737
5741
5752
5755
5766
5768
5779
5781
5783
5784
5791
5819
5822
5848
5858
5861
5865
5866
5869
5876
5882
5884
5884
5890
5893
5898
5904
5919
5920
5927
5941
5985
6000
6013
6015
6027
6047
6056
6063
6067
6072
6074
6076
6078
6093
6097
6106
6110
6110
6121
6125
6126
6130
6149
6162
6185
6193
6196
6210
6213
6217
6219
6244
6263
6264
6283
6291
6300
6307
6320
6360
6365
6367
6368
6372
6397
6407
6423
6426
6431
6447
6449
6451
6453
6463
6473
6476
6493
6500
6507
6507
6511
6540
6542
6546
6582
6595
6607
6612
6641
6651
6662
6676
6677
6685
6695
6701
6707
6713
6735
6740
6755
6769
6778
6787
6787
6794
6797
6811
6813
6814
6822
6822
6824
6826
6832
6838
6846
6846
6854
6863
6866
6867
6870
6879
6881
6884
6887
6891
6894
6895
6896
6898
6900
6913
6917
6918
6919
6926
6932
6934
6937
6937
6940
6942
6945
6947
6949
6949
6952
6957
6958
6963
6974
6981
6990
7000
7001
7002
7011
7013
7013
7027
7029
7034
7035
7038
7038
7040
7051
7057
7057
7057
7061
7068
7077
7077
7078
7080
7089
7089
7091
7091
7093
7106
7112
7117
7119
7124
7129
7130
7134
7134
7135
7137
7139
7141
7142
7142
7143
7144
7144
7146
7154
7156
7157
7159
7159
7163
7164
7168
7172
7179
7181
7186
7198
7201
7202
7207
7207
7209
7211
7213
7217
7220
7221
7223
7225
7250
7250
7254
7255
7256
7260
7265
7269
7272
7274
7279
7281
7284
7287
7289
7301
7304
7308
7310
7314
7315
7315
7316
7316
7320
7321
7321
7326
7327
7330
7334
7336
7338
7338
7339
7341
7345
7354
7360
7360
7361
7362
7362
7364
7364
7366
7367
7367
7373
7373
7376
7377
7381
7382
7385
7388
7388
7388
7392
7392
7393
7394
7398
7400
7402
7405
7405
7407
7408
7411
7413
7414
7415
7417
7423
7425
7430
7434
7442
7445
7453
7456
7459
7464
7466
7468
7472
7475
7478
7483
7486
7488
7493
7493
7494
7501
7505
7506
7508
7511
7513
7518
7525
7526
7528
7529
7530
7531
7531
7533
7538
7541
7541
7543
7544
7545
7553
7554
7557
7559
7559
7562
7562
7568
7568
7570
7570
7571
7572
7572
7580
7581
7583
7585
7589
7593
7596
7596
7598
7601
7601
7601
7603
7605
7605
7606
7607
7607
7622
7631
7632
7632
7644
7650
7656
7665
7665
7668
7668
7670
7673
7677
7681
7682
7683
7689
7690
7693
7694
7694
7697
7698
7701
7706
7706
7707
7708
7709
7710
7714
7717
7724
7727
7728
7729
7729
7729
7730
7743
7744
7751
7753
7762
7765
7766
7768
7768
7770
7774
7774
7777
7780
7781
7785
7788
7790
7796
7797
7799
7801
7803
7804
7805
7805
7806
7809
7811
7812
7815
7816
7816
7818
7818
7824
7827
7831
7836
7839
7841
7842
7844
7844
7847
7847
7848
7849
7850
7852
7852
7856
7856
7857
7859
7860
7861
7864
7872
7873
7877
7879
7881
7884
7889
7891
7892
7893
7897
7899
7903
7903
7904
7907
7907
7908
7909
7911
7911
7912
7915
7919
7920
7921
7924
7926
7930
7930
7930
7934
7935
7935
7938
7939
7941
7942
7946
7947
7948
7948
7949
7950
7954
7959
7961
7961
7962
7966
7970
7972
7974
7975
7977
7978
7979
7981
7982
7982
7982
7983
7983
7984
7987
7989
7994
7997
7999
8003
8003
8005
8006
8009
8011
8012
8013
8013
8015
8015
8016
8018
8023
8023
8023
8026
8028
8030
8030
8038
8039
8050
8058
8061
8064
8064
8066
8066
8068
8069
8069
8073
8081
8081
8085
8086
8090
8091
8094
8094
8095
8097
8099
8100
8101
8103
8104
8106
8107
8108
8112
8113
8114
8117
8120
8121
8122
8123
8124
8127
8128
8129
8131
8135
8135
8142
8143
8144
8147
8150
8151
8152
8153
8155
8158
8159
8159
8160
8160
8165
8165
8167
8173
8182
8183
8184
8186
8188
8188
8189
8189
8190
8191
8191
8192
8196
8198
8200
8207
8208
8211
8214
8217
8217
8219
8221
8225
8228
8231
8231
8232
8232
8238
8241
8245
8245
8248
8251
8254
8254
8255
8262
8265
8265
8271
8274
8281
8281
8287
8288
8289
8292
8295
8295
8296
8297
8299
8300
8305
8308
8312
8325
8326
8327
8327
8331
8336
8337
8347
8352
8356
8363
8365
8366
8367
8374
8374
8374
8376
8376
8382
8383
8384
8386
8390
8398
8401
8402
8402
8403
8411
8411
8414
8415
8420
8420
8421
8422
8429
8432
8434
8434
8434
8439
8440
8443
8444
8446
8446
8446
8448
8451
8454
8455
8458
8466
8476
8480
8480
8480
8484
8485
8485
8486
8492
8493
8495
8497
8499
8502
8502
8505
8510
8519
8521
8526
8530
8532
8532
8535
8537
8539
8544
8548
8549
8556
8563
8567
8570
8576
8578
8591
8592
8598
8599
8599
8600
8600
8608
8610
8611
8613
8613
8630
8632
8639
8643
8644
8648
8649
8654
8655
8658
8658
8661
8668
8676
8680
8695
8697
8704
8713
8715
8716
8718
8720
8725
8725
8725
8730
8732
8734
8740
8747
8750
8759
8760
8770
8772
8773
8778
8790
8798
8798
8817
8819
8819
8819
8824
8826
8853
8861
8862
8865
8866
8868
8876
8878
8878
8883
8887
8887
8902
8903
8913
8915
8922
8927
8930
8932
8939
8947
8958
8959
8961
8963
8964
8965
8972
8972
8978
8982
8984
8985
8986
8994
9002
9004
9009
9021
9021
9021
9033
9045
9049
9050
9059
9083
9084
9102
9103
9105
9108
9111
9117
9144
9156
9158
9159
9167
9171
9173
9173
9173
9178
9187
9205
9211
9214
9233
9235
9242
9299
9328
9344
9353
9356
9374
9413
9456
9498
9555
9661
9718
9721
9762
9764
9899
9967
10385
10674
10783
10926
