105314
105357
105359
105378
105379
105380
105404
105424
105445
105458
105458
105459
105464
105467
105509
105515
105515
105527
105528
105534
105538
105550
105562
105570
105574
105584
105588
105592
105598
105599
105600
105602
105602
105616
105617
105620
105625
105627
105628
105630
105634
105636
105637
105640
105643
105646
105654
105658
105660
105666
105668
105673
105675
105678
105679
105687
105692
105693
105697
105699
105703
105706
105706
105707
105708
105710
105713
105714
105715
105715
105717
105718
105718
105719
105724
105726
105728
105730
105731
105732
105735
105737
105740
105742
105743
105750
105752
105754
105756
105756
105756
105756
105757
105761
105767
105768
105769
105770
105770
105775
105775
105777
105778
105781
105781
105782
105785
105787
105787
105788
105790
105792
105793
105795
105796
105799
105800
105802
105804
105804
105808
105809
105810
105813
105815
105815
105815
105817
105819
105821
105822
105824
105825
105826
105830
105830
105831
105832
105832
105834
105834
105835
105835
105837
105838
105839
105839
105839
105842
105842
105844
105846
105846
105846
105847
105849
105849
105849
105850
105860
105860
105860
105860
105860
105861
105862
105863
105865
105866
105867
105867
105867
105868
105870
105871
105875
105877
105878
105879
105882
105884
105884
105884
105885
105887
105889
105889
105891
105891
105893
105893
105897
105898
105905
105911
105913
105913
105913
105913
105916
105917
105917
105920
105920
105921
105921
105921
105923
105926
105926
105926
105926
105927
105929
105929
105931
105932
105933
105934
105940
105941
105941
105944
105946
105947
105951
105953
105954
105955
105956
105956
105957
105958
105958
105959
105966
105968
105969
105972
105973
105973
105973
105975
105975
105976
105977
105980
105980
105984
105984
105986
105990
105996
105996
105996
105998
105999
106000
106002
106002
106002
106004
106006
106007
106009
106011
106013
106013
106018
106019
106019
106021
106022
106024
106024
106026
106027
106028
106029
106030
106030
106031
106032
106033
106033
106034
106034
106034
106036
106036
106037
106038
106040
106043
106044
106045
106049
106051
106053
106054
106058
106059
106059
106059
106060
106060
106060
106060
106061
106061
106064
106065
106066
106066
106067
106068
106068
106068
106073
106075
106076
106077
106081
106082
106085
106086
106087
106088
106088
106088
106093
106094
106094
106094
106095
106095
106095
106096
106096
106097
106100
106102
106102
106108
106108
106115
106116
106116
106117
106118
106119
106120
106121
106122
106122
106123
106124
106124
106125
106132
106133
106136
106136
106137
106140
106140
106142
106143
106147
106149
106151
106152
106152
106154
106154
106155
106155
106155
106156
106158
106159
106159
106160
106160
106161
106164
106165
106166
106166
106167
106168
106168
106170
106170
106172
106173
106173
106178
106179
106179
106180
106182
106184
106186
106188
106189
106192
106193
106195
106195
106199
106201
106202
106203
106205
106206
106207
106207
106207
106213
106213
106219
106221
106222
106224
106225
106226
106228
106234
106235
106238
106240
106243
106245
106248
106250
106251
106254
106258
106262
106262
106266
106266
106266
106267
106268
106271
106271
106274
106274
106275
106275
106276
106278
106278
106279
106281
106282
106284
106289
106293
106299
106300
106303
106304
106306
106308
106308
106309
106313
106314
106315
106321
106321
106321
106323
106323
106324
106327
106330
106332
106334
106339
106339
106341
106344
106345
106349
106350
106351
106353
106354
106357
106359
106364
106365
106366
106366
106368
106369
106371
106374
106374
106375
106377
106377
106383
106384
106386
106386
106389
106391
106391
106391
106394
106396
106401
106401
106403
106404
106404
106408
106408
106412
106417
106420
106426
106426
106426
106428
106434
106438
106439
106440
106442
106447
106449
106449
106463
106473
106473
106481
106483
106484
106484
106486
106486
106487
106494
106499
106501
106505
106508
106509
106510
106511
106513
106515
106515
106515
106521
106528
106530
106544
106545
106545
106547
106548
106553
106572
106575
106585
106592
106597
106597
106599
106608
106617
106618
106619
106621
106621
106622
106624
106625
106627
106628
106632
106638
106638
106639
106655
106657
106665
106667
106668
106677
106677
106691
106693
106693
106695
106704
106704
106715
106726
106726
106731
106736
106741
106750
106765
106804
106809
106817
106817
106820
106848
106853
106854
106860
106866
106879
106886
106889
106906
106915
106916
106918
106920
106927
106934
106935
106935
106943
106950
106958
106971
106974
106987
107016
107027
107031
107037
107039
107050
107059
107063
107064
107085
107098
107101
107110
107118
107147
107149
107150
107173
107176
107177
107182
107202
107207
107225
107227
107232
107233
107244
107248
107257
107266
107285
107288
107313
107346
107370
107396
107403
107421
107441
107464
107480
107492
107507
107516
107523
107534
107577
107599
107611
107653
107677
107678
107716
107718
107723
107729
107740
107745
107747
107763
107765
107783
107816
107820
107845
107845
107886
107895
107921
107929
107950
107955
107962
107973
107974
107974
107977
107983
107998
107998
108014
108042
108061
108067
108082
108088
108106
108133
108133
108139
108168
108202
108223
108223
108225
108231
108240
108254
108265
108297
108299
108304
108316
108333
108338
108354
108367
108390
108414
108439
108491
108627
108651
108658
108665
108744
108802
108809
108888
108891
108958
108959
109001
109004
109057
109062
109157
109196
109408
109425
109511
109553
109733
109851
110133
110227
112035
112157
112167
112461
112629
112692
112770
112888
112904
112959
112997
113001
113068
113082
113089
113157
113186
113193
113219
113235
113250
113264
113311
113341
113373
113383
113390
113425
113450
113457
113469
113474
113491
113509
113521
113592
113607
113622
113652
113669
113692
113693
113696
113711
113712
113714
113714
113717
113739
113749
113791
113792
113837
113845
113904
113920
113940
113945
113967
114025
114034
114067
114073
114074
114108
114117
114163
114211
114227
114252
114328
114365
114384
114391
114504
114664
114763
114793
114797
114810
114932
114940
114974
115048
115085
115139
115491
115535
115584
115926
116105
116202
116212
116777
118055
118206
121139
122921
124208
127197
127961
130850
131526
131852
132181
132474
133368
133623
133799
134104
134172
134275
134305
134492
134503
134574
134784
134825
134999
135062
135072
135227
135270
135412
135558
135641
135887
135897
135966
136028
136045
136050
136085
136136
136149
136222
136242
136282
136410
136446
136519
136574
136591
136670
136711
136744
136821
136848
137058
137067
137079
137187
137202
137215
137380
137391
137447
137451
137468
137481
137567
137589
137620
137629
137669
137675
137708
137756
137786
137787
137792
137924
137943
137964
138185
138275
138362
138467
138498
138507
138533
138589
138635
138684
138707
138712
138748
138829
138833
138904
138916
138936
139317
139445
139506
139605
139769
139920
139932
139952
140542
140689
141370
141405
142368
142588
142713
142800
142805
144509
147723
147915
149725
152824
154122
157033
158072
158470
162647
164758
165499
166326
166915
