53267
53345
53373
53422
53516
53517
53526
53545
53569
53587
53588
53612
53661
53693
53713
53720
53743
53773
53806
53814
53846
53848
53848
53855
53873
53882
53915
53966
53995
54023
54039
54105
54139
54149
54183
54185
54188
54196
54200
54203
54205
54211
54218
54224
54225
54225
54255
54257
54260
54262
54264
54283
54290
54297
54322
54326
54326
54351
54360
54364
54365
54369
54373
54425
54427
54433
54446
54463
54489
54512
54526
54528
54539
54539
54540
54540
54542
54565
54567
54580
54582
54588
54599
54603
54611
54616
54621
54627
54628
54629
54637
54640
54649
54653
54658
54674
54684
54695
54704
54721
54736
54739
54747
54766
54784
54805
54819
54845
54848
54863
54868
54870
54877
54878
54879
54887
54890
54894
54895
54904
54906
54937
54970
54976
54981
54985
54989
54989
54995
55009
55013
55015
55016
55024
55029
55031
55040
55045
55051
55057
55058
55065
55083
55087
55094
55097
55113
55122
55125
55136
55139
55140
55146
55160
55164
55169
55172
55184
55185
55191
55194
55197
55202
55217
55233
55234
55238
55242
55253
55271
55274
55277
55307
55313
55320
55322
55333
55338
55339
55345
55346
55346
55353
55354
55355
55375
55394
55417
55418
55425
55438
55447
55455
55455
55463
55463
55464
55473
55478
55478
55482
55483
55484
55489
55496
55504
55516
55521
55523
55525
55526
55528
55532
55532
55533
55541
55541
55547
55549
55551
55560
55569
55570
55572
55574
55577
55584
55589
55590
55593
55593
55607
55616
55617
55619
55619
55628
55632
55633
55636
55637
55638
55638
55669
55669
55670
55678
55686
55688
55698
55700
55701
55705
55711
55712
55724
55730
55739
55741
55754
55757
55762
55770
55774
55775
55778
55781
55782
55786
55794
55796
55802
55802
55815
55816
55822
55835
55835
55837
55848
55849
55851
55853
55858
55861
55863
55866
55868
55869
55875
55876
55880
55882
55883
55884
55886
55886
55887
55889
55889
55891
55906
55915
55918
55921
55930
55932
55933
55934
55940
55942
55950
55950
55953
55954
55956
55957
55960
55960
55961
55965
55970
55971
55974
55975
55979
55987
55989
55990
55994
55995
55999
56000
56003
56009
56010
56011
56012
56016
56017
56017
56019
56022
56031
56036
56036
56037
56037
56038
56043
56043
56045
56047
56051
56064
56070
56084
56084
56086
56089
56096
56097
56098
56101
56102
56103
56104
56105
56108
56109
56110
56128
56128
56129
56136
56139
56146
56147
56152
56158
56167
56172
56173
56174
56202
56204
56206
56206
56208
56208
56220
56222
56224
56228
56232
56233
56233
56239
56247
56247
56253
56254
56257
56258
56260
56262
56265
56270
56272
56273
56275
56278
56282
56287
56287
56289
56293
56298
56298
56306
56315
56318
56322
56329
56333
56340
56341
56345
56361
56362
56363
56365
56367
56370
56372
56387
56389
56393
56406
56408
56413
56417
56419
56419
56422
56422
56424
56426
56431
56431
56435
56445
56446
56446
56451
56452
56453
56455
56456
56457
56459
56462
56463
56465
56478
56480
56484
56496
56497
56508
56510
56518
56522
56530
56531
56533
56534
56538
56538
56540
56545
56545
56547
56548
56550
56550
56556
56565
56566
56571
56572
56572
56574
56575
56585
56587
56588
56593
56603
56605
56609
56616
56620
56622
56630
56636
56638
56654
56663
56663
56665
56672
56676
56679
56687
56688
56692
56693
56700
56702
56703
56709
56715
56723
56731
56739
56746
56753
56757
56763
56765
56766
56769
56771
56771
56802
56803
56811
56813
56814
56821
56822
56825
56829
56836
56842
56843
56844
56846
56848
56851
56854
56860
56863
56866
56874
56876
56881
56882
56884
56888
56896
56897
56897
56905
56909
56911
56913
56920
56920
56920
56925
56929
56931
56939
56951
56961
56963
56964
56988
56990
56992
56995
56996
57000
57004
57014
57015
57017
57021
57024
57025
57026
57044
57044
57047
57055
57059
57069
57070
57085
57086
57087
57089
57096
57100
57109
57124
57130
57133
57139
57146
57151
57165
57169
57170
57171
57172
57172
57182
57186
57193
57194
57195
57212
57217
57217
57219
57220
57230
57233
57240
57244
57249
57253
57254
57260
57263
57266
57294
57309
57339
57343
57347
57349
57349
57362
57364
57365
57372
57398
57406
57408
57409
57411
57421
57433
57438
57443
57448
57465
57470
57483
57492
57502
57511
57514
57515
57520
57530
57536
57545
57551
57552
57559
57560
57567
57570
57574
57581
57586
57603
57617
57617
57622
57636
57637
57643
57643
57645
57646
57654
57667
57679
57699
57708
57712
57728
57729
57729
57742
57761
57781
57782
57794
57796
57817
57818
57825
57837
57847
57882
57886
57890
57902
57910
57915
57918
57918
57922
57930
57935
57941
57948
57951
57952
57969
57974
57983
57992
57998
57999
58009
58017
58017
58037
58045
58047
58085
58097
58099
58100
58104
58122
58132
58143
58146
58169
58172
58183
58191
58218
58220
58231
58240
58243
58265
58272
58272
58276
58278
58296
58297
58298
58315
58323
58328
58335
58337
58343
58345
58346
58377
58378
58388
58435
58446
58457
58458
58493
58499
58532
58545
58563
58603
58606
58620
58631
58656
58669
58670
58674
58685
58692
58742
58754
58788
58796
58797
58856
58866
58869
58882
58898
58905
58910
58913
58931
58941
58941
58968
58976
58979
58991
59004
59040
59050
59070
59089
59106
59111
59113
59133
59146
59153
59169
59204
59258
59345
59369
59377
59403
59437
59508
59515
59521
59549
59557
59691
59717
59762
59978
60006
60011
60020
60047
60048
60061
60075
60084
60141
60141
60225
60236
60259
60292
60308
60311
60346
60352
60481
60551
60562
60606
60610
60641
60668
60778
60792
60797
60819
60834
60878
60911
60954
61093
61095
61097
61141
61239
61245
61360
61457
61470
61560
61577
61616
61643
61714
61757
61792
61937
61983
61999
62025
62052
62204
62247
62325
62329
62464
62509
62601
62651
62651
62692
62997
63142
63175
63237
63563
63772
63781
63950
64354
64762
65318
65373
65459
65466
65517
65643
65649
65745
65792
66302
66346
66429
66657
66968
66970
67031
67132
67153
67477
67539
67743
67754
67757
68118
68412
68456
68528
68551
68573
68679
68690
68691
68757
68895
69035
69301
69389
69394
69405
69509
69667
69844
69950
70009
70011
70122
70379
70384
70535
70621
70670
70820
70830
70856
70892
70952
70993
71023
71028
71182
71362
71477
71519
71602
71846
71934
72003
72120
72409
72735
72783
72797
73731
73860
74858
76613
77523
77976
80034
80696
81565
82179
83135
85046
