8941
8979
9010
9049
9056
9075
9085
9132
9167
9176
9208
9212
9257
9268
9273
9281
9307
9309
9364
9373
9385
9387
9407
9425
9469
9471
9490
9490
9512
9522
9526
9540
9545
9549
9550
9584
9702
9716
9723
9749
9750
9753
9757
9767
9769
9792
9829
9860
9866
9866
9870
9875
9892
9942
9980
9981
9998
10004
10024
10035
10049
10050
10070
10107
10130
10130
10139
10164
10202
10209
10221
10230
10230
10231
10266
10294
10308
10318
10384
10385
10405
10406
10413
10423
10434
10443
10453
10454
10473
10477
10489
10536
10543
10568
10570
10571
10579
10581
10609
10612
10620
10632
10670
10674
10692
10698
10698
10700
10721
10722
10750
10759
10781
10790
10830
10847
10851
10875
10881
10907
10914
10936
10965
10983
10985
11004
11006
11020
11051
11061
11074
11085
11090
11093
11097
11113
11125
11142
11143
11161
11163
11176
11211
11222
11233
11235
11241
11251
11257
11259
11278
11280
11284
11289
11294
11298
11300
11318
11332
11332
11416
11419
11419
11428
11489
11490
11515
11517
11518
11519
11527
11531
11531
11537
11540
11547
11550
11564
11568
11582
11585
11591
11607
11608
11611
11618
11618
11622
11638
11645
11648
11660
11672
11673
11691
11699
11702
11731
11751
11753
11759
11764
11777
11796
11806
11808
11819
11821
11821
11824
11827
11835
11840
11843
11856
11864
11878
11878
11887
11888
11891
11907
11927
11929
11933
11939
11948
11958
11965
11970
11974
11991
11993
12001
12002
12006
12016
12017
12021
12021
12028
12028
12040
12042
12048
12051
12061
12061
12063
12065
12071
12078
12079
12082
12084
12086
12090
12096
12098
12110
12122
12122
12141
12148
12151
12152
12157
12160
12162
12170
12175
12175
12179
12181
12181
12192
12203
12216
12217
12222
12242
12244
12244
12249
12252
12256
12274
12279
12286
12290
12294
12302
12315
12315
12319
12328
12329
12339
12341
12341
12341
12355
12363
12367
12367
12373
12379
12383
12386
12388
12393
12394
12405
12405
12406
12427
12435
12438
12438
12438
12438
12439
12445
12446
12449
12452
12464
12477
12478
12480
12483
12483
12489
12492
12495
12503
12506
12510
12513
12518
12523
12524
12530
12535
12535
12541
12547
12549
12553
12553
12553
12554
12557
12558
12560
12570
12577
12578
12578
12579
12582
12589
12593
12595
12607
12607
12613
12617
12617
12620
12621
12622
12626
12628
12633
12640
12640
12640
12640
12642
12644
12646
12647
12648
12650
12653
12654
12656
12661
12662
12671
12672
12676
12682
12685
12686
12687
12690
12691
12692
12694
12699
12702
12704
12708
12713
12717
12717
12720
12724
12724
12736
12743
12744
12746
12769
12770
12773
12779
12779
12779
12780
12782
12784
12784
12786
12788
12793
12797
12798
12807
12807
12811
12817
12817
12819
12820
12825
12827
12828
12831
12833
12838
12838
12842
12845
12850
12850
12851
12854
12857
12863
12863
12863
12868
12871
12873
12874
12876
12885
12887
12897
12900
12901
12908
12911
12915
12918
12919
12926
12927
12930
12930
12935
12936
12937
12941
12944
12949
12950
12951
12952
12957
12960
12963
12964
12967
12970
12971
12972
12973
12983
13000
13000
13001
13001
13003
13004
13004
13006
13010
13017
13024
13025
13025
13026
13033
13038
13040
13048
13049
13056
13056
13059
13061
13061
13061
13069
13076
13076
13077
13077
13081
13083
13090
13092
13092
13094
13097
13101
13105
13113
13115
13119
13124
13125
13133
13135
13135
13136
13138
13143
13144
13145
13146
13153
13156
13158
13158
13161
13167
13168
13168
13170
13174
13177
13177
13179
13181
13183
13189
13189
13189
13190
13192
13196
13199
13212
13212
13213
13213
13220
13225
13232
13236
13244
13246
13254
13255
13263
13266
13266
13268
13269
13281
13291
13293
13295
13295
13299
13301
13304
13305
13306
13307
13309
13312
13317
13323
13324
13327
13335
13336
13336
13336
13337
13338
13348
13348
13351
13352
13354
13356
13362
13364
13370
13373
13377
13378
13379
13383
13387
13391
13391
13397
13399
13402
13405
13406
13408
13411
13418
13421
13421
13422
13423
13424
13429
13434
13438
13447
13448
13450
13450
13457
13460
13461
13463
13466
13470
13471
13471
13475
13476
13479
13482
13487
13492
13493
13498
13498
13499
13501
13504
13505
13506
13506
13510
13514
13516
13517
13520
13523
13526
13531
13533
13543
13544
13548
13550
13557
13558
13565
13566
13572
13573
13579
13582
13583
13584
13589
13590
13595
13600
13609
13613
13615
13620
13625
13627
13627
13629
13632
13633
13641
13645
13647
13648
13653
13657
13658
13661
13666
13668
13670
13672
13672
13679
13687
13688
13693
13695
13699
13701
13705
13706
13708
13712
13714
13716
13721
13724
13726
13728
13733
13736
13737
13739
13739
13741
13742
13747
13748
13748
13749
13749
13749
13752
13767
13769
13773
13774
13780
13784
13785
13786
13789
13790
13802
13804
13807
13809
13816
13818
13820
13821
13825
13827
13836
13837
13837
13837
13840
13841
13843
13850
13855
13859
13860
13862
13862
13867
13867
13869
13869
13877
13879
13883
13885
13888
13891
13892
13892
13898
13900
13900
13905
13907
13908
13914
13920
13927
13928
13937
13947
13948
13953
13955
13958
13960
13960
13967
13976
13990
13991
13992
13996
13996
14007
14009
14012
14013
14015
14018
14023
14027
14036
14047
14047
14047
14048
14049
14049
14055
14055
14058
14059
14063
14065
14072
14077
14078
14079
14090
14093
14098
14101
14101
14109
14110
14110
14112
14119
14124
14126
14128
14129
14130
14132
14132
14146
14157
14161
14165
14177
14178
14181
14184
14185
14187
14190
14197
14197
14225
14230
14232
14234
14251
14255
14271
14282
14302
14305
14308
14314
14319
14322
14324
14328
14332
14335
14336
14340
14361
14369
14374
14378
14384
14403
14405
14410
14414
14420
14425
14429
14440
14442
14457
14465
14465
14470
14471
14478
14485
14497
14508
14522
14530
14539
14570
14578
14579
14588
14605
14608
14609
14618
14621
14621
14632
14632
14635
14639
14647
14653
14692
14707
14712
14725
14730
14746
14755
14759
14760
14765
14782
14790
14822
14829
14830
14851
14857
14883
14886
14903
14903
14923
14926
14943
14964
14981
15004
15024
15025
15053
15063
15094
15099
15116
15116
15121
15139
15163
15225
15239
15252
15263
15268
15272
15285
15320
15333
15338
15365
15369
15396
15412
15425
15449
15461
15532
15600
15611
15856
15965
15986
16061
17401
17558
17732
