46364
46476
46489
46489
46528
46572
46623
46909
46940
46948
47100
47156
47394
47410
47444
47452
47558
47674
47717
47722
47730
47744
47822
47889
47889
47922
47962
48007
48029
48065
48092
48098
48134
48189
48198
48207
48214
48297
48299
48312
48317
48322
48337
48369
48377
48385
48421
48423
48452
48465
48481
48546
48553
48567
48573
48579
48609
48630
48633
48658
48699
48708
48712
48719
48722
48730
48732
48742
48752
48763
48765
48767
48790
48814
48824
48834
48836
48855
48874
48875
48886
48886
48891
48906
48913
48924
48926
48930
48953
48955
48958
48958
48970
48972
48989
49011
49014
49024
49027
49036
49038
49040
49044
49044
49044
49049
49077
49078
49080
49089
49098
49102
49102
49127
49130
49141
49161
49180
49194
49206
49212
49212
49224
49232
49242
49246
49261
49261
49261
49267
49287
49289
49290
49325
49365
49377
49383
49393
49396
49397
49404
49410
49415
49416
49441
49453
49457
49478
49482
49484
49523
49550
49557
49560
49562
49566
49588
49618
49626
49630
49633
49643
49665
49667
49669
49683
49687
49689
49707
49714
49715
49728
49735
49740
49742
49760
49765
49771
49773
49780
49794
49794
49802
49810
49820
49851
49860
49865
49866
49869
49869
49873
49875
49886
49899
49902
49914
49918
49920
49922
49929
49941
49954
49956
49966
49987
49992
49993
50014
50027
50027
50030
50034
50036
50047
50055
50064
50069
50071
50075
50086
50100
50100
50102
50108
50109
50118
50125
50131
50160
50167
50169
50195
50202
50215
50217
50258
50265
50271
50284
50284
50289
50297
50298
50298
50299
50302
50310
50310
50319
50326
50345
50345
50356
50360
50360
50363
50373
50377
50379
50387
50388
50394
50403
50429
50430
50481
50493
50493
50502
50504
50507
50513
50514
50517
50521
50523
50532
50532
50535
50542
50543
50544
50552
50554
50559
50562
50570
50570
50574
50585
50591
50597
50599
50604
50605
50612
50636
50639
50655
50656
50661
50668
50674
50676
50677
50677
50694
50696
50698
50700
50708
50709
50722
50728
50745
50747
50751
50752
50754
50760
50764
50764
50777
50777
50784
50788
50788
50798
50802
50804
50806
50809
50811
50814
50814
50817
50817
50818
50819
50828
50841
50842
50844
50855
50856
50870
50874
50875
50886
50893
50896
50907
50908
50917
50933
50953
50957
50963
50981
50981
50984
50989
50990
50991
50997
51001
51006
51009
51013
51017
51018
51021
51027
51027
51029
51030
51033
51040
51053
51064
51067
51079
51083
51084
51090
51091
51095
51097
51098
51108
51116
51119
51126
51129
51136
51140
51144
51144
51145
51173
51176
51188
51188
51190
51190
51198
51202
51206
51234
51234
51235
51237
51242
51243
51244
51247
51258
51258
51259
51261
51262
51265
51265
51271
51274
51282
51291
51305
51312
51320
51328
51350
51351
51356
51357
51358
51367
51373
51386
51388
51389
51401
51414
51420
51424
51432
51436
51447
51450
51451
51451
51452
51456
51457
51460
51463
51468
51475
51476
51481
51481
51485
51495
51501
51501
51503
51504
51527
51535
51538
51539
51546
51548
51551
51573
51579
51593
51597
51602
51603
51604
51613
51614
51615
51620
51624
51630
51648
51650
51654
51661
51673
51677
51679
51682
51683
51686
51701
51702
51704
51704
51711
51717
51725
51728
51741
51757
51758
51767
51773
51776
51782
51783
51784
51786
51794
51819
51825
51826
51829
51832
51843
51845
51847
51847
51860
51864
51868
51873
51876
51881
51883
51887
51888
51899
51903
51918
51919
51927
51927
51932
51942
51948
51955
51960
51961
51963
51978
51984
52005
52006
52016
52031
52046
52048
52053
52055
52088
52091
52093
52105
52106
52106
52118
52120
52122
52146
52149
52151
52152
52157
52157
52165
52165
52169
52171
52173
52181
52182
52183
52209
52210
52212
52213
52224
52228
52229
52236
52246
52259
52262
52268
52270
52303
52306
52307
52312
52326
52342
52343
52345
52352
52352
52358
52359
52370
52380
52381
52389
52404
52413
52433
52434
52449
52452
52460
52465
52470
52474
52480
52481
52482
52491
52509
52522
52531
52533
52536
52557
52560
52561
52561
52571
52575
52578
52581
52585
52600
52604
52622
52627
52629
52634
52637
52651
52653
52657
52663
52668
52670
52672
52680
52704
52712
52714
52715
52725
52733
52736
52741
52744
52745
52746
52746
52752
52756
52776
52787
52792
52808
52808
52811
52818
52820
52821
52824
52843
52852
52855
52889
52889
52889
52898
52921
52925
52929
52929
52941
52958
52960
52965
52968
52972
52973
52985
52986
52987
52996
52997
53000
53006
53020
53032
53041
53043
53045
53060
53070
53079
53081
53094
53114
53119
53122
53160
53169
53170
53190
53201
53213
53224
53229
53240
53247
53249
53258
53270
53286
53289
53296
53309
53326
53331
53333
53336
53349
53360
53375
53393
53393
53398
53400
53403
53409
53434
53434
53474
53475
53479
53509
53541
53556
53562
53577
53581
53605
53629
53644
53665
53667
53683
53694
53697
53715
53744
53750
53757
53758
53786
53795
53817
53825
53828
53849
53858
53866
53880
53891
53914
53924
53926
53929
53938
53954
53960
53962
53974
53982
53986
53999
54000
54003
54007
54018
54022
54026
54029
54040
54057
54065
54069
54074
54078
54085
54093
54107
54108
54112
54115
54138
54140
54143
54143
54156
54159
54165
54173
54178
54178
54179
54184
54188
54218
54218
54220
54248
54260
54260
54262
54263
54273
54277
54278
54278
54300
54314
54321
54334
54371
54371
54377
54381
54397
54400
54417
54418
54426
54444
54449
54451
54482
54486
54502
54504
54513
54521
54524
54528
54532
54533
54555
54567
54587
54591
54608
54622
54630
54645
54662
54674
54686
54688
54709
54730
54738
54783
54793
54799
54803
54829
54832
54845
54851
54867
54873
54904
54945
54945
54965
54976
54993
55004
55039
55044
55066
55067
55070
55088
55088
55095
55108
55115
55121
55162
55193
55202
55205
55249
55254
55260
55288
55296
55310
55310
55373
55376
55382
55411
55414
55429
55444
55448
55452
55452
55472
55474
55496
55551
55554
55611
55689
55694
55707
55710
55713
55735
55828
55865
55883
55885
55887
55914
56005
56007
56022
56075
56105
56109
56163
56188
56188
56295
56324
56332
56347
56456
56513
56540
56703
56713
56896
56947
57027
57199
57244
57256
57448
57451
57599
57602
57605
57716
57750
57819
58010
58125
58184
58290
58339
58352
58579
58638
58983
59188
59468
60301
60383
60652
61245
61774
61804
61877
61909
61921
62064
62158
62514
62896
67154
