72583
72597
72649
72677
72685
72698
72699
72704
72710
72718
72725
72741
72742
72750
72754
72757
72774
72776
72780
72791
72796
72817
72827
72838
72844
72853
72857
72858
72858
72867
72878
72890
72892
72908
72910
72919
72922
72934
72940
72947
72952
72963
72979
72995
73001
73007
73017
73018
73021
73023
73025
73045
73058
73064
73065
73086
73100
73104
73113
73150
73163
73164
73175
73175
73182
73212
73212
73218
73224
73225
73233
73243
73246
73249
73252
73263
73280
73294
73305
73306
73307
73308
73319
73323
73346
73352
73354
73360
73361
73365
73366
73371
73378
73383
73384
73396
73403
73405
73406
73420
73422
73426
73443
73443
73446
73450
73453
73457
73471
73489
73531
73548
73548
73559
73565
73566
73570
73593
73598
73609
73622
73622
73638
73644
73649
73650
73668
73669
73677
73695
73698
73701
73704
73717
73719
73724
73726
73747
73754
73763
73775
73787
73795
73798
73803
73807
73820
73832
73838
73851
73854
73871
73874
73875
73880
73886
73895
73896
73899
73903
73914
73925
73930
73931
73934
73938
73952
73956
73961
73965
73977
73996
73998
74011
74035
74037
74040
74044
74053
74064
74065
74076
74081
74083
74090
74099
74102
74107
74113
74116
74116
74117
74122
74133
74137
74142
74158
74161
74164
74172
74173
74174
74189
74195
74196
74201
74201
74206
74213
74213
74215
74220
74227
74235
74240
74245
74246
74256
74268
74274
74278
74280
74286
74286
74288
74298
74305
74313
74320
74321
74323
74331
74341
74360
74360
74370
74373
74375
74381
74382
74383
74384
74385
74389
74403
74406
74407
74411
74416
74418
74420
74424
74425
74428
74433
74437
74439
74439
74446
74446
74450
74452
74459
74474
74476
74476
74476
74492
74492
74493
74500
74501
74503
74507
74515
74522
74522
74525
74534
74538
74541
74547
74563
74564
74564
74565
74571
74574
74589
74592
74600
74602
74609
74612
74619
74623
74627
74630
74635
74640
74640
74659
74665
74669
74678
74687
74690
74697
74706
74708
74709
74716
74717
74721
74725
74740
74748
74752
74754
74757
74768
74768
74781
74784
74785
74788
74789
74799
74819
74819
74824
74830
74833
74833
74836
74845
74846
74851
74860
74866
74869
74880
74888
74889
74895
74925
74936
74951
74951
74959
74965
74966
74966
74972
74974
74981
74988
74991
74993
74997
75002
75003
75003
75006
75022
75022
75026
75031
75032
75044
75047
75051
75052
75052
75054
75058
75059
75060
75068
75081
75082
75093
75099
75103
75107
75114
75116
75119
75119
75120
75121
75126
75128
75133
75140
75157
75159
75164
75169
75171
75175
75181
75182
75184
75193
75199
75202
75206
75210
75213
75229
75235
75236
75238
75242
75248
75248
75255
75259
75264
75271
75280
75281
75286
75287
75290
75295
75297
75303
75305
75306
75307
75313
75315
75316
75324
75325
75330
75338
75351
75352
75353
75354
75354
75361
75362
75363
75363
75366
75370
75371
75371
75374
75375
75377
75386
75388
75390
75397
75401
75412
75413
75416
75421
75423
75426
75428
75431
75434
75434
75435
75437
75439
75439
75447
75448
75449
75451
75451
75454
75465
75465
75471
75479
75488
75489
75490
75492
75499
75506
75509
75510
75516
75518
75519
75519
75527
75535
75543
75559
75568
75572
75573
75579
75582
75586
75587
75589
75591
75593
75595
75595
75601
75603
75603
75606
75608
75623
75625
75625
75629
75630
75632
75636
75639
75640
75648
75660
75667
75669
75672
75674
75680
75681
75684
75687
75697
75697
75700
75710
75711
75723
75724
75731
75734
75736
75737
75746
75751
75756
75768
75776
75787
75788
75797
75797
75800
75817
75821
75827
75831
75841
75846
75848
75851
75852
75858
75864
75865
75869
75872
75874
75877
75878
75879
75880
75885
75888
75890
75898
75906
75918
75922
75946
75949
75959
75959
75961
75966
75981
75995
75997
75998
76001
76014
76021
76026
76029
76034
76040
76043
76051
76063
76063
76071
76075
76076
76077
76087
76092
76097
76114
76117
76118
76118
76122
76124
76134
76140
76149
76151
76159
76165
76182
76185
76193
76199
76214
76251
76267
76270
76270
76272
76284
76298
76325
76328
76338
76373
76382
76395
76399
76401
76404
76405
76422
76429
76430
76431
76432
76437
76438
76450
76452
76461
76466
76474
76483
76493
76506
76509
76541
76542
76558
76575
76580
76582
76586
76594
76638
76640
76645
76653
76654
76660
76693
76696
76708
76715
76718
76720
76724
76728
76742
76748
76775
76779
76812
76817
76833
76839
76846
76852
76860
76870
76908
76920
76934
76935
76965
76970
76972
76978
76978
76980
76989
76992
76995
76998
76999
77027
77031
77044
77062
77065
77071
77075
77077
77084
77088
77091
77103
77111
77122
77140
77169
77173
77177
77235
77238
77267
77271
77272
77278
77287
77294
77295
77306
77315
77328
77334
77371
77393
77394
77395
77402
77440
77460
77470
77472
77493
77503
77513
77513
77518
77545
77547
77558
77568
77578
77595
77613
77662
77676
77705
77712
77731
77748
77759
77797
77810
77819
77829
77830
77865
77871
77874
77916
77924
77943
77951
77976
78010
78043
78056
78076
78121
78126
78139
78195
78247
78297
78307
78330
78378
78386
78391
78409
78427
78434
78449
78509
78524
78544
78741
78751
78786
78801
78844
78898
78900
78907
78956
79009
79013
79020
79040
79082
79097
79138
79147
79173
79258
79287
79302
79321
79337
79343
79386
79407
79461
79472
79474
79518
79536
79537
79558
79650
79711
79716
79737
79737
79818
79827
79837
79851
79863
79890
79947
79973
79985
80003
80010
80020
80116
80147
80193
80197
80228
80244
80277
80290
80312
80332
80385
80534
80577
80593
80707
80752
80771
80795
80912
80913
80922
80967
81050
81067
81179
81251
81275
81388
81519
81666
81748
81901
81902
81984
82101
82125
82223
82540
82553
82651
82675
82709
82804
82959
83456
83468
84022
85086
85572
85732
86635
87216
87397
87710
88021
88525
88548
89182
89600
89675
90038
90183
90279
90620
90634
90762
91196
91388
91388
91550
91632
91649
91688
91877
91884
91901
91987
92334
92356
92386
92521
92531
92687
92710
92886
93018
93174
93245
93279
93293
93328
93344
93347
93401
93473
93533
93567
93595
93617
93886
93923
93923
93961
94015
94072
94075
94193
94231
94250
94266
94320
94371
94491
94557
94637
94712
94794
94907
94932
94956
94972
95028
95112
95228
95561
95563
95750
95857
96154
96293
96482
96690
96753
96983
97081
97437
97564
97620
99412
100709
101205
101863
102180
102651
110867
113448
