11487
11721
11756
11764
11843
11894
11920
11938
11983
11984
11987
12021
12033
12081
12082
12095
12121
12136
12142
12211
12211
12214
12216
12218
12239
12252
12256
12278
12290
12300
12317
12317
12320
12328
12348
12354
12367
12369
12377
12377
12429
12439
12444
12450
12458
12475
12484
12486
12489
12527
12534
12540
12579
12619
12648
12662
12686
12692
12699
12708
12727
12738
12741
12743
12745
12747
12776
12785
12819
12824
12825
12832
12833
12871
12886
12893
12894
12929
12943
12945
12952
12965
12965
12968
12981
12984
12986
13003
13027
13032
13035
13054
13058
13059
13062
13068
13080
13096
13101
13104
13110
13121
13199
13204
13220
13243
13253
13265
13282
13282
13284
13309
13317
13336
13342
13348
13354
13361
13371
13384
13387
13390
13410
13438
13457
13473
13492
13509
13522
13530
13555
13559
13563
13574
13580
13601
13623
13625
13626
13631
13632
13635
13657
13658
13678
13686
13695
13711
13721
13723
13767
13773
13787
13797
13802
13807
13821
13828
13837
13863
13867
13870
13872
13886
13892
13895
13900
13900
13910
13930
13942
13945
13951
13967
13984
14001
14006
14008
14014
14024
14033
14034
14047
14070
14073
14080
14086
14091
14092
14107
14109
14112
14142
14160
14165
14184
14203
14220
14225
14232
14237
14245
14246
14255
14256
14259
14259
14264
14265
14272
14280
14299
14345
14357
14360
14380
14382
14386
14413
14427
14438
14493
14498
14519
14572
14574
14579
14585
14590
14617
14622
14624
14637
14648
14658
14668
14705
14711
14712
14717
14717
14731
14732
14736
14750
14766
14770
14777
14791
14795
14803
14816
14818
14823
14825
14842
14843
14848
14853
14861
14861
14873
14874
14888
14894
14913
14938
14943
14951
14955
14956
14959
14959
14964
14969
14974
14988
14989
14992
15004
15018
15028
15034
15057
15059
15065
15089
15089
15092
15105
15115
15119
15121
15126
15143
15151
15156
15161
15176
15178
15191
15199
15222
15228
15236
15237
15245
15249
15253
15254
15267
15272
15273
15314
15316
15322
15327
15328
15361
15368
15369
15393
15397
15408
15416
15427
15433
15443
15449
15450
15457
15464
15467
15494
15508
15515
15519
15520
15537
15555
15556
15559
15560
15567
15570
15572
15573
15578
15589
15595
15600
15628
15637
15643
15647
15654
15659
15662
15669
15690
15704
15706
15710
15711
15722
15729
15733
15740
15754
15756
15767
15778
15785
15791
15805
15817
15824
15830
15836
15836
15839
15842
15845
15854
15857
15863
15868
15869
15875
15895
15913
15927
15932
15938
15942
15948
15953
15975
15975
15975
15981
15996
16012
16017
16027
16034
16035
16041
16042
16047
16048
16054
16063
16075
16083
16092
16095
16096
16099
16104
16105
16105
16121
16122
16126
16151
16151
16154
16158
16160
16167
16176
16192
16196
16198
16204
16209
16213
16219
16229
16229
16231
16239
16242
16245
16253
16263
16266
16266
16272
16278
16280
16282
16288
16289
16290
16291
16293
16309
16310
16313
16315
16320
16321
16326
16338
16347
16348
16351
16353
16353
16356
16360
16366
16369
16379
16381
16386
16390
16396
16406
16409
16410
16416
16416
16420
16426
16433
16469
16471
16471
16472
16475
16477
16478
16485
16493
16493
16502
16505
16507
16507
16518
16521
16523
16523
16532
16538
16541
16541
16547
16555
16569
16574
16583
16588
16588
16591
16591
16596
16596
16605
16606
16608
16616
16620
16634
16650
16655
16663
16668
16670
16676
16677
16685
16690
16698
16702
16707
16714
16717
16717
16719
16724
16728
16746
16752
16759
16766
16775
16777
16781
16783
16792
16801
16802
16803
16808
16814
16815
16821
16823
16824
16826
16851
16855
16866
16868
16868
16870
16879
16879
16882
16885
16888
16890
16892
16897
16907
16914
16917
16918
16924
16924
16925
16932
16935
16936
16937
16939
16944
16951
16954
16958
16958
16960
16969
16975
16980
16991
16997
17006
17010
17014
17014
17024
17047
17047
17048
17049
17054
17056
17056
17059
17062
17071
17079
17083
17083
17090
17093
17098
17099
17099
17102
17109
17112
17119
17123
17123
17130
17138
17140
17141
17144
17147
17148
17150
17151
17152
17156
17157
17158
17160
17162
17164
17168
17190
17192
17207
17212
17217
17222
17225
17226
17227
17228
17233
17234
17240
17244
17244
17244
17254
17260
17261
17262
17263
17265
17271
17271
17274
17279
17296
17298
17302
17309
17315
17318
17335
17340
17341
17342
17348
17362
17363
17366
17370
17375
17376
17377
17383
17384
17386
17388
17388
17388
17393
17400
17402
17404
17409
17415
17418
17421
17423
17437
17441
17448
17449
17460
17473
17478
17479
17481
17482
17483
17485
17491
17493
17501
17503
17505
17506
17507
17509
17513
17517
17528
17530
17534
17535
17540
17544
17545
17549
17553
17562
17563
17577
17578
17585
17593
17595
17599
17603
17605
17607
17612
17613
17620
17621
17625
17628
17635
17646
17647
17648
17651
17654
17654
17657
17671
17671
17672
17680
17686
17688
17691
17692
17698
17702
17711
17713
17714
17718
17727
17730
17732
17735
17737
17744
17750
17754
17756
17756
17761
17766
17772
17772
17774
17775
17775
17787
17788
17801
17803
17803
17814
17827
17831
17842
17849
17851
17858
17859
17861
17869
17919
17920
17924
17935
17943
17943
17944
17948
17952
17952
17958
17959
17961
17971
17971
17975
17976
17977
17988
17995
17999
18003
18011
18015
18021
18054
18055
18060
18068
18073
18082
18085
18087
18098
18098
18102
18106
18110
18117
18124
18124
18151
18153
18161
18200
18207
18210
18217
18217
18224
18232
18254
18260
18269
18272
18278
18294
18296
18302
18312
18341
18342
18354
18363
18368
18371
18378
18387
18389
18395
18395
18401
18402
18403
18407
18419
18430
18440
18443
18454
18462
18463
18473
18481
18484
18488
18494
18496
18510
18540
18541
18550
18552
18554
18554
18595
18606
18607
18617
18630
18630
18643
18644
18645
18668
18676
18676
18692
18701
18703
18708
18710
18721
18738
18741
18742
18750
18754
18754
18755
18757
18764
18764
18770
18776
18779
18798
18816
18834
18845
18847
18849
18851
18877
18884
18889
18905
18912
18918
18926
18934
18936
18949
18953
18960
18976
18992
19000
19003
19014
19040
19048
19062
19063
19120
19134
19141
19146
19148
19149
19154
19164
19214
19220
19236
19241
19251
19259
19268
19269
19271
19325
19368
19385
19393
19428
19475
19476
19490
19525
19590
19657
19691
19709
19868
19926
20039
20391
20591
21316
22634
28356
