27763
27939
28097
28180
28267
28437
28440
28541
28660
28852
28946
28997
29093
29102
29128
29182
29219
29249
29280
29313
29315
29375
29432
29435
29472
29506
29538
29562
29585
29588
29663
29681
29718
29745
29763
29785
29807
29858
29876
29882
29913
29939
29955
29962
29999
30022
30053
30100
30137
30143
30171
30193
30207
30218
30240
30392
30448
30454
30462
30476
30492
30530
30533
30539
30557
30565
30626
30647
30654
30674
30691
30706
30724
30729
30736
30744
30745
30757
30780
30782
30790
30793
30826
30830
30847
30871
30890
30978
30978
30983
30995
30997
30999
31002
31006
31008
31020
31029
31046
31048
31054
31082
31087
31093
31129
31156
31167
31168
31182
31225
31236
31237
31238
31245
31266
31273
31275
31278
31284
31300
31314
31317
31337
31350
31358
31380
31403
31442
31453
31456
31465
31503
31514
31576
31608
31615
31630
31631
31631
31632
31639
31669
31669
31676
31695
31713
31713
31718
31752
31781
31801
31802
31816
31817
31844
31848
31851
31862
31867
31884
31888
31893
31899
31915
31924
31927
31932
31935
31938
31945
31947
31947
31958
31972
31974
31979
31983
32002
32021
32029
32067
32081
32084
32086
32103
32105
32108
32117
32118
32128
32138
32145
32148
32151
32156
32162
32162
32176
32176
32189
32195
32204
32207
32214
32223
32229
32244
32254
32260
32279
32280
32282
32286
32296
32298
32302
32307
32316
32317
32318
32321
32335
32358
32363
32374
32375
32391
32394
32400
32403
32417
32432
32455
32464
32468
32473
32473
32479
32481
32483
32493
32497
32507
32516
32549
32562
32568
32568
32571
32584
32591
32603
32613
32615
32619
32623
32629
32644
32645
32647
32648
32652
32659
32662
32663
32663
32667
32670
32677
32686
32693
32703
32721
32739
32740
32746
32751
32756
32768
32792
32801
32803
32810
32813
32827
32833
32838
32843
32849
32851
32864
32864
32879
32880
32882
32886
32899
32900
32904
32917
32918
32929
32947
32951
32967
32975
32989
32993
33003
33017
33023
33030
33032
33035
33041
33043
33058
33062
33068
33080
33083
33096
33105
33107
33108
33126
33142
33145
33156
33190
33191
33193
33200
33205
33219
33221
33233
33242
33243
33246
33250
33252
33254
33259
33273
33293
33309
33314
33316
33329
33343
33347
33362
33363
33372
33382
33385
33388
33393
33394
33397
33399
33400
33408
33412
33413
33426
33431
33440
33450
33452
33455
33463
33470
33475
33487
33488
33490
33492
33515
33528
33531
33533
33544
33552
33559
33559
33561
33565
33569
33571
33599
33601
33601
33613
33615
33624
33630
33641
33642
33643
33645
33646
33647
33654
33664
33665
33665
33669
33681
33691
33693
33697
33700
33702
33703
33706
33712
33716
33720
33722
33735
33737
33738
33744
33748
33750
33752
33770
33771
33778
33780
33784
33785
33791
33792
33793
33799
33800
33808
33823
33833
33833
33834
33841
33850
33855
33863
33865
33869
33869
33876
33888
33891
33894
33908
33911
33912
33916
33924
33925
33929
33933
33933
33943
33944
33946
33946
33946
33947
33951
33955
33965
33969
33970
33974
33988
34001
34005
34007
34015
34022
34023
34033
34048
34050
34059
34070
34078
34079
34107
34113
34122
34128
34146
34158
34164
34173
34179
34184
34201
34203
34207
34212
34213
34215
34218
34222
34222
34231
34232
34232
34238
34238
34245
34271
34274
34275
34289
34298
34319
34327
34332
34345
34347
34353
34353
34360
34361
34368
34369
34370
34374
34378
34383
34387
34391
34396
34411
34413
34423
34426
34427
34429
34436
34439
34446
34482
34485
34486
34492
34495
34497
34497
34504
34519
34522
34524
34540
34540
34541
34547
34547
34560
34565
34575
34578
34586
34603
34624
34628
34628
34632
34636
34646
34646
34659
34661
34664
34669
34672
34676
34676
34678
34678
34692
34696
34697
34698
34702
34703
34711
34716
34720
34722
34723
34738
34738
34743
34758
34769
34770
34773
34775
34777
34782
34804
34811
34814
34814
34819
34842
34842
34855
34861
34862
34870
34872
34874
34878
34884
34885
34898
34900
34906
34906
34913
34952
34954
34961
34978
34985
34988
34988
34989
34994
34997
34998
34998
35007
35017
35017
35023
35042
35053
35055
35071
35082
35084
35085
35101
35103
35107
35124
35125
35134
35138
35155
35157
35157
35174
35187
35192
35196
35199
35200
35212
35216
35222
35231
35236
35237
35239
35253
35269
35270
35271
35273
35279
35280
35280
35283
35291
35296
35300
35300
35301
35305
35307
35307
35311
35314
35315
35316
35317
35326
35329
35330
35339
35344
35348
35351
35396
35398
35399
35402
35410
35410
35410
35411
35412
35414
35416
35429
35433
35436
35451
35465
35467
35477
35484
35489
35492
35492
35492
35506
35506
35508
35529
35536
35538
35544
35545
35545
35546
35547
35554
35560
35561
35584
35601
35602
35605
35606
35615
35626
35628
35636
35640
35655
35656
35658
35659
35661
35663
35663
35671
35685
35692
35713
35714
35715
35724
35736
35740
35751
35769
35769
35771
35779
35780
35784
35789
35805
35814
35828
35841
35852
35862
35879
35880
35885
35888
35888
35897
35903
35913
35921
35927
35929
35938
35945
35947
35953
35957
35961
36010
36010
36032
36039
36045
36053
36067
36083
36087
36103
36109
36116
36120
36134
36135
36147
36170
36176
36190
36191
36191
36198
36204
36218
36222
36239
36255
36265
36271
36273
36283
36299
36306
36307
36312
36312
36331
36333
36340
36342
36345
36355
36356
36362
36365
36421
36424
36428
36446
36462
36476
36485
36490
36514
36519
36544
36550
36559
36575
36585
36601
36603
36614
36632
36632
36658
36680
36690
36691
36700
36706
36712
36718
36718
36808
36810
36821
36826
36826
36829
36830
36854
36854
36856
36869
36880
36892
36894
36922
36936
36938
36940
36961
36996
37005
37011
37031
37042
37052
37066
37113
37114
37126
37150
37157
37160
37256
37262
37313
37318
37379
37445
37473
37482
37496
37497
37540
37556
37557
37557
37561
37569
37609
37611
37628
37632
37646
37652
37660
37687
37713
37733
37740
37757
37757
37772
37773
37777
37830
37874
37881
37935
37940
37974
37997
38008
38009
38024
38084
38159
38180
38202
38257
38307
38307
38389
38392
38399
38415
38455
38489
38525
38527
38528
38580
38583
38669
38710
38711
38734
38754
38782
38800
38817
38826
38853
38866
38868
38907
38956
39046
39084
39090
39157
39172
39348
39377
39441
39638
39853
39997
40000
40087
40230
40278
40343
40386
40580
41535
41599
41850
42529
47141
51601
