93493
93552
93566
93580
93594
93601
93618
93626
93630
93632
93636
93646
93653
93664
93666
93683
93703
93707
93716
93717
93719
93725
93726
93733
93736
93740
93750
93759
93764
93769
93769
93775
93780
93781
93799
93800
93802
93813
93815
93816
93819
93821
93827
93830
93834
93837
93840
93845
93845
93846
93846
93854
93875
93878
93889
93891
93899
93899
93904
93907
93908
93909
93913
93913
93913
93914
93915
93920
93921
93921
93929
93930
93931
93932
93936
93938
93942
93944
93945
93948
93951
93953
93958
93959
93959
93964
93975
93982
93986
93992
93998
93999
94006
94013
94017
94023
94029
94030
94032
94035
94036
94036
94040
94043
94047
94048
94049
94049
94049
94050
94052
94053
94057
94058
94060
94067
94068
94068
94068
94069
94073
94076
94078
94083
94084
94087
94092
94094
94095
94096
94097
94102
94105
94106
94108
94110
94114
94115
94116
94121
94122
94125
94125
94127
94132
94133
94134
94135
94141
94142
94142
94142
94144
94145
94147
94150
94152
94155
94157
94159
94166
94166
94169
94170
94172
94173
94174
94174
94174
94177
94177
94177
94181
94181
94187
94191
94194
94195
94196
94198
94203
94206
94210
94210
94210
94211
94212
94214
94216
94217
94219
94220
94223
94223
94227
94228
94231
94231
94232
94235
94236
94239
94242
94243
94244
94247
94249
94250
94252
94252
94253
94254
94254
94254
94254
94256
94260
94262
94262
94263
94263
94265
94265
94269
94270
94277
94279
94280
94281
94282
94282
94285
94287
94288
94290
94293
94294
94299
94300
94305
94309
94313
94314
94314
94315
94316
94321
94324
94325
94327
94329
94330
94332
94336
94336
94340
94341
94344
94348
94349
94351
94354
94356
94360
94368
94372
94375
94375
94380
94381
94385
94386
94386
94388
94390
94391
94392
94394
94395
94397
94398
94399
94401
94406
94408
94410
94412
94415
94418
94418
94420
94424
94425
94425
94426
94428
94437
94440
94447
94455
94456
94459
94460
94465
94466
94469
94472
94474
94476
94477
94478
94479
94483
94484
94487
94490
94491
94498
94503
94508
94513
94513
94515
94527
94528
94529
94530
94541
94548
94549
94550
94550
94560
94562
94573
94575
94577
94578
94579
94582
94583
94586
94592
94595
94597
94601
94602
94605
94606
94610
94620
94624
94627
94628
94630
94633
94637
94639
94655
94670
94672
94673
94673
94677
94682
94684
94688
94689
94695
94697
94707
94724
94725
94726
94726
94731
94736
94745
94747
94748
94748
94751
94758
94762
94771
94771
94775
94781
94782
94782
94783
94794
94801
94807
94814
94817
94819
94820
94820
94822
94822
94829
94833
94837
94840
94859
94859
94861
94863
94878
94879
94882
94883
94893
94902
94914
94916
94932
94937
94941
94945
94952
94956
94957
94957
94958
94964
94966
94968
94970
94970
94975
94982
94983
94984
94986
94996
95001
95001
95008
95012
95013
95015
95022
95028
95031
95032
95032
95034
95034
95035
95037
95049
95050
95052
95052
95056
95062
95064
95072
95077
95082
95092
95093
95101
95110
95113
95121
95122
95126
95130
95139
95146
95147
95151
95151
95152
95156
95163
95164
95188
95189
95190
95191
95193
95197
95210
95217
95217
95219
95219
95220
95226
95228
95230
95231
95234
95234
95236
95238
95245
95249
95262
95265
95265
95269
95278
95280
95280
95280
95283
95285
95290
95291
95293
95294
95301
95309
95314
95328
95330
95330
95335
95339
95341
95344
95345
95349
95352
95359
95360
95377
95377
95381
95395
95396
95396
95397
95399
95400
95404
95407
95416
95416
95427
95429
95430
95435
95446
95447
95451
95453
95457
95458
95459
95466
95467
95480
95512
95517
95520
95528
95530
95531
95535
95545
95551
95551
95574
95575
95578
95581
95583
95588
95590
95598
95598
95601
95624
95633
95634
95643
95644
95645
95652
95657
95657
95659
95670
95673
95681
95685
95686
95689
95697
95699
95704
95709
95719
95737
95742
95751
95765
95768
95779
95789
95790
95795
95797
95798
95803
95805
95814
95817
95825
95828
95832
95836
95857
95869
95876
95884
95885
95898
95904
95908
95924
95926
95928
95934
95940
95940
95953
95953
95955
95965
95966
95985
95986
95988
95988
95998
95999
96003
96033
96033
96033
96033
96038
96046
96073
96078
96082
96090
96119
96125
96132
96145
96145
96146
96150
96164
96168
96180
96192
96193
96206
96211
96212
96217
96225
96248
96253
96259
96260
96274
96291
96298
96330
96332
96332
96339
96366
96377
96381
96387
96394
96415
96425
96435
96438
96468
96472
96491
96496
96502
96505
96505
96507
96518
96520
96521
96526
96538
96551
96555
96581
96605
96606
96608
96626
96638
96641
96644
96644
96650
96683
96694
96702
96704
96731
96781
96783
96785
96787
96793
96813
96814
96827
96827
96829
96863
96867
96881
96885
96894
96918
96935
96994
97000
97004
97007
97025
97053
97071
97090
97096
97129
97137
97167
97168
97195
97269
97275
97300
97343
97351
97368
97375
97377
97392
97397
97401
97423
97424
97452
97501
97527
97552
97576
97654
97659
97661
97724
97770
97838
97934
97954
98109
98124
98209
98265
98268
98466
98468
98624
98706
98715
98751
98802
99020
99135
99177
99369
99413
99655
99692
99775
99810
99864
100115
100264
100283
100354
100380
100446
100450
100482
100615
100617
100645
100658
100675
100689
100698
100800
100806
100807
100840
100847
100857
100895
100900
100900
100926
100944
100969
100979
101011
101011
101029
101030
101094
101102
101105
101110
101129
101148
101157
101234
101284
101363
101372
101429
101442
101465
101522
101595
101620
101684
101703
101778
101943
102032
102068
102071
102124
102138
102155
102284
102354
102356
102494
102520
102520
102526
102585
102611
102651
102883
102947
102963
102994
103222
103300
103327
103407
103764
103807
104906
105057
105268
105424
105914
106211
106762
108645
111699
112191
113730
113983
115241
116014
117487
117639
117731
117751
117807
118239
118356
118406
118462
118473
118606
118660
118662
118856
119069
119093
119098
119112
119402
119491
119562
119610
119629
119811
119875
119951
120039
120088
120089
120147
120213
120341
120523
120635
120636
120637
120653
120736
120788
120832
120868
120920
121008
121123
121143
121259
121291
121349
121378
121441
121721
121743
121785
121828
121871
121922
121951
122061
122082
122113
122126
122321
122342
122448
122455
122507
122536
122553
122590
122644
122683
122728
122728
122748
122789
122859
122883
122907
122960
123016
123087
123133
123185
123232
123262
123535
123579
123588
123596
123796
123952
124041
124104
124345
124370
124406
124441
124497
126174
126554
129128
131276
134728
140066
142983
146789
146925
