33960
34322
34373
34576
34686
34752
34766
34990
35001
35150
35197
35271
35356
35404
35428
35438
35466
35525
35539
35621
35637
35729
35749
35767
35787
35811
35872
35909
35915
35949
35953
35956
35996
36024
36046
36087
36143
36162
36196
36196
36233
36261
36270
36282
36296
36309
36323
36360
36387
36400
36433
36456
36465
36474
36486
36512
36532
36543
36544
36547
36555
36579
36595
36628
36651
36655
36670
36682
36726
36749
36750
36768
36780
36799
36800
36803
36807
36812
36818
36819
36821
36834
36838
36850
36855
36858
36887
36898
36900
36907
36909
36915
36917
36935
36941
36957
36967
36978
36981
37016
37048
37050
37072
37072
37078
37089
37110
37152
37168
37170
37178
37189
37191
37204
37211
37218
37224
37234
37249
37280
37282
37283
37300
37307
37317
37330
37333
37338
37352
37365
37365
37370
37392
37405
37407
37408
37410
37429
37432
37442
37450
37457
37474
37483
37492
37497
37500
37506
37520
37529
37530
37533
37538
37542
37543
37543
37544
37548
37552
37568
37580
37585
37586
37595
37599
37605
37605
37607
37656
37669
37671
37680
37680
37691
37700
37702
37710
37734
37741
37763
37766
37768
37770
37775
37787
37800
37805
37808
37808
37813
37822
37830
37830
37845
37848
37855
37862
37863
37869
37874
37877
37878
37881
37887
37896
37899
37914
37915
37915
37917
37919
37928
37929
37936
37936
37938
37942
37947
37953
37956
37956
37962
37977
37977
37982
37988
37988
37993
38014
38021
38021
38029
38031
38040
38042
38050
38054
38054
38063
38065
38067
38072
38077
38077
38091
38094
38112
38117
38130
38131
38133
38141
38145
38148
38150
38153
38155
38156
38156
38158
38160
38172
38172
38179
38189
38189
38191
38194
38195
38198
38201
38202
38205
38211
38221
38222
38222
38225
38233
38235
38239
38241
38243
38245
38253
38253
38256
38257
38260
38265
38268
38273
38282
38296
38298
38299
38306
38314
38323
38325
38337
38344
38344
38348
38352
38353
38355
38356
38359
38360
38363
38377
38381
38387
38396
38396
38399
38403
38411
38413
38433
38436
38440
38451
38452
38481
38483
38484
38485
38497
38498
38502
38504
38505
38506
38515
38516
38524
38538
38538
38548
38549
38550
38552
38555
38563
38575
38581
38582
38583
38585
38587
38592
38592
38594
38595
38600
38601
38612
38623
38643
38653
38659
38660
38661
38670
38677
38680
38680
38689
38697
38700
38703
38721
38723
38726
38726
38728
38732
38733
38738
38756
38771
38786
38795
38797
38810
38830
38835
38844
38886
38896
38901
38901
38905
38907
38916
38917
38921
38921
38922
38923
38926
38935
38939
38945
38948
38948
38961
38969
38977
38982
38988
39000
39005
39006
39016
39027
39028
39031
39034
39036
39038
39039
39040
39046
39046
39067
39090
39092
39094
39094
39098
39100
39114
39115
39121
39123
39129
39131
39133
39138
39139
39144
39160
39161
39163
39163
39165
39169
39179
39181
39183
39183
39205
39207
39210
39211
39216
39223
39226
39240
39258
39267
39270
39274
39279
39282
39282
39290
39298
39301
39303
39310
39311
39311
39322
39323
39342
39348
39348
39351
39353
39362
39363
39370
39372
39386
39392
39396
39404
39406
39410
39412
39413
39416
39421
39423
39433
39468
39469
39470
39487
39495
39495
39503
39503
39504
39512
39513
39522
39523
39534
39559
39560
39566
39570
39575
39577
39578
39586
39590
39599
39599
39600
39600
39609
39615
39616
39620
39630
39636
39654
39668
39682
39684
39691
39694
39694
39694
39697
39714
39722
39722
39724
39725
39726
39756
39759
39764
39781
39792
39793
39794
39798
39804
39805
39808
39811
39816
39823
39829
39831
39837
39840
39845
39846
39857
39857
39859
39865
39867
39872
39873
39884
39884
39892
39895
39897
39910
39912
39914
39919
39922
39925
39935
39937
39941
39942
39944
39947
39951
39956
39959
39975
39983
39990
39994
39999
40003
40003
40004
40004
40004
40018
40027
40029
40030
40035
40045
40045
40046
40072
40075
40082
40087
40090
40092
40095
40102
40104
40104
40109
40142
40152
40159
40162
40164
40167
40167
40169
40170
40177
40179
40194
40209
40209
40210
40212
40216
40220
40230
40235
40239
40257
40259
40261
40271
40286
40287
40289
40298
40302
40321
40346
40355
40361
40362
40383
40387
40388
40421
40423
40426
40435
40435
40435
40450
40452
40452
40455
40456
40460
40473
40488
40492
40502
40508
40516
40520
40531
40536
40545
40547
40549
40552
40558
40561
40566
40574
40582
40586
40590
40591
40608
40628
40631
40646
40646
40648
40651
40651
40653
40659
40659
40661
40680
40680
40681
40685
40687
40694
40696
40717
40766
40769
40771
40805
40806
40808
40821
40843
40845
40853
40864
40867
40870
40874
40877
40878
40881
40882
40884
40886
40898
40901
40904
40911
40915
40941
40953
40954
40958
40961
40972
40996
40999
41002
41011
41015
41016
41022
41025
41032
41037
41045
41049
41057
41059
41075
41080
41086
41094
41096
41106
41107
41108
41112
41118
41122
41123
41124
41131
41133
41145
41148
41156
41161
41174
41185
41208
41228
41228
41244
41244
41246
41251
41252
41255
41271
41288
41289
41298
41305
41307
41313
41317
41326
41355
41357
41372
41373
41379
41382
41383
41383
41388
41395
41431
41435
41443
41458
41480
41486
41488
41506
41509
41520
41524
41529
41540
41560
41573
41592
41594
41612
41615
41618
41618
41650
41655
41658
41667
41705
41709
41714
41715
41720
41726
41729
41736
41741
41752
41754
41754
41779
41786
41832
41832
41833
41848
41851
41855
41858
41881
41890
41914
41915
41927
41928
41934
41942
41949
41972
41977
41978
42003
42007
42024
42026
42030
42068
42086
42094
42097
42101
42135
42167
42169
42178
42181
42195
42201
42208
42233
42235
42237
42241
42259
42264
42267
42281
42301
42314
42326
42328
42330
42338
42339
42340
42366
42376
42422
42425
42467
42468
42474
42510
42514
42532
42541
42565
42589
42598
42602
42613
42618
42648
42664
42665
42666
42673
42689
42721
42725
42737
42742
42753
42759
42782
42790
42790
42803
42811
42832
42888
42944
42963
42983
42987
42995
43073
43074
43088
43134
43149
43158
43164
43189
43213
43263
43267
43310
43392
43420
43439
43440
43441
43446
43452
43480
43516
43524
43525
43526
43529
43608
43610
43637
43700
43814
43815
43880
43920
44042
44047
44085
44167
44174
44186
44201
44213
44283
44601
44698
44855
45129
45256
45354
45549
45865
47321
47437
48176
49040
49549
49646
50067
50309
52537
