3287
3319
3325
3350
3362
3364
3368
3368
3394
3400
3408
3412
3426
3426
3435
3440
3440
3444
3446
3467
3470
3470
3472
3481
3482
3482
3495
3500
3503
3504
3505
3507
3512
3513
3515
3521
3523
3525
3525
3527
3530
3539
3540
3541
3543
3544
3544
3545
3547
3547
3548
3553
3555
3556
3556
3556
3558
3561
3563
3563
3564
3565
3566
3567
3567
3569
3569
3570
3578
3578
3581
3583
3585
3585
3587
3587
3588
3589
3590
3592
3596
3596
3599
3602
3603
3605
3606
3606
3612
3619
3621
3623
3626
3627
3631
3635
3637
3637
3638
3643
3646
3647
3648
3648
3650
3651
3651
3651
3651
3658
3661
3662
3664
3665
3665
3665
3666
3667
3668
3669
3673
3675
3675
3676
3676
3680
3683
3686
3692
3696
3703
3704
3709
3709
3714
3714
3716
3721
3723
3727
3729
3729
3729
3729
3731
3732
3734
3740
3742
3742
3744
3753
3754
3760
3761
3764
3765
3767
3767
3767
3772
3773
3774
3775
3776
3777
3781
3781
3781
3787
3792
3794
3800
3802
3802
3804
3805
3810
3811
3817
3817
3817
3819
3820
3822
3827
3829
3832
3833
3835
3840
3841
3842
3842
3843
3846
3847
3848
3848
3849
3852
3854
3855
3859
3859
3860
3863
3864
3864
3867
3881
3882
3885
3888
3897
3898
3903
3907
3910
3912
3912
3912
3913
3914
3916
3917
3919
3922
3923
3923
3923
3929
3929
3940
3942
3942
3944
3945
3945
3946
3947
3950
3950
3952
3953
3956
3956
3961
3961
3963
3963
3964
3964
3967
3973
3974
3976
3984
3984
3985
3988
3988
3988
3989
3991
3993
3993
3993
3995
3997
4000
4001
4002
4002
4004
4006
4007
4011
4013
4018
4019
4021
4031
4031
4032
4035
4041
4043
4044
4044
4045
4046
4051
4053
4054
4056
4056
4065
4066
4066
4068
4072
4074
4077
4080
4082
4084
4088
4089
4090
4096
4097
4097
4098
4101
4102
4103
4110
4112
4119
4119
4120
4120
4126
4130
4130
4130
4131
4132
4132
4132
4133
4135
4136
4139
4140
4143
4145
4145
4152
4154
4155
4160
4160
4161
4161
4164
4166
4168
4169
4170
4172
4174
4177
4180
4183
4183
4185
4186
4186
4187
4188
4189
4190
4194
4197
4199
4200
4206
4207
4208
4209
4209
4210
4212
4213
4214
4216
4217
4218
4218
4221
4224
4225
4225
4229
4229
4230
4231
4232
4235
4238
4238
4239
4240
4243
4243
4244
4244
4250
4250
4251
4251
4253
4254
4254
4256
4263
4264
4270
4270
4271
4273
4273
4274
4274
4275
4276
4277
4278
4279
4280
4281
4283
4284
4285
4286
4290
4294
4294
4295
4298
4300
4301
4301
4302
4305
4307
4307
4308
4308
4308
4310
4312
4312
4314
4314
4315
4316
4317
4319
4319
4321
4322
4326
4326
4327
4328
4328
4329
4329
4329
4330
4331
4331
4331
4332
4332
4335
4335
4338
4339
4339
4340
4340
4342
4342
4345
4347
4350
4353
4354
4358
4361
4361
4362
4365
4365
4369
4370
4373
4374
4374
4374
4377
4379
4379
4381
4381
4382
4384
4385
4386
4386
4387
4388
4388
4392
4392
4394
4395
4395
4396
4397
4398
4398
4400
4403
4404
4404
4404
4405
4405
4406
4406
4408
4408
4408
4408
4409
4409
4412
4415
4416
4417
4419
4423
4424
4424
4424
4426
4427
4429
4430
4431
4432
4433
4433
4434
4435
4435
4436
4437
4438
4439
4440
4441
4441
4446
4447
4450
4450
4450
4451
4454
4454
4455
4457
4457
4459
4460
4462
4463
4463
4471
4471
4472
4473
4475
4475
4475
4477
4478
4479
4480
4480
4482
4483
4484
4485
4487
4488
4490
4490
4491
4491
4491
4492
4496
4500
4501
4501
4501
4503
4504
4505
4507
4509
4509
4512
4512
4513
4515
4518
4518
4519
4519
4519
4519
4520
4520
4520
4522
4523
4528
4530
4531
4532
4532
4533
4533
4534
4534
4535
4536
4537
4539
4546
4549
4549
4551
4551
4553
4554
4554
4554
4560
4561
4562
4562
4562
4562
4564
4566
4566
4567
4569
4570
4571
4571
4573
4574
4574
4576
4576
4576
4577
4578
4579
4579
4579
4579
4580
4580
4580
4581
4582
4582
4583
4586
4587
4589
4590
4590
4591
4592
4593
4593
4594
4597
4597
4600
4601
4603
4606
4607
4609
4609
4616
4616
4617
4618
4620
4620
4621
4621
4622
4622
4622
4623
4623
4624
4626
4628
4628
4631
4631
4632
4632
4632
4639
4639
4639
4640
4642
4642
4644
4644
4649
4652
4652
4653
4659
4661
4663
4664
4668
4668
4669
4671
4671
4673
4673
4676
4678
4684
4684
4684
4686
4686
4690
4690
4691
4692
4694
4695
4698
4699
4702
4703
4703
4710
4711
4712
4713
4714
4714
4715
4716
4716
4718
4723
4724
4725
4726
4726
4730
4731
4732
4733
4738
4738
4739
4740
4740
4742
4743
4743
4745
4745
4747
4749
4751
4751
4752
4753
4753
4754
4755
4756
4757
4759
4759
4759
4760
4761
4762
4763
4764
4766
4767
4769
4771
4772
4773
4776
4777
4778
4778
4780
4782
4784
4785
4786
4786
4786
4786
4787
4787
4790
4792
4795
4796
4797
4798
4800
4801
4801
4809
4812
4813
4814
4822
4824
4824
4825
4827
4827
4831
4834
4837
4837
4837
4842
4843
4845
4846
4847
4847
4848
4848
4855
4856
4859
4862
4864
4870
4875
4878
4885
4885
4886
4886
4887
4889
4895
4896
4898
4898
4899
4900
4901
4903
4905
4906
4909
4909
4913
4917
4917
4921
4922
4924
4925
4925
4925
4937
4938
4941
4944
4946
4948
4949
4950
4950
4951
4952
4954
4956
4956
4957
4957
4957
4959
4960
4963
4964
4964
4969
4971
4972
4974
4982
4982
4984
4986
4989
4990
4995
4996
4997
4999
5001
5007
5016
5017
5017
5018
5018
5022
5024
5024
5029
5032
5033
5038
5041
5042
5044
5051
5056
5058
5058
5062
5083
5083
5085
5091
5099
5100
5101
5103
5106
5110
5114
5121
5140
5141
5153
5160
5164
5167
5174
5176
5190
5198
5203
5209
5212
5218
5222
5276
5292
5301
5311
5324
5384
5394
5403
5416
5479
5700
5788
5851
5859
5945
6003
6195
6472
6603
