170025
170184
170629
170742
170763
170789
170887
170893
170924
171035
171093
171100
171123
171132
171148
171152
171269
171284
171358
171386
171388
171393
171398
171416
171435
171440
171459
171466
171466
171493
171520
171528
171529
171559
171563
171565
171569
171615
171617
171628
171629
171633
171640
171647
171650
171659
171665
171722
171723
171730
171731
171736
171743
171767
171785
171797
171802
171805
171810
171810
171817
171818
171832
171837
171838
171852
171855
171866
171877
171887
171896
171903
171908
171915
171921
171946
171953
171954
171963
171967
171971
171972
171974
171977
171984
171991
172006
172011
172013
172024
172029
172033
172039
172039
172044
172059
172060
172063
172072
172081
172082
172090
172101
172103
172108
172111
172115
172119
172119
172136
172138
172141
172147
172148
172168
172169
172181
172190
172206
172209
172218
172222
172226
172232
172235
172251
172260
172262
172272
172276
172285
172292
172294
172305
172310
172310
172317
172323
172334
172349
172366
172382
172385
172392
172400
172406
172420
172421
172426
172438
172439
172452
172467
172475
172483
172497
172510
172517
172526
172531
172536
172544
172546
172555
172573
172579
172582
172596
172596
172603
172613
172625
172632
172634
172639
172645
172647
172652
172652
172653
172659
172665
172674
172684
172688
172700
172704
172707
172723
172726
172731
172731
172734
172739
172750
172754
172760
172765
172768
172772
172772
172792
172792
172829
172832
172841
172844
172857
172866
172884
172889
172893
172899
172900
172902
172923
172926
172929
172931
172932
172936
172945
172951
172955
172958
172959
172968
172970
172980
172983
172996
173008
173016
173043
173047
173065
173067
173073
173079
173083
173084
173091
173099
173100
173131
173134
173135
173138
173138
173152
173167
173172
173175
173175
173209
173211
173214
173222
173230
173236
173241
173250
173255
173271
173276
173278
173292
173299
173347
173365
173367
173379
173383
173397
173413
173415
173428
173450
173459
173465
173468
173470
173471
173485
173493
173506
173555
173555
173598
173601
173614
173628
173635
173637
173637
173650
173653
173659
173681
173687
173691
173708
173719
173740
173745
173749
173749
173765
173767
173767
173769
173772
173774
173799
173812
173845
173849
173860
173878
173880
173907
173923
173924
173932
173936
173937
173951
173960
173965
173966
173971
173999
174002
174022
174029
174056
174069
174114
174137
174151
174164
174176
174218
174228
174228
174236
174280
174300
174312
174342
174356
174389
174460
174470
174488
174527
174535
174547
174556
174565
174600
174631
174643
174644
174659
174659
174676
174712
174755
174808
174815
174825
174840
174858
174894
174982
175056
175064
175115
175134
175286
175351
175358
175381
175486
175510
175557
175563
175707
175720
175761
175791
175869
175906
175913
176045
176108
176157
176229
176254
176268
176285
176472
176490
176507
176513
176534
176750
176851
176863
176906
176910
177093
177127
177263
177288
177301
177405
177425
177466
177467
177470
177629
177746
177885
177915
177922
177957
178018
178039
178119
178180
178229
178434
178500
178605
179095
179197
179205
179243
179287
179290
179322
179367
179672
179767
179808
179872
180008
180109
180197
180317
180402
180469
180718
181049
181618
181667
181709
181742
181836
182097
182304
182350
182353
182356
182369
182377
182378
182383
182399
182452
182453
182456
182461
182515
182571
182579
182589
182607
182622
182640
182656
182680
182705
182718
182721
182726
182731
182761
182777
182805
182810
182812
182825
182832
182846
182851
182851
182856
182873
182884
182888
182905
182914
182915
182928
182990
182991
182998
183021
183034
183061
183086
183115
183124
183137
183143
183161
183161
183162
183163
183181
183196
183197
183205
183213
183216
183226
183252
183263
183273
183290
183291
183293
183298
183303
183312
183321
183324
183327
183328
183331
183334
183335
183348
183348
183348
183351
183355
183357
183364
183366
183375
183377
183385
183386
183387
183393
183394
183395
183397
183399
183405
183410
183411
183413
183425
183425
183428
183434
183449
183449
183453
183465
183467
183484
183487
183490
183510
183510
183513
183517
183520
183521
183522
183522
183526
183538
183543
183544
183548
183558
183562
183564
183572
183580
183583
183591
183597
183615
183636
183647
183653
183654
183655
183661
183662
183666
183672
183681
183686
183694
183697
183698
183705
183715
183715
183718
183721
183721
183722
183734
183734
183740
183754
183766
183770
183774
183781
183788
183803
183812
183827
183830
183838
183841
183852
183863
183885
183917
183917
183920
183921
183922
183924
183926
183930
183935
183935
183947
183953
183961
183962
183968
183972
183975
183977
183979
183980
183980
183986
183987
183993
184001
184002
184003
184010
184041
184044
184062
184066
184070
184083
184092
184093
184097
184100
184117
184124
184124
184128
184141
184141
184155
184156
184159
184161
184162
184163
184173
184186
184188
184197
184200
184208
184208
184210
184223
184227
184233
184236
184243
184245
184246
184251
184253
184258
184261
184262
184262
184263
184266
184267
184269
184271
184272
184276
184290
184291
184293
184297
184320
184331
184336
184338
184338
184338
184342
184346
184346
184351
184360
184369
184384
184386
184400
184422
184422
184427
184440
184448
184451
184463
184464
184469
184477
184489
184511
184512
184516
184517
184523
184529
184529
184533
184542
184543
184550
184555
184565
184576
184579
184598
184620
184627
184635
184639
184643
184646
184654
184657
184660
184665
184665
184674
184676
184688
184690
184691
184706
184710
184716
184753
184765
184771
184773
184787
184788
184790
184795
184797
184821
184822
184834
184837
184847
184853
184856
184859
184860
184881
184883
184895
184918
184932
184940
184964
184972
184983
185042
185044
185080
185097
185115
185124
185131
185132
185150
185155
185161
185182
185183
185185
185191
185208
185235
185239
185261
185262
185263
185284
185285
185291
185292
185309
185321
185353
185389
185397
185399
185409
185426
185435
185448
185504
185505
185546
185551
185596
185607
185609
185610
185629
185648
185661
185670
185691
185699
185724
185732
185740
185749
185768
185769
185797
185822
185875
185879
185906
185914
185942
185951
185971
185991
186032
186073
186080
186083
186100
186144
186146
186195
186226
186231
186234
186239
186259
186284
186292
186301
186301
186317
186341
186347
186414
186501
186502
186537
186554
186601
186654
186807
186809
186889
186903
186945
186954
186975
187010
187074
187126
187127
187156
187158
187208
187214
187250
187312
187314
187349
187422
187425
187436
187436
187464
187471
187513
187525
187558
187600
187680
187701
187750
188015
188019
188100
188131
188134
188189
188196
188238
188259
188309
188357
188381
188389
188468
188481
188482
188550
188563
188583
188619
188670
188683
188755
188935
188968
189027
189466
189501
189505
189575
189612
189704
189762
189879
189975
190036
190118
190131
190195
190355
190361
190590
191171
191286
191336
191970
192205
192212
192718
193681
193788
194023
194041
194945
195317
195998
196443
197952
200793
202417
208413
210021
212099
230138
230834
231819
