2070
2072
2080
2088
2093
2097
2104
2105
2107
2108
2112
2112
2112
2113
2115
2115
2116
2123
2126
2126
2127
2127
2133
2134
2139
2139
2142
2145
2146
2146
2148
2149
2151
2151
2153
2156
2161
2163
2165
2167
2170
2171
2172
2179
2183
2184
2184
2185
2187
2187
2190
2191
2195
2195
2196
2196
2196
2199
2200
2200
2200
2201
2201
2203
2203
2203
2204
2205
2206
2207
2207
2207
2208
2208
2209
2210
2210
2211
2213
2214
2214
2215
2215
2215
2217
2218
2218
2219
2219
2221
2221
2222
2223
2223
2223
2223
2224
2225
2226
2227
2227
2227
2229
2229
2230
2231
2231
2232
2233
2234
2235
2238
2239
2240
2240
2241
2241
2241
2242
2245
2245
2245
2246
2247
2247
2247
2251
2252
2252
2254
2257
2258
2261
2261
2262
2264
2268
2268
2270
2271
2272
2272
2273
2273
2274
2274
2275
2277
2277
2277
2277
2278
2278
2278
2278
2279
2280
2281
2282
2282
2284
2284
2285
2285
2287
2288
2288
2289
2289
2290
2292
2293
2293
2293
2293
2293
2295
2296
2296
2299
2300
2300
2300
2302
2302
2303
2304
2305
2305
2306
2308
2308
2311
2311
2313
2315
2316
2317
2318
2319
2319
2319
2320
2321
2322
2322
2324
2324
2324
2325
2326
2327
2330
2330
2331
2331
2333
2335
2336
2336
2336
2340
2342
2342
2342
2342
2343
2344
2344
2345
2346
2347
2352
2352
2356
2356
2358
2358
2359
2359
2360
2360
2362
2363
2364
2365
2367
2369
2369
2371
2376
2379
2382
2387
2389
2390
2390
2392
2394
2395
2397
2399
2400
2400
2403
2405
2406
2409
2409
2409
2410
2411
2411
2411
2412
2412
2414
2419
2419
2419
2419
2420
2426
2427
2429
2430
2430
2431
2431
2433
2435
2435
2435
2440
2440
2442
2443
2447
2450
2451
2454
2455
2456
2458
2460
2461
2461
2465
2466
2466
2466
2467
2469
2472
2472
2473
2473
2474
2480
2483
2488
2488
2488
2490
2491
2492
2494
2494
2495
2495
2496
2496
2498
2499
2499
2500
2501
2506
2506
2510
2514
2517
2517
2520
2521
2521
2524
2525
2525
2528
2530
2531
2531
2534
2534
2536
2537
2539
2541
2541
2543
2547
2550
2551
2551
2553
2553
2554
2559
2561
2564
2566
2566
2568
2568
2568
2569
2571
2573
2574
2575
2577
2578
2581
2584
2586
2586
2588
2588
2588
2589
2590
2590
2592
2593
2595
2597
2598
2598
2602
2604
2604
2604
2605
2605
2605
2607
2607
2608
2608
2608
2610
2610
2610
2615
2617
2617
2617
2626
2626
2626
2629
2629
2632
2632
2632
2634
2634
2634
2635
2638
2640
2642
2642
2643
2643
2644
2646
2647
2647
2648
2648
2648
2649
2652
2652
2652
2654
2654
2655
2656
2656
2659
2659
2659
2662
2662
2664
2665
2667
2667
2667
2667
2667
2667
2668
2668
2668
2670
2670
2672
2672
2673
2673
2674
2674
2674
2676
2677
2678
2680
2680
2681
2681
2681
2682
2683
2683
2684
2684
2684
2685
2686
2686
2689
2690
2691
2691
2691
2692
2694
2694
2695
2695
2695
2695
2695
2697
2697
2697
2697
2698
2699
2699
2700
2700
2701
2701
2702
2704
2708
2708
2709
2709
2709
2711
2711
2712
2712
2713
2714
2714
2716
2716
2717
2718
2718
2719
2719
2719
2721
2721
2724
2725
2726
2726
2726
2727
2727
2730
2731
2732
2733
2733
2734
2734
2734
2736
2737
2737
2737
2738
2740
2740
2742
2744
2744
2748
2748
2748
2748
2749
2750
2751
2751
2751
2752
2752
2753
2755
2757
2757
2757
2757
2758
2758
2760
2761
2762
2763
2763
2763
2763
2763
2765
2766
2766
2766
2767
2767
2767
2768
2768
2768
2768
2769
2769
2770
2771
2772
2772
2773
2774
2774
2775
2777
2777
2778
2778
2780
2781
2782
2782
2782
2782
2785
2785
2785
2786
2787
2787
2787
2788
2790
2790
2792
2792
2792
2793
2793
2794
2795
2795
2796
2796
2796
2796
2797
2798
2801
2801
2802
2803
2803
2803
2803
2804
2805
2806
2807
2807
2808
2809
2809
2810
2810
2810
2812
2812
2814
2815
2815
2815
2815
2816
2816
2817
2817
2817
2817
2818
2820
2821
2822
2822
2822
2822
2822
2824
2826
2827
2828
2829
2829
2830
2830
2830
2830
2833
2834
2834
2835
2836
2836
2836
2838
2838
2839
2840
2840
2842
2842
2843
2844
2845
2845
2846
2846
2846
2846
2847
2847
2847
2849
2849
2849
2849
2849
2850
2851
2851
2851
2851
2852
2855
2855
2855
2855
2856
2856
2856
2858
2858
2858
2859
2859
2859
2860
2861
2863
2864
2866
2866
2867
2868
2868
2869
2869
2870
2870
2871
2871
2873
2873
2876
2876
2877
2878
2879
2880
2883
2883
2883
2885
2886
2887
2887
2888
2888
2891
2892
2892
2893
2894
2895
2895
2896
2896
2898
2898
2898
2898
2898
2899
2899
2899
2900
2900
2900
2901
2902
2902
2904
2905
2905
2906
2907
2908
2909
2909
2910
2910
2911
2911
2912
2912
2912
2916
2919
2919
2920
2921
2921
2921
2922
2923
2925
2926
2926
2926
2926
2927
2928
2928
2929
2929
2929
2930
2931
2931
2933
2933
2933
2933
2934
2936
2937
2937
2938
2939
2942
2943
2943
2944
2945
2946
2946
2946
2946
2948
2950
2951
2952
2952
2953
2954
2954
2955
2957
2959
2959
2960
2962
2962
2963
2963
2964
2965
2966
2967
2967
2968
2971
2973
2974
2974
2974
2975
2976
2976
2979
2979
2980
2981
2983
2983
2983
2983
2984
2984
2987
2993
2993
2994
2995
2998
2998
2999
3000
3001
3003
3004
3004
3005
3006
3007
3008
3008
3011
3015
3016
3019
3024
3024
3024
3025
3027
3031
3038
3038
3039
3041
3043
3048
3049
3050
3052
3052
3053
3054
3056
3056
3060
3062
3065
3073
3075
3075
3076
3077
3078
3083
3086
3087
3088
3094
3094
3095
3105
3109
3113
3129
3130
3132
3133
3138
3150
3155
3161
3164
3180
3184
3192
3196
3203
3206
3225
3237
3251
3287
3294
3319
3351
3368
3392
3395
3416
3486
3489
3495
3495
3510
3560
3561
3562
3602
3622
3816
4729
4999
