281
282
282
282
283
284
287
288
288
288
288
290
290
290
291
291
292
292
293
293
293
293
294
294
294
294
295
295
296
296
296
296
296
296
296
296
296
297
297
298
298
298
298
298
298
298
298
298
299
299
300
300
300
300
300
300
300
300
300
300
300
301
301
301
301
301
301
302
302
302
302
302
302
302
303
303
303
303
304
304
304
304
304
304
304
305
305
305
305
305
305
305
305
305
306
306
306
306
306
306
306
306
306
306
306
307
307
307
307
307
307
307
307
307
307
307
308
308
308
308
308
308
308
308
308
308
308
308
308
309
309
309
309
309
309
309
309
309
309
309
310
310
310
310
310
310
310
310
310
311
311
311
311
311
311
311
311
311
312
312
312
312
312
312
312
312
312
313
313
313
313
313
313
313
313
313
313
313
313
314
314
314
314
314
314
314
314
314
314
314
314
314
315
315
315
315
315
315
316
316
316
316
316
316
316
317
317
317
317
317
317
317
317
317
317
317
318
318
318
318
318
318
318
318
319
319
319
319
319
319
319
319
320
320
320
320
320
320
321
321
321
321
321
321
321
321
321
322
322
322
322
322
322
322
322
322
322
323
323
323
323
323
323
324
324
324
324
324
324
324
325
325
325
325
325
325
325
326
326
326
326
327
327
327
327
327
328
328
329
329
329
330
330
330
331
331
331
332
332
332
332
332
333
334
335
335
335
336
336
336
336
336
337
337
338
339
339
339
339
340
340
340
340
341
342
344
344
344
346
347
347
349
350
350
350
352
354
355
356
356
357
357
357
358
358
358
358
362
363
363
363
364
365
366
367
367
367
368
371
372
374
375
376
377
378
380
381
382
383
383
383
384
385
388
388
388
389
390
391
393
393
394
394
397
400
402
403
405
406
407
408
410
413
413
413
414
414
415
417
420
421
423
425
427
428
428
430
430
431
433
433
434
437
439
441
441
442
443
444
444
446
446
447
447
449
449
451
453
455
455
456
456
456
457
458
461
461
461
464
464
465
466
466
467
469
469
474
475
476
476
476
477
478
478
480
482
482
483
484
485
485
485
486
487
488
488
488
489
490
491
491
491
492
493
494
494
497
497
498
500
500
502
503
505
505
505
506
507
508
510
510
510
510
511
512
513
513
514
514
516
516
517
517
517
518
518
519
520
520
520
520
521
521
521
522
522
523
523
525
525
526
527
527
527
529
534
534
535
536
536
536
537
538
538
540
540
541
542
543
543
543
544
545
545
545
546
547
547
548
549
550
550
550
550
550
551
551
551
551
552
552
552
552
552
553
553
553
554
554
555
555
555
555
557
557
558
558
558
559
559
559
560
560
560
560
560
560
560
561
562
562
562
562
562
563
563
563
563
563
563
564
564
564
564
565
565
565
565
566
567
567
567
568
568
569
569
569
569
569
569
569
569
570
570
571
571
571
571
571
572
572
572
572
572
573
573
573
573
574
574
574
574
574
574
574
574
575
575
575
575
575
575
576
576
576
577
577
577
578
578
578
578
578
578
578
579
579
580
580
580
580
580
581
581
581
581
582
582
582
582
582
583
583
584
584
584
584
584
584
585
585
585
585
585
586
587
587
587
587
587
588
588
588
588
588
589
589
589
589
589
589
589
589
589
589
589
590
590
590
590
590
590
591
591
591
591
591
591
592
592
592
592
592
592
592
593
593
593
593
594
594
594
594
594
594
594
594
595
595
595
595
596
596
596
596
597
597
597
597
597
597
597
598
598
598
598
599
599
599
599
599
599
600
600
600
600
600
600
601
601
601
601
602
602
602
602
602
602
603
603
603
603
603
603
603
604
604
604
604
604
604
605
605
605
605
605
605
606
606
606
606
607
607
607
608
609
609
609
609
609
609
609
609
609
609
610
610
610
610
611
611
611
611
611
611
612
612
612
612
612
613
613
614
614
614
614
614
615
615
615
616
616
616
616
616
616
616
616
616
616
616
617
617
617
618
618
618
618
618
618
619
620
621
621
622
622
623
623
623
624
624
625
625
625
625
625
626
626
626
627
627
627
628
628
628
628
628
628
628
629
629
629
629
629
629
629
629
629
630
631
631
632
632
633
633
633
633
634
634
634
634
635
636
637
637
639
640
641
641
642
642
643
644
645
645
646
646
648
649
651
651
651
652
652
652
655
657
659
659
661
663
666
666
669
670
672
672
674
674
675
680
680
684
685
688
688
694
696
697
703
706
713
714
717
719
720
721
726
729
737
742
752
765
771
772
779
824
848
856
867
925
936
982
1052
1118
1141
1262
1324
2310
6828
