47385
47743
47773
48187
48264
48316
48336
48352
48383
48385
48413
48522
48568
48603
48615
48631
48663
48717
48739
48827
48834
48898
48907
48978
48980
49005
49011
49020
49061
49084
49102
49105
49115
49117
49125
49129
49141
49143
49148
49156
49167
49181
49196
49213
49217
49225
49231
49263
49269
49288
49327
49344
49354
49363
49365
49365
49371
49393
49400
49419
49434
49451
49451
49455
49462
49467
49470
49473
49476
49478
49481
49487
49503
49506
49509
49516
49518
49518
49524
49525
49529
49531
49539
49543
49548
49553
49557
49565
49566
49595
49599
49599
49610
49612
49635
49637
49665
49666
49675
49705
49706
49714
49718
49719
49719
49719
49725
49730
49757
49760
49763
49770
49771
49776
49778
49779
49789
49807
49809
49810
49820
49831
49831
49832
49835
49837
49842
49842
49847
49855
49856
49866
49868
49875
49886
49893
49898
49902
49905
49905
49908
49922
49923
49923
49931
49954
49959
49960
49960
49967
49968
49971
49983
49987
49989
49991
49998
50010
50011
50019
50021
50023
50028
50039
50048
50053
50054
50060
50064
50066
50075
50078
50082
50089
50089
50090
50095
50096
50103
50104
50104
50115
50120
50128
50133
50136
50140
50144
50146
50147
50154
50160
50162
50171
50180
50181
50186
50187
50189
50195
50196
50203
50209
50214
50215
50228
50231
50234
50234
50237
50243
50245
50245
50245
50248
50251
50254
50257
50258
50259
50263
50264
50268
50270
50272
50272
50286
50296
50300
50300
50300
50301
50309
50310
50324
50325
50326
50327
50328
50330
50331
50338
50342
50343
50347
50348
50348
50351
50352
50356
50357
50359
50360
50362
50367
50373
50375
50385
50392
50397
50399
50407
50410
50410
50410
50411
50415
50417
50425
50428
50430
50435
50437
50441
50443
50444
50446
50446
50446
50447
50447
50452
50459
50471
50471
50481
50487
50489
50492
50492
50494
50496
50499
50506
50509
50510
50510
50518
50520
50521
50522
50525
50526
50533
50533
50536
50538
50552
50556
50558
50562
50563
50566
50568
50579
50581
50582
50585
50585
50592
50593
50595
50596
50599
50599
50600
50604
50606
50610
50612
50616
50621
50622
50623
50623
50624
50626
50633
50635
50635
50635
50637
50637
50639
50639
50644
50646
50647
50647
50649
50649
50649
50654
50657
50660
50661
50665
50665
50666
50670
50670
50672
50672
50673
50675
50682
50682
50685
50689
50690
50699
50700
50701
50702
50703
50703
50704
50709
50710
50712
50712
50714
50716
50718
50720
50722
50725
50725
50729
50731
50735
50736
50738
50738
50742
50743
50744
50747
50748
50751
50752
50752
50753
50754
50759
50759
50760
50761
50776
50777
50777
50778
50779
50780
50782
50784
50785
50785
50788
50789
50790
50790
50796
50799
50800
50800
50805
50806
50808
50810
50815
50816
50816
50824
50830
50832
50834
50838
50838
50838
50842
50849
50853
50855
50857
50858
50861
50864
50868
50872
50876
50878
50882
50883
50885
50885
50886
50888
50888
50894
50901
50905
50906
50908
50911
50915
50924
50926
50926
50936
50936
50937
50938
50939
50942
50942
50942
50946
50949
50949
50955
50958
50959
50961
50962
50963
50965
50966
50968
50971
50973
50975
50976
50977
50983
50986
50990
50992
50992
50993
50996
50998
51000
51009
51016
51018
51019
51019
51024
51030
51044
51053
51055
51058
51061
51063
51064
51065
51066
51066
51068
51068
51070
51074
51077
51086
51087
51093
51100
51103
51104
51104
51104
51109
51113
51115
51117
51118
51119
51120
51124
51125
51126
51129
51130
51132
51138
51138
51146
51149
51149
51152
51153
51158
51158
51162
51165
51167
51167
51172
51173
51174
51176
51176
51177
51180
51181
51189
51189
51191
51195
51196
51199
51200
51201
51203
51204
51205
51206
51206
51209
51210
51212
51213
51216
51220
51224
51225
51225
51227
51229
51229
51239
51243
51244
51246
51249
51250
51258
51259
51262
51262
51264
51277
51278
51280
51281
51281
51282
51289
51289
51293
51309
51318
51320
51323
51328
51332
51334
51335
51338
51338
51339
51340
51343
51346
51347
51348
51351
51356
51357
51357
51360
51363
51364
51369
51371
51375
51379
51380
51381
51384
51384
51389
51390
51391
51394
51395
51405
51411
51414
51415
51422
51430
51435
51436
51440
51442
51444
51447
51450
51452
51452
51456
51458
51459
51459
51459
51463
51471
51475
51476
51478
51479
51480
51482
51499
51503
51507
51511
51514
51514
51532
51534
51536
51539
51549
51550
51552
51553
51557
51560
51567
51570
51573
51576
51576
51579
51587
51588
51589
51591
51593
51595
51604
51608
51611
51630
51636
51641
51647
51649
51650
51658
51661
51662
51663
51665
51670
51672
51675
51679
51680
51687
51688
51690
51693
51699
51699
51702
51709
51711
51715
51716
51720
51724
51725
51730
51732
51735
51735
51736
51739
51741
51742
51758
51760
51772
51785
51792
51793
51795
51807
51815
51817
51821
51822
51824
51826
51826
51829
51838
51846
51848
51849
51853
51855
51865
51866
51873
51873
51882
51886
51888
51900
51905
51907
51909
51911
51920
51922
51923
51926
51927
51931
51932
51944
51945
51952
51953
51958
51971
51972
51985
51991
51993
51993
51994
52008
52016
52019
52021
52024
52031
52044
52055
52057
52060
52061
52069
52088
52090
52095
52096
52103
52112
52113
52115
52121
52141
52143
52154
52154
52155
52157
52163
52166
52169
52182
52191
52196
52213
52227
52228
52240
52241
52243
52248
52253
52254
52259
52267
52288
52288
52292
52298
52304
52307
52324
52337
52339
52340
52350
52352
52354
52356
52364
52366
52367
52369
52377
52382
52383
52403
52406
52409
52409
52420
52426
52438
52483
52484
52495
52500
52501
52518
52524
52541
52544
52547
52554
52555
52557
52559
52560
52571
52583
52617
52641
52650
52668
52677
52686
52705
52706
52710
52724
52737
52750
52761
52782
52785
52787
52794
52810
52810
52870
52914
52925
52950
52963
52973
53012
53042
53043
53096
53096
53143
53147
53196
53214
53233
53236
53258
53348
53417
53446
53456
53511
53535
53578
53670
53678
53694
53709
53718
53744
53825
53881
53882
53937
53945
54018
54021
54048
54168
54211
54223
54370
54454
54492
54686
54742
54822
54822
54873
54921
54964
54974
54975
54998
55022
55041
55215
55261
55281
55338
55344
55367
55416
55484
55504
55510
55652
55665
55693
55714
55742
55761
55805
55916
55989
56030
56043
56085
56186
56200
56445
56670
56739
56919
57341
57464
57636
58147
58225
58917
63455
67912
68395
