6258
6412
6484
6488
6530
6553
6556
6608
6631
6632
6636
6652
6655
6658
6661
6677
6677
6689
6693
6694
6707
6717
6723
6727
6754
6760
6761
6787
6795
6799
6801
6804
6806
6814
6815
6817
6823
6823
6829
6840
6843
6844
6846
6848
6849
6851
6873
6876
6876
6877
6877
6880
6882
6882
6884
6889
6889
6897
6898
6906
6908
6909
6910
6911
6913
6914
6926
6927
6936
6936
6940
6941
6943
6948
6957
6958
6959
6959
6960
6973
6978
6978
6982
6989
6994
6995
6998
7002
7006
7006
7011
7012
7012
7024
7024
7024
7027
7034
7039
7040
7040
7042
7052
7054
7055
7055
7060
7064
7068
7069
7071
7077
7078
7080
7080
7080
7081
7084
7086
7095
7095
7096
7100
7102
7105
7106
7106
7107
7109
7110
7113
7114
7117
7118
7119
7122
7125
7126
7126
7135
7137
7139
7140
7140
7143
7145
7146
7148
7149
7151
7155
7168
7170
7170
7173
7179
7181
7182
7183
7188
7188
7191
7196
7197
7198
7200
7202
7204
7207
7210
7213
7216
7217
7218
7219
7221
7221
7226
7228
7233
7234
7237
7241
7244
7246
7247
7247
7252
7253
7258
7260
7264
7270
7273
7274
7274
7278
7286
7286
7286
7289
7292
7295
7303
7311
7312
7312
7313
7314
7314
7316
7318
7318
7323
7328
7330
7331
7332
7333
7337
7338
7341
7341
7348
7349
7352
7352
7353
7354
7354
7359
7359
7361
7364
7365
7366
7371
7372
7373
7373
7379
7380
7380
7381
7393
7394
7395
7396
7399
7399
7402
7403
7403
7405
7409
7410
7412
7414
7416
7420
7423
7426
7426
7428
7428
7429
7432
7435
7435
7440
7447
7447
7448
7451
7452
7452
7458
7459
7460
7462
7464
7465
7466
7470
7478
7478
7485
7487
7488
7490
7490
7490
7493
7494
7494
7500
7505
7511
7513
7515
7520
7521
7522
7523
7523
7524
7529
7529
7531
7534
7534
7536
7537
7539
7539
7541
7548
7551
7554
7558
7559
7559
7564
7565
7566
7568
7572
7576
7583
7585
7585
7585
7588
7591
7593
7594
7596
7599
7601
7601
7604
7604
7605
7607
7607
7609
7610
7610
7613
7613
7616
7619
7622
7624
7625
7628
7629
7630
7631
7635
7635
7637
7638
7641
7641
7641
7642
7643
7643
7643
7643
7644
7644
7647
7648
7648
7655
7656
7656
7656
7659
7660
7660
7663
7663
7665
7666
7668
7670
7670
7673
7673
7673
7674
7674
7676
7676
7677
7678
7678
7680
7680
7680
7681
7683
7688
7689
7693
7695
7697
7697
7698
7699
7700
7704
7705
7706
7708
7708
7709
7709
7709
7710
7711
7712
7712
7716
7717
7719
7722
7723
7723
7726
7727
7729
7732
7733
7736
7737
7739
7739
7741
7742
7745
7748
7754
7755
7756
7757
7758
7761
7761
7763
7766
7766
7768
7769
7773
7774
7775
7778
7785
7786
7787
7788
7789
7793
7795
7795
7796
7797
7798
7800
7801
7803
7805
7806
7807
7808
7808
7808
7809
7813
7813
7813
7814
7816
7817
7819
7819
7821
7821
7823
7824
7825
7828
7829
7832
7833
7833
7833
7833
7834
7836
7837
7837
7838
7839
7840
7842
7842
7844
7844
7844
7845
7845
7845
7845
7848
7849
7850
7852
7852
7853
7854
7858
7858
7859
7861
7862
7862
7864
7864
7865
7865
7869
7869
7870
7872
7874
7875
7875
7877
7882
7883
7883
7884
7884
7884
7885
7888
7890
7890
7891
7892
7893
7893
7895
7899
7901
7901
7902
7905
7905
7906
7906
7910
7911
7912
7913
7913
7914
7914
7914
7914
7915
7916
7917
7918
7919
7920
7921
7924
7925
7925
7925
7926
7927
7928
7928
7929
7935
7937
7938
7939
7940
7941
7942
7942
7943
7944
7945
7946
7948
7949
7949
7951
7952
7954
7956
7957
7958
7959
7960
7962
7965
7965
7966
7970
7972
7973
7973
7975
7975
7975
7975
7975
7975
7977
7978
7978
7979
7979
7983
7983
7984
7988
7990
7992
7993
7993
7994
7995
7996
8000
8000
8002
8004
8004
8005
8006
8009
8010
8010
8015
8015
8016
8016
8016
8017
8017
8018
8018
8020
8026
8027
8028
8030
8032
8033
8033
8033
8034
8035
8037
8039
8039
8041
8041
8042
8042
8045
8046
8046
8047
8048
8050
8051
8052
8056
8057
8058
8059
8061
8063
8064
8067
8067
8070
8070
8072
8073
8073
8074
8076
8078
8078
8079
8079
8079
8082
8082
8082
8083
8084
8087
8089
8089
8091
8091
8095
8095
8096
8098
8100
8103
8103
8105
8111
8115
8116
8116
8116
8118
8119
8122
8122
8123
8124
8134
8137
8138
8141
8143
8147
8147
8152
8153
8154
8154
8154
8156
8160
8161
8164
8172
8178
8180
8183
8183
8184
8184
8187
8188
8188
8188
8189
8189
8190
8191
8191
8191
8193
8194
8196
8196
8197
8198
8203
8207
8211
8211
8213
8213
8217
8218
8220
8222
8222
8225
8227
8227
8228
8228
8230
8230
8231
8233
8235
8238
8244
8244
8244
8248
8251
8251
8252
8254
8254
8257
8257
8258
8259
8260
8261
8263
8264
8274
8275
8276
8277
8278
8281
8281
8283
8283
8286
8287
8288
8291
8291
8292
8292
8293
8293
8295
8300
8302
8302
8306
8308
8309
8309
8312
8316
8317
8320
8321
8327
8329
8329
8330
8331
8342
8343
8345
8347
8349
8350
8355
8355
8355
8360
8360
8361
8363
8364
8366
8368
8369
8370
8372
8376
8387
8389
8390
8393
8394
8394
8396
8407
8408
8409
8409
8410
8415
8416
8419
8421
8423
8427
8432
8434
8434
8435
8441
8447
8452
8453
8456
8459
8460
8471
8474
8475
8476
8477
8479
8484
8487
8487
8495
8497
8500
8503
8503
8506
8507
8515
8524
8524
8526
8534
8535
8539
8547
8552
8560
8566
8568
8569
8573
8584
8597
8611
8614
8619
8619
8626
8634
8635
8645
8648
8649
8650
8651
8652
8658
8663
8665
8668
8673
8681
8688
8701
8703
8709
8716
8727
8732
8741
8753
8756
8757
8768
8780
8791
8796
8804
8819
8826
8831
8886
8891
8907
8923
8961
8985
9000
9004
9032
9050
9135
9160
9270
9313
9338
9385
9425
9465
9524
9609
9726
9806
9850
9931
10059
10151
10799
10907
