1339
1343
1358
1361
1362
1363
1365
1368
1372
1381
1382
1385
1392
1394
1395
1395
1399
1399
1400
1402
1403
1405
1406
1406
1407
1407
1409
1409
1411
1412
1415
1415
1416
1416
1416
1419
1420
1420
1421
1421
1421
1422
1423
1425
1426
1426
1426
1427
1427
1428
1429
1429
1430
1431
1431
1432
1432
1432
1433
1434
1436
1437
1437
1437
1438
1439
1439
1439
1439
1441
1441
1443
1444
1444
1444
1444
1445
1447
1447
1447
1447
1448
1449
1449
1449
1450
1450
1450
1451
1451
1451
1454
1454
1454
1457
1457
1458
1459
1461
1461
1462
1463
1465
1465
1466
1466
1466
1467
1467
1468
1469
1469
1471
1471
1472
1472
1472
1472
1472
1473
1473
1474
1474
1474
1475
1475
1475
1475
1475
1476
1476
1477
1477
1479
1480
1480
1480
1480
1480
1480
1483
1483
1484
1484
1484
1485
1485
1486
1487
1488
1488
1488
1489
1490
1490
1491
1491
1491
1491
1491
1491
1491
1493
1493
1494
1494
1494
1494
1495
1495
1496
1497
1497
1498
1499
1499
1499
1500
1500
1502
1502
1502
1503
1503
1505
1507
1507
1508
1508
1509
1509
1509
1510
1511
1511
1511
1511
1511
1512
1512
1514
1514
1516
1517
1518
1518
1518
1519
1519
1519
1520
1520
1521
1522
1523
1523
1524
1524
1525
1526
1527
1528
1528
1529
1529
1529
1529
1530
1532
1532
1533
1536
1536
1537
1537
1539
1540
1541
1541
1541
1542
1544
1546
1546
1548
1550
1551
1551
1552
1552
1553
1553
1554
1554
1556
1557
1559
1560
1560
1564
1565
1565
1565
1567
1569
1569
1570
1571
1573
1574
1575
1576
1578
1579
1579
1584
1584
1589
1590
1594
1595
1595
1597
1599
1602
1602
1602
1603
1603
1603
1604
1604
1604
1605
1607
1612
1612
1616
1617
1620
1623
1624
1624
1624
1626
1628
1630
1631
1631
1631
1631
1636
1642
1643
1646
1648
1648
1655
1657
1661
1663
1663
1663
1663
1672
1676
1677
1677
1678
1679
1682
1683
1683
1684
1689
1691
1692
1695
1699
1700
1704
1705
1706
1706
1707
1710
1713
1715
1716
1717
1718
1719
1722
1723
1724
1728
1728
1729
1730
1730
1734
1736
1736
1737
1738
1738
1742
1742
1743
1744
1744
1746
1747
1748
1755
1755
1755
1759
1763
1763
1766
1770
1771
1771
1771
1772
1777
1779
1780
1781
1783
1783
1783
1787
1788
1788
1790
1791
1793
1798
1799
1799
1803
1808
1808
1809
1809
1812
1815
1818
1822
1823
1825
1832
1833
1834
1835
1837
1837
1843
1844
1844
1845
1846
1849
1849
1849
1850
1850
1850
1854
1855
1857
1859
1864
1864
1868
1869
1869
1870
1870
1872
1872
1872
1873
1874
1875
1876
1879
1880
1880
1883
1884
1885
1886
1886
1887
1888
1888
1889
1890
1890
1890
1892
1897
1902
1902
1904
1904
1906
1906
1906
1906
1907
1908
1909
1909
1910
1912
1913
1919
1921
1923
1925
1926
1926
1928
1928
1930
1932
1932
1932
1933
1933
1933
1934
1935
1935
1936
1937
1938
1939
1939
1940
1940
1940
1941
1943
1944
1944
1945
1949
1950
1950
1952
1954
1955
1956
1956
1958
1959
1961
1962
1962
1966
1966
1967
1967
1967
1967
1968
1969
1969
1970
1971
1972
1972
1973
1977
1979
1980
1981
1985
1985
1987
1987
1987
1988
1989
1990
1991
1992
1994
1994
1995
1995
1995
1996
1997
1997
2001
2002
2004
2005
2005
2005
2005
2006
2006
2007
2008
2008
2009
2009
2010
2010
2013
2013
2015
2017
2017
2017
2019
2020
2021
2021
2022
2022
2023
2023
2023
2024
2024
2025
2025
2025
2027
2029
2029
2031
2031
2032
2033
2034
2036
2038
2038
2039
2039
2039
2039
2039
2039
2040
2041
2042
2043
2043
2046
2048
2049
2049
2050
2050
2050
2051
2051
2053
2053
2053
2053
2056
2056
2056
2057
2057
2057
2057
2058
2059
2060
2060
2060
2060
2061
2062
2062
2063
2063
2063
2065
2066
2066
2067
2067
2067
2068
2068
2069
2072
2073
2074
2074
2074
2074
2074
2074
2075
2075
2075
2076
2077
2077
2077
2078
2078
2079
2079
2080
2080
2080
2081
2081
2081
2082
2082
2083
2083
2083
2084
2086
2086
2086
2087
2087
2088
2088
2088
2089
2090
2090
2091
2091
2092
2093
2094
2094
2095
2095
2095
2098
2100
2100
2100
2100
2100
2101
2101
2102
2103
2103
2103
2104
2105
2105
2106
2106
2107
2107
2107
2107
2111
2111
2111
2112
2112
2113
2114
2115
2115
2116
2117
2117
2117
2117
2117
2118
2119
2120
2120
2121
2122
2123
2123
2124
2126
2127
2127
2127
2130
2131
2132
2132
2132
2133
2133
2133
2134
2135
2135
2135
2136
2136
2137
2137
2138
2138
2140
2142
2143
2144
2144
2146
2146
2147
2148
2149
2151
2152
2152
2153
2153
2153
2154
2154
2154
2155
2157
2158
2158
2159
2159
2159
2162
2164
2165
2167
2167
2167
2168
2170
2170
2170
2172
2172
2172
2172
2172
2175
2175
2176
2177
2177
2177
2177
2179
2181
2182
2182
2183
2185
2185
2186
2188
2188
2190
2191
2191
2191
2192
2194
2195
2195
2195
2196
2197
2197
2199
2202
2203
2203
2203
2205
2207
2207
2208
2208
2208
2209
2212
2212
2213
2216
2216
2217
2217
2217
2219
2220
2224
2225
2226
2227
2228
2231
2233
2234
2234
2237
2238
2238
2239
2240
2240
2241
2242
2243
2243
2245
2245
2247
2250
2251
2253
2257
2258
2258
2259
2259
2262
2266
2266
2268
2269
2269
2269
2270
2270
2271
2271
2272
2274
2275
2276
2279
2280
2282
2282
2285
2286
2294
2295
2297
2299
2304
2306
2308
2310
2311
2312
2312
2312
2313
2314
2316
2316
2319
2322
2323
2325
2326
2326
2326
2330
2332
2333
2333
2334
2334
2336
2339
2343
2344
2344
2348
2353
2353
2354
2360
2362
2374
2374
2378
2380
2385
2386
2388
2391
2395
2402
2404
2404
2423
2431
2437
2444
2448
2449
2460
2461
2461
2492
2506
2507
2534
2534
2567
2595
2605
2608
2612
2613
2652
2714
2778
2887
2925
2966
2973
3968
