16955
17168
17331
17459
17528
17538
17573
17603
17603
17618
17622
17631
17660
17668
17671
17683
17754
17758
17788
17810
17829
17843
17843
17843
17858
17879
17890
17906
17920
17945
17967
17972
17986
18004
18026
18028
18029
18031
18043
18050
18059
18063
18068
18070
18085
18092
18176
18180
18182
18190
18200
18235
18239
18247
18267
18281
18291
18293
18294
18305
18306
18316
18318
18318
18322
18325
18335
18348
18353
18372
18378
18379
18380
18400
18423
18428
18429
18436
18452
18457
18463
18466
18468
18471
18475
18477
18478
18483
18484
18496
18507
18510
18516
18517
18518
18519
18523
18536
18538
18540
18548
18554
18560
18564
18569
18575
18575
18576
18599
18608
18618
18639
18643
18648
18649
18650
18655
18659
18662
18666
18668
18671
18687
18689
18695
18697
18697
18707
18721
18725
18729
18729
18732
18736
18747
18755
18773
18775
18782
18798
18816
18824
18842
18844
18846
18849
18851
18859
18860
18860
18866
18879
18880
18892
18895
18895
18905
18911
18913
18917
18917
18928
18928
18937
18961
18961
18964
18969
18986
18987
18998
19000
19002
19002
19003
19006
19024
19044
19044
19051
19056
19077
19092
19096
19097
19097
19101
19104
19107
19108
19112
19112
19116
19120
19123
19124
19125
19132
19134
19142
19143
19149
19153
19170
19182
19183
19187
19191
19196
19206
19220
19222
19228
19228
19230
19234
19249
19250
19257
19261
19261
19263
19269
19270
19271
19274
19278
19282
19305
19314
19315
19321
19324
19330
19333
19335
19337
19345
19350
19351
19362
19363
19380
19389
19397
19414
19415
19417
19429
19459
19460
19462
19466
19473
19483
19484
19485
19501
19501
19509
19525
19526
19527
19527
19535
19551
19556
19556
19557
19573
19578
19613
19620
19630
19646
19647
19648
19649
19650
19651
19653
19660
19663
19664
19668
19675
19676
19676
19677
19679
19679
19690
19694
19697
19697
19699
19703
19714
19716
19730
19737
19757
19761
19763
19764
19765
19784
19787
19789
19790
19793
19806
19809
19809
19817
19820
19821
19855
19855
19857
19858
19865
19878
19878
19887
19904
19905
19905
19909
19910
19911
19922
19923
19933
19952
19954
19957
19962
19963
19965
19969
19976
19986
19986
19990
19992
19997
19999
20007
20010
20013
20014
20015
20018
20020
20021
20027
20035
20040
20046
20047
20058
20062
20067
20068
20068
20070
20071
20072
20077
20079
20084
20091
20101
20105
20106
20109
20111
20118
20118
20136
20138
20141
20145
20147
20157
20162
20166
20166
20169
20170
20173
20177
20184
20187
20188
20190
20198
20210
20227
20228
20234
20235
20249
20253
20254
20259
20260
20262
20263
20268
20269
20270
20270
20277
20278
20285
20285
20288
20291
20299
20305
20310
20313
20328
20329
20330
20330
20331
20333
20337
20339
20342
20352
20356
20356
20361
20376
20378
20385
20387
20396
20397
20422
20428
20428
20428
20429
20436
20437
20438
20439
20441
20443
20443
20444
20450
20453
20453
20462
20465
20467
20467
20472
20482
20487
20488
20491
20503
20507
20507
20508
20511
20515
20519
20521
20524
20531
20534
20534
20539
20542
20544
20545
20546
20549
20554
20561
20564
20564
20571
20572
20574
20575
20577
20579
20581
20601
20604
20604
20611
20611
20613
20628
20629
20635
20635
20636
20637
20637
20640
20643
20669
20671
20675
20680
20680
20683
20684
20686
20697
20698
20699
20703
20703
20707
20708
20715
20719
20721
20722
20737
20739
20743
20745
20746
20746
20748
20750
20760
20766
20766
20767
20776
20780
20787
20790
20797
20800
20807
20808
20815
20816
20829
20829
20832
20836
20844
20844
20845
20847
20854
20859
20859
20868
20871
20877
20877
20892
20894
20900
20902
20904
20906
20928
20933
20939
20956
20962
20967
20967
20968
20973
20973
20981
20982
20984
20985
20985
20987
20988
20998
21010
21018
21020
21020
21020
21027
21028
21033
21040
21044
21052
21054
21060
21061
21067
21070
21072
21075
21092
21092
21095
21097
21104
21115
21117
21117
21119
21121
21122
21123
21126
21129
21129
21131
21132
21139
21139
21149
21149
21151
21153
21156
21159
21159
21161
21163
21168
21176
21178
21181
21182
21187
21192
21196
21201
21204
21204
21208
21212
21215
21215
21216
21220
21221
21230
21239
21241
21243
21246
21250
21256
21263
21276
21283
21284
21285
21296
21303
21311
21316
21320
21321
21323
21331
21331
21331
21336
21336
21339
21346
21360
21361
21366
21367
21388
21402
21402
21406
21408
21408
21410
21412
21417
21418
21428
21435
21447
21450
21461
21463
21468
21469
21470
21470
21479
21484
21484
21486
21493
21502
21502
21508
21508
21510
21514
21516
21524
21527
21529
21538
21540
21549
21550
21553
21555
21555
21557
21560
21565
21572
21572
21574
21579
21581
21585
21585
21595
21601
21612
21614
21616
21618
21635
21636
21642
21654
21681
21696
21697
21698
21708
21713
21727
21729
21738
21746
21766
21775
21775
21817
21819
21826
21826
21827
21834
21835
21844
21848
21850
21854
21856
21859
21862
21872
21874
21875
21876
21878
21887
21895
21898
21900
21911
21912
21916
21919
21919
21921
21922
21927
21928
21929
21932
21938
21947
21956
21961
21965
21968
21971
21971
21976
21988
21999
22002
22015
22024
22040
22040
22045
22053
22055
22056
22059
22063
22065
22070
22074
22075
22082
22084
22094
22112
22118
22120
22121
22128
22136
22146
22153
22159
22164
22164
22168
22177
22182
22187
22189
22191
22191
22192
22193
22196
22202
22206
22209
22217
22221
22248
22252
22253
22254
22257
22258
22264
22265
22266
22269
22269
22271
22275
22287
22289
22294
22297
22301
22306
22308
22310
22319
22323
22328
22330
22337
22348
22350
22376
22395
22396
22403
22410
22410
22429
22444
22447
22456
22468
22470
22470
22470
22471
22482
22483
22496
22497
22501
22502
22521
22524
22564
22574
22581
22581
22597
22603
22609
22612
22622
22634
22637
22648
22661
22675
22694
22729
22734
22734
22757
22771
22772
22774
22776
22782
22820
22822
22830
22834
22838
22860
22870
22888
22922
22926
22940
22983
22990
23022
23040
23070
23089
23113
23169
23189
23211
23213
23220
23233
23248
23281
23282
23386
23480
23493
23520
23557
23571
23588
23589
23601
23654
23654
23676
23726
23756
23856
23887
23937
24094
24118
24125
24135
24141
24142
24175
24261
24439
24559
24574
24581
24657
24685
24758
24852
24875
24893
24942
25032
25159
25417
25557
25574
25645
25837
26104
26724
26753
26972
28505
