7604
7635
7689
7708
7763
7783
7833
7883
7917
7919
7929
7953
7966
7980
7994
8012
8017
8030
8044
8046
8058
8073
8078
8083
8098
8178
8193
8207
8226
8240
8246
8259
8274
8300
8309
8332
8346
8361
8386
8400
8402
8415
8420
8449
8454
8459
8464
8476
8481
8484
8501
8512
8520
8523
8529
8538
8550
8554
8582
8601
8606
8624
8633
8641
8666
8685
8701
8720
8740
8775
8796
8829
8835
8840
8862
8892
8892
8907
8914
8923
8937
8957
8989
9006
9018
9020
9023
9046
9067
9072
9081
9121
9138
9150
9157
9161
9168
9194
9201
9226
9229
9260
9275
9275
9279
9322
9323
9331
9386
9391
9391
9421
9451
9465
9475
9488
9503
9512
9512
9512
9525
9526
9538
9542
9561
9570
9615
9627
9646
9657
9665
9671
9674
9681
9696
9703
9718
9722
9724
9726
9733
9733
9736
9751
9754
9756
9759
9760
9761
9762
9765
9767
9774
9780
9784
9800
9804
9807
9812
9820
9820
9827
9827
9832
9832
9832
9834
9835
9840
9856
9867
9869
9872
9878
9902
9923
9934
9935
9957
9979
9980
9984
9989
9990
9997
10002
10002
10007
10019
10022
10026
10034
10040
10041
10043
10043
10049
10050
10060
10077
10087
10087
10095
10096
10099
10127
10130
10137
10141
10150
10152
10160
10160
10164
10172
10176
10190
10191
10193
10193
10207
10210
10218
10225
10231
10233
10233
10233
10235
10239
10249
10255
10261
10265
10270
10275
10276
10288
10288
10298
10304
10306
10317
10320
10322
10323
10331
10334
10337
10341
10343
10344
10344
10345
10345
10347
10350
10369
10371
10371
10376
10376
10381
10383
10386
10387
10393
10394
10395
10401
10404
10407
10408
10409
10410
10413
10415
10420
10431
10438
10440
10440
10443
10446
10449
10451
10458
10458
10465
10478
10479
10481
10486
10490
10490
10494
10495
10496
10498
10499
10499
10503
10505
10506
10507
10511
10511
10515
10517
10518
10519
10525
10527
10536
10538
10543
10546
10551
10552
10557
10564
10565
10570
10570
10570
10572
10577
10583
10586
10587
10589
10589
10590
10590
10595
10606
10607
10614
10614
10628
10630
10637
10637
10642
10644
10645
10648
10648
10649
10650
10653
10653
10653
10657
10658
10659
10666
10667
10668
10679
10681
10683
10686
10688
10694
10695
10695
10698
10699
10706
10706
10712
10718
10719
10724
10724
10731
10733
10741
10742
10743
10745
10752
10755
10756
10757
10759
10759
10764
10768
10772
10774
10777
10778
10783
10793
10793
10798
10809
10815
10819
10821
10827
10830
10831
10831
10833
10834
10838
10851
10856
10858
10859
10861
10867
10867
10871
10873
10874
10875
10884
10884
10885
10890
10894
10895
10897
10901
10903
10903
10904
10905
10908
10912
10912
10923
10925
10927
10931
10935
10937
10937
10941
10942
10944
10948
10952
10956
10956
10956
10960
10970
10974
10977
10977
10977
10978
10979
10990
10990
10995
10997
10998
10998
10998
10999
11004
11004
11006
11007
11013
11013
11013
11014
11019
11024
11024
11026
11034
11034
11036
11038
11044
11046
11048
11049
11051
11052
11052
11054
11057
11065
11066
11068
11071
11073
11073
11077
11083
11083
11087
11100
11105
11108
11108
11110
11111
11113
11113
11117
11121
11125
11133
11137
11138
11140
11141
11143
11145
11153
11153
11155
11160
11162
11162
11162
11168
11170
11170
11173
11175
11178
11179
11186
11189
11193
11193
11198
11199
11202
11204
11212
11212
11214
11215
11215
11217
11219
11225
11227
11227
11230
11231
11231
11235
11237
11237
11237
11240
11241
11245
11247
11252
11255
11259
11260
11267
11271
11274
11277
11284
11291
11292
11294
11299
11299
11301
11302
11303
11305
11309
11309
11310
11310
11311
11319
11323
11326
11330
11332
11335
11336
11338
11338
11340
11340
11341
11343
11345
11346
11348
11356
11356
11360
11361
11361
11361
11363
11368
11369
11372
11375
11378
11379
11385
11386
11387
11388
11390
11396
11398
11398
11399
11399
11403
11405
11406
11406
11414
11415
11416
11418
11422
11426
11431
11443
11444
11450
11453
11456
11457
11459
11463
11464
11468
11469
11475
11477
11477
11478
11480
11486
11489
11490
11490
11491
11494
11500
11502
11504
11504
11505
11508
11514
11515
11517
11522
11523
11524
11525
11529
11530
11531
11533
11535
11538
11544
11545
11547
11547
11548
11549
11550
11550
11552
11554
11557
11557
11561
11563
11564
11566
11567
11569
11571
11582
11584
11585
11586
11587
11588
11589
11593
11594
11594
11595
11599
11603
11605
11608
11609
11619
11621
11624
11629
11634
11637
11639
11641
11643
11643
11656
11657
11659
11665
11670
11670
11677
11681
11685
11687
11691
11691
11702
11703
11708
11709
11715
11719
11720
11722
11723
11734
11735
11737
11741
11749
11751
11753
11754
11755
11756
11759
11759
11760
11762
11767
11769
11770
11771
11772
11777
11779
11785
11786
11786
11793
11794
11807
11816
11824
11827
11827
11828
11832
11838
11846
11846
11846
11846
11847
11847
11849
11853
11854
11863
11868
11869
11872
11879
11884
11886
11888
11888
11888
11889
11893
11915
11915
11916
11917
11918
11927
11933
11934
11940
11946
11948
11949
11950
11951
11961
11961
11962
11968
11970
11972
11973
11974
11978
11979
11983
12000
12000
12002
12002
12004
12006
12007
12013
12020
12021
12025
12025
12040
12042
12045
12046
12047
12047
12049
12060
12061
12063
12065
12067
12068
12069
12072
12077
12084
12086
12086
12087
12089
12098
12098
12100
12100
12114
12115
12116
12117
12118
12130
12130
12133
12137
12139
12144
12145
12146
12148
12149
12153
12156
12176
12180
12183
12187
12191
12193
12193
12194
12195
12207
12211
12214
12215
12220
12228
12232
12239
12240
12241
12246
12261
12268
12275
12279
12288
12299
12307
12321
12325
12332
12333
12340
12361
12366
12367
12376
12383
12386
12391
12392
12396
12404
12415
12421
12430
12435
12436
12437
12439
12448
12448
12455
12460
12463
12485
12493
12498
12522
12522
12525
12525
12526
12534
12551
12554
12560
12576
12578
12593
12598
12604
12613
12632
12632
12658
12667
12671
12678
12683
12701
12701
12707
12707
12744
12751
12753
12786
12808
12827
12829
12836
12855
12857
12859
12886
12916
12931
12933
12952
13002
13049
13082
13099
13177
13189
13233
13236
13276
13286
13296
13312
13329
13329
13356
13373
13432
13494
13557
13679
13772
14116
14459
15155
15211
