34887
34922
34945
35053
35061
35182
35214
35250
35287
35396
35407
35418
35506
35600
35605
35632
35687
35688
35688
35712
35713
35766
35768
35794
35803
35811
35816
35837
35854
35862
35894
35908
36022
36026
36042
36057
36066
36066
36134
36140
36146
36181
36184
36213
36226
36233
36242
36278
36289
36304
36325
36362
36365
36368
36406
36410
36428
36440
36451
36451
36471
36476
36507
36529
36535
36538
36579
36587
36608
36614
36624
36635
36640
36648
36649
36653
36679
36682
36690
36698
36703
36712
36738
36738
36753
36760
36803
36806
36809
36829
36838
36847
36859
36871
36881
36882
36883
36883
36895
36918
36926
36928
36935
36937
36945
36945
36952
36959
36963
36975
36991
36998
36999
37011
37026
37031
37040
37053
37101
37120
37129
37131
37146
37151
37170
37188
37191
37196
37199
37208
37231
37233
37234
37243
37288
37290
37299
37302
37304
37320
37331
37355
37357
37366
37372
37378
37387
37390
37407
37411
37428
37436
37437
37448
37455
37457
37466
37466
37497
37507
37508
37512
37521
37522
37532
37541
37558
37568
37572
37573
37574
37578
37582
37584
37586
37589
37590
37594
37597
37615
37617
37620
37624
37624
37628
37631
37632
37639
37650
37655
37658
37662
37680
37694
37696
37697
37706
37718
37722
37726
37744
37749
37754
37760
37767
37780
37783
37786
37787
37787
37787
37795
37812
37814
37831
37836
37837
37839
37840
37846
37847
37855
37863
37866
37866
37872
37885
37889
37891
37906
37906
37907
37909
37912
37926
37927
37937
37947
37951
37954
37956
37961
37962
37973
37989
37992
37996
38001
38006
38021
38027
38040
38061
38061
38062
38067
38067
38070
38074
38090
38092
38097
38108
38113
38116
38127
38128
38130
38134
38139
38161
38163
38166
38166
38172
38173
38175
38179
38179
38181
38185
38187
38193
38193
38206
38213
38215
38218
38223
38224
38240
38241
38244
38250
38251
38255
38259
38268
38272
38274
38276
38285
38306
38322
38323
38325
38329
38329
38340
38351
38362
38375
38381
38389
38389
38392
38396
38403
38406
38408
38409
38411
38418
38422
38423
38442
38444
38454
38466
38468
38479
38483
38484
38493
38497
38501
38501
38510
38516
38562
38568
38574
38576
38580
38587
38592
38607
38612
38613
38618
38634
38644
38645
38646
38657
38667
38667
38679
38700
38700
38706
38712
38714
38716
38716
38717
38728
38747
38757
38760
38763
38765
38771
38774
38788
38792
38800
38805
38808
38816
38820
38820
38830
38838
38838
38840
38849
38859
38867
38872
38874
38880
38894
38896
38896
38897
38901
38903
38917
38919
38920
38927
38928
38929
38929
38938
38940
38948
38955
38958
38965
38968
38972
38978
38979
38991
38991
38994
38998
38999
38999
39001
39013
39017
39025
39040
39042
39042
39043
39044
39047
39049
39052
39053
39055
39057
39061
39067
39102
39109
39120
39122
39134
39135
39139
39141
39144
39153
39158
39163
39166
39166
39170
39170
39174
39179
39180
39188
39190
39205
39209
39218
39222
39227
39230
39231
39235
39239
39243
39249
39249
39261
39262
39272
39284
39288
39298
39299
39304
39305
39306
39308
39316
39321
39324
39328
39328
39329
39330
39333
39338
39358
39361
39362
39367
39367
39374
39378
39391
39397
39404
39409
39412
39416
39428
39429
39429
39431
39437
39440
39453
39454
39456
39464
39466
39469
39474
39475
39476
39478
39480
39487
39492
39497
39506
39513
39517
39525
39536
39541
39545
39545
39549
39549
39549
39550
39565
39573
39575
39578
39580
39582
39586
39588
39594
39597
39599
39601
39605
39605
39606
39609
39611
39615
39626
39633
39649
39667
39670
39675
39685
39688
39704
39705
39706
39713
39720
39722
39730
39733
39743
39749
39755
39758
39762
39767
39768
39780
39782
39786
39805
39808
39810
39813
39817
39832
39834
39845
39852
39854
39858
39861
39861
39863
39866
39870
39874
39875
39881
39886
39889
39895
39905
39910
39915
39916
39920
39945
39952
39965
39966
39972
39977
39977
39990
39993
39995
40002
40002
40004
40005
40015
40021
40021
40028
40031
40053
40063
40065
40069
40091
40102
40114
40114
40117
40119
40121
40121
40124
40126
40128
40129
40132
40145
40147
40159
40166
40169
40176
40179
40209
40214
40219
40224
40247
40247
40250
40271
40280
40285
40291
40293
40293
40327
40330
40337
40341
40343
40359
40362
40363
40365
40367
40393
40395
40397
40397
40397
40398
40400
40408
40410
40419
40419
40422
40448
40449
40449
40453
40454
40470
40472
40474
40475
40476
40488
40492
40505
40506
40506
40512
40520
40527
40529
40544
40545
40548
40560
40560
40561
40563
40568
40570
40571
40581
40591
40593
40597
40599
40601
40607
40616
40617
40622
40628
40634
40641
40655
40658
40660
40668
40669
40670
40671
40672
40693
40693
40700
40708
40708
40720
40721
40721
40721
40723
40734
40734
40749
40751
40763
40767
40767
40769
40772
40783
40786
40790
40791
40832
40841
40845
40846
40890
40892
40895
40897
40907
40943
40954
40956
40956
40959
40965
40976
40976
41000
41019
41025
41026
41032
41045
41048
41050
41064
41086
41086
41096
41101
41111
41113
41130
41155
41179
41181
41181
41195
41207
41209
41214
41222
41223
41224
41226
41234
41234
41235
41237
41243
41254
41261
41264
41281
41284
41287
41295
41296
41305
41306
41307
41315
41336
41337
41365
41368
41369
41394
41399
41403
41411
41416
41422
41426
41428
41432
41439
41439
41448
41452
41467
41471
41476
41479
41479
41480
41483
41488
41497
41506
41520
41526
41528
41542
41554
41566
41574
41582
41587
41613
41622
41632
41649
41651
41654
41657
41659
41670
41679
41690
41697
41729
41731
41737
41751
41761
41775
41778
41779
41790
41827
41829
41879
41879
41889
41919
41944
41947
41956
41962
41966
41972
41978
41987
41989
41994
41996
41998
42022
42061
42074
42087
42088
42090
42113
42120
42134
42150
42153
42166
42187
42190
42209
42210
42247
42257
42262
42286
42305
42307
42336
42337
42385
42402
42472
42504
42516
42546
42550
42579
42580
42591
42596
42605
42652
42710
42721
42727
42738
42750
42783
42790
42799
42807
42879
42886
42906
42906
42916
42919
42921
42936
42958
42959
42981
43015
43026
43062
43104
43126
43157
43174
43194
43216
43235
43240
43248
43283
43319
43338
43347
43354
43397
43405
43466
43469
43531
43602
43627
43678
43758
43884
43925
44077
44080
44216
44231
44307
44624
44706
44729
44840
44887
45329
45980
46109
46788
46825
47330
48448
48811
49797
