11159
11477
11754
11792
11849
11856
11948
11957
11962
12032
12065
12135
12135
12142
12161
12163
12178
12190
12239
12297
12322
12329
12335
12350
12424
12437
12455
12470
12504
12518
12519
12532
12535
12545
12548
12553
12590
12634
12660
12668
12673
12696
12714
12716
12720
12738
12761
12764
12782
12801
12829
12896
12930
12933
12938
12952
12962
12968
12999
13063
13109
13115
13148
13162
13168
13181
13218
13236
13279
13304
13319
13322
13328
13335
13373
13419
13453
13488
13502
13518
13547
13627
13675
13679
13719
13752
13757
13769
13771
13802
13839
13844
13851
13855
13861
13885
13891
13893
13896
13900
13906
13907
13946
13950
13994
14033
14067
14079
14100
14104
14120
14120
14127
14184
14203
14212
14228
14235
14238
14265
14284
14295
14297
14301
14349
14367
14385
14410
14454
14457
14476
14477
14499
14546
14568
14584
14599
14617
14633
14642
14689
14777
14779
14803
14823
14830
14839
14840
14850
14860
14872
14887
14894
14896
14897
14911
14919
14928
14941
14960
14967
14974
14986
14989
15017
15022
15023
15025
15030
15042
15050
15058
15066
15079
15082
15088
15097
15099
15127
15137
15160
15173
15176
15193
15211
15213
15214
15222
15231
15238
15243
15246
15246
15248
15251
15252
15252
15260
15278
15303
15331
15340
15347
15359
15362
15365
15380
15398
15398
15436
15449
15463
15472
15473
15478
15479
15483
15493
15495
15513
15516
15517
15529
15545
15547
15549
15574
15576
15585
15602
15603
15604
15604
15607
15626
15636
15637
15648
15658
15662
15674
15679
15689
15691
15707
15713
15714
15724
15737
15743
15746
15759
15763
15765
15788
15792
15793
15795
15830
15840
15849
15862
15869
15874
15874
15877
15880
15882
15909
15913
15919
15947
15948
15963
15966
15985
15988
15998
16015
16026
16027
16027
16033
16048
16055
16061
16064
16068
16072
16075
16080
16092
16096
16107
16108
16115
16117
16118
16131
16148
16157
16161
16169
16182
16183
16184
16186
16192
16194
16197
16204
16213
16223
16226
16226
16229
16240
16240
16256
16257
16276
16286
16294
16310
16311
16312
16316
16318
16322
16323
16340
16341
16358
16365
16370
16371
16382
16395
16397
16399
16415
16417
16427
16464
16464
16474
16479
16487
16488
16492
16501
16501
16502
16504
16506
16510
16512
16520
16530
16532
16546
16549
16553
16556
16560
16562
16563
16586
16587
16595
16596
16599
16599
16600
16602
16603
16609
16609
16610
16613
16617
16617
16617
16620
16629
16634
16635
16648
16654
16657
16657
16671
16677
16679
16685
16686
16704
16706
16706
16715
16715
16719
16721
16723
16728
16734
16735
16738
16749
16754
16764
16765
16768
16770
16772
16777
16780
16784
16787
16789
16790
16796
16797
16799
16801
16804
16815
16819
16827
16827
16827
16827
16835
16836
16838
16846
16851
16857
16860
16867
16868
16872
16875
16880
16880
16881
16881
16885
16890
16909
16910
16912
16914
16915
16920
16922
16923
16926
16930
16933
16934
16941
16942
16943
16944
16948
16949
16951
16959
16964
16967
16969
16971
16976
16978
16978
16979
16980
16987
16998
16998
17008
17009
17017
17023
17024
17025
17035
17037
17037
17043
17047
17051
17058
17063
17068
17076
17077
17078
17083
17086
17087
17093
17097
17099
17100
17107
17111
17119
17127
17133
17135
17137
17140
17143
17146
17147
17152
17153
17157
17161
17167
17168
17170
17173
17177
17181
17183
17186
17196
17204
17205
17208
17211
17214
17218
17220
17223
17225
17227
17238
17242
17251
17257
17260
17264
17270
17270
17283
17285
17288
17294
17296
17297
17304
17307
17307
17312
17318
17318
17323
17333
17335
17336
17337
17340
17351
17356
17357
17363
17365
17366
17373
17375
17384
17386
17388
17390
17394
17396
17404
17408
17409
17415
17416
17417
17418
17419
17420
17424
17431
17434
17434
17441
17443
17444
17447
17449
17458
17473
17480
17482
17483
17490
17505
17506
17513
17516
17519
17532
17540
17543
17545
17547
17548
17549
17556
17560
17562
17562
17563
17567
17568
17570
17571
17572
17576
17581
17581
17588
17590
17590
17593
17599
17604
17609
17630
17630
17631
17631
17635
17635
17636
17638
17642
17648
17650
17653
17654
17667
17667
17677
17680
17681
17683
17683
17684
17691
17701
17702
17710
17718
17720
17724
17741
17742
17743
17743
17744
17745
17748
17749
17751
17751
17758
17760
17761
17766
17766
17767
17769
17774
17783
17785
17785
17789
17791
17799
17809
17812
17817
17827
17829
17832
17837
17839
17840
17840
17841
17846
17849
17850
17852
17856
17857
17859
17860
17862
17867
17874
17881
17883
17883
17888
17898
17901
17910
17911
17927
17927
17929
17929
17933
17940
17941
17949
17949
17951
17953
17956
17958
17965
17965
17966
17966
17970
17973
17973
17978
17979
17980
17985
17993
18012
18013
18018
18023
18036
18048
18050
18053
18053
18055
18065
18068
18069
18070
18071
18074
18079
18080
18086
18099
18104
18109
18114
18116
18126
18128
18130
18137
18139
18146
18146
18149
18153
18154
18166
18168
18169
18171
18171
18174
18176
18179
18179
18184
18187
18191
18193
18194
18196
18203
18203
18208
18209
18211
18213
18221
18222
18224
18234
18238
18246
18246
18250
18256
18261
18265
18268
18274
18278
18280
18281
18281
18282
18284
18286
18289
18292
18297
18297
18303
18308
18308
18310
18312
18321
18324
18324
18329
18336
18347
18356
18356
18361
18366
18370
18390
18391
18394
18399
18406
18407
18417
18418
18419
18424
18425
18433
18434
18444
18452
18457
18458
18459
18470
18508
18518
18518
18520
18524
18530
18535
18535
18540
18545
18546
18550
18575
18576
18585
18590
18603
18603
18620
18621
18622
18623
18629
18630
18633
18633
18635
18645
18647
18652
18653
18667
18680
18687
18692
18692
18697
18703
18706
18707
18711
18744
18747
18749
18751
18754
18764
18770
18774
18784
18785
18787
18798
18819
18826
18832
18837
18841
18846
18847
18849
18875
18876
18878
18878
18887
18895
18904
18913
18915
18926
18943
18948
18961
18962
18979
18986
18993
19003
19029
19034
19042
19047
19062
19079
19114
19121
19121
19121
19144
19148
19158
19165
19210
19219
19235
19272
19283
19288
19289
19303
19318
19335
19345
19350
19357
19415
19428
19476
19528
19536
19542
19557
19557
19561
19605
19614
19625
19681
19689
19697
19704
19710
19748
19752
19754
19778
19784
19791
19816
19849
19871
19991
20051
20179
20333
20367
20445
20565
20607
21186
21246
22577
