20095
20543
20578
21084
21085
21086
21288
21354
21381
21472
21632
21791
21879
21992
22068
22137
22158
22177
22229
22233
22300
22324
22358
22407
22460
22493
22551
22551
22591
22611
22618
22619
22628
22673
22673
22690
22695
22707
22712
22712
22759
22760
22771
22772
22776
22777
22782
22801
22802
22815
22830
22840
22867
22883
22883
22884
22891
22903
22905
22923
22932
22940
22948
22960
22962
22963
22969
22980
22981
22984
22985
22986
22993
22997
23009
23010
23013
23014
23022
23031
23035
23051
23051
23055
23074
23074
23074
23075
23085
23093
23095
23103
23116
23119
23139
23139
23140
23140
23143
23147
23154
23155
23155
23163
23172
23179
23181
23185
23204
23205
23209
23219
23225
23233
23239
23240
23249
23253
23255
23257
23258
23272
23275
23275
23284
23288
23304
23307
23323
23324
23329
23332
23336
23336
23338
23341
23342
23343
23347
23353
23361
23363
23363
23365
23367
23369
23378
23383
23388
23394
23395
23399
23403
23408
23408
23410
23416
23418
23424
23433
23437
23437
23442
23447
23452
23458
23463
23471
23471
23479
23481
23487
23488
23493
23501
23506
23508
23511
23528
23534
23534
23538
23539
23542
23545
23548
23549
23555
23562
23562
23562
23565
23567
23568
23585
23588
23590
23595
23599
23611
23613
23614
23639
23641
23643
23644
23650
23653
23671
23673
23678
23680
23682
23684
23684
23684
23694
23696
23699
23713
23715
23715
23719
23725
23731
23738
23757
23766
23771
23782
23786
23788
23789
23792
23794
23796
23797
23806
23808
23809
23817
23820
23820
23823
23827
23835
23837
23838
23845
23851
23857
23858
23860
23865
23866
23869
23876
23891
23894
23901
23906
23923
23926
23932
23934
23937
23937
23938
23941
23941
23947
23956
23959
23977
23979
23980
23989
24003
24004
24005
24007
24010
24013
24024
24027
24028
24030
24041
24042
24046
24047
24050
24052
24052
24054
24055
24056
24056
24066
24066
24082
24083
24086
24088
24089
24096
24100
24112
24117
24117
24122
24127
24140
24143
24144
24144
24148
24148
24155
24157
24158
24158
24160
24163
24167
24170
24179
24180
24193
24198
24200
24212
24238
24242
24244
24250
24256
24260
24270
24277
24278
24280
24284
24287
24291
24296
24298
24317
24317
24326
24329
24335
24339
24350
24350
24353
24353
24357
24373
24375
24379
24385
24402
24406
24411
24416
24421
24421
24425
24425
24433
24443
24444
24445
24446
24457
24457
24463
24466
24470
24479
24483
24492
24494
24495
24499
24511
24512
24517
24525
24528
24529
24535
24539
24545
24545
24547
24552
24553
24561
24562
24568
24569
24573
24580
24586
24601
24603
24615
24615
24615
24617
24645
24649
24665
24673
24674
24679
24682
24684
24685
24688
24691
24694
24699
24708
24709
24730
24738
24740
24742
24742
24745
24748
24760
24762
24762
24773
24782
24804
24817
24818
24823
24834
24841
24845
24849
24851
24857
24863
24866
24873
24873
24875
24877
24877
24888
24891
24892
24921
24925
24927
24939
24939
24941
24949
24951
24953
24960
24961
24963
24965
24967
24967
24970
24976
24982
24991
24996
24998
24999
25018
25020
25025
25025
25031
25036
25038
25041
25056
25057
25058
25061
25067
25071
25076
25082
25091
25094
25095
25101
25106
25110
25111
25113
25116
25123
25131
25131
25159
25159
25163
25173
25198
25199
25202
25218
25223
25226
25226
25231
25233
25243
25244
25244
25257
25259
25265
25268
25268
25268
25269
25276
25281
25296
25298
25299
25301
25302
25303
25306
25313
25319
25321
25325
25332
25343
25344
25353
25355
25359
25362
25364
25364
25367
25368
25369
25373
25374
25375
25380
25386
25388
25392
25398
25405
25406
25414
25416
25418
25419
25425
25426
25427
25439
25451
25457
25457
25457
25458
25462
25479
25481
25489
25498
25508
25514
25519
25521
25526
25530
25534
25534
25537
25546
25550
25550
25552
25557
25560
25563
25564
25565
25572
25576
25581
25582
25587
25588
25588
25590
25599
25605
25607
25608
25611
25617
25621
25629
25638
25641
25651
25660
25660
25667
25667
25673
25676
25676
25682
25684
25690
25691
25695
25697
25703
25703
25706
25713
25713
25714
25716
25720
25722
25724
25734
25736
25737
25739
25741
25749
25751
25753
25753
25763
25769
25782
25785
25786
25789
25795
25797
25803
25803
25807
25807
25809
25828
25831
25831
25831
25834
25835
25835
25838
25839
25843
25849
25855
25864
25867
25869
25870
25883
25883
25884
25891
25891
25900
25903
25903
25905
25910
25910
25916
25917
25919
25922
25927
25928
25941
25949
25960
25963
25978
25981
25984
25990
25990
25993
25994
26002
26006
26011
26013
26018
26018
26021
26021
26024
26028
26036
26037
26039
26041
26041
26044
26047
26056
26058
26061
26066
26069
26070
26070
26073
26076
26079
26081
26082
26087
26088
26096
26097
26099
26104
26111
26113
26113
26118
26121
26128
26132
26133
26137
26137
26149
26152
26165
26168
26169
26169
26172
26173
26180
26181
26183
26184
26187
26188
26203
26204
26206
26207
26213
26214
26216
26219
26224
26224
26224
26226
26244
26255
26256
26258
26266
26269
26272
26274
26278
26279
26281
26284
26288
26298
26298
26300
26311
26317
26347
26349
26349
26350
26353
26355
26356
26363
26368
26368
26373
26376
26378
26382
26386
26388
26391
26394
26401
26403
26404
26407
26414
26415
26418
26426
26433
26434
26435
26472
26473
26476
26476
26478
26479
26479
26480
26500
26512
26517
26518
26520
26524
26542
26542
26548
26549
26551
26557
26558
26562
26577
26588
26590
26598
26606
26613
26625
26625
26630
26642
26648
26650
26654
26664
26666
26670
26671
26671
26695
26698
26703
26718
26733
26737
26743
26763
26764
26793
26795
26813
26820
26823
26826
26836
26837
26838
26843
26844
26844
26844
26862
26874
26884
26920
26924
26933
26959
26994
26995
26996
27012
27013
27014
27016
27047
27067
27069
27084
27084
27092
27114
27116
27118
27124
27127
27152
27155
27157
27163
27174
27187
27201
27205
27226
27236
27271
27296
27303
27303
27328
27392
27400
27447
27454
27455
27465
27472
27489
27533
27533
27555
27564
27571
27605
27651
27732
27734
27745
27754
27765
27792
27792
27808
27829
27851
27864
27888
27910
27942
27971
27978
27986
28036
28040
28053
28056
28084
28230
28231
28233
28276
28276
28295
28342
28343
28421
28445
28556
28565
28746
28846
28914
28943
29069
29090
29204
29235
29284
29344
29488
29841
29927
29934
30190
30210
30600
30949
31418
32203
