10027
10292
10306
10313
10440
10459
10464
10477
10490
10505
10531
10539
10556
10574
10615
10617
10648
10650
10677
10677
10693
10707
10713
10734
10744
10749
10758
10760
10802
10811
10814
10821
10829
10835
10840
10845
10850
10866
10869
10870
10872
10873
10878
10880
10885
10890
10899
10913
10914
10921
10933
10944
10948
10951
10954
10958
10959
10960
10961
10962
10965
10966
10977
10984
10986
10988
10998
11003
11004
11022
11026
11026
11027
11030
11030
11033
11041
11046
11060
11072
11080
11082
11085
11085
11096
11112
11118
11121
11124
11130
11133
11143
11145
11162
11165
11172
11174
11185
11185
11187
11188
11189
11192
11192
11194
11206
11212
11213
11236
11237
11240
11241
11249
11253
11254
11257
11259
11261
11262
11268
11272
11275
11279
11286
11287
11289
11291
11294
11296
11301
11308
11325
11335
11338
11356
11359
11360
11363
11366
11369
11375
11375
11380
11381
11383
11384
11384
11405
11405
11407
11410
11424
11437
11439
11441
11443
11444
11449
11451
11454
11455
11463
11465
11467
11467
11470
11471
11473
11474
11477
11478
11491
11494
11499
11504
11505
11505
11510
11512
11516
11521
11523
11526
11528
11539
11540
11542
11551
11552
11556
11559
11560
11564
11565
11566
11569
11571
11574
11579
11580
11584
11594
11594
11597
11603
11608
11618
11623
11623
11624
11626
11635
11637
11637
11646
11653
11655
11656
11660
11661
11661
11666
11673
11678
11680
11680
11694
11696
11696
11698
11699
11700
11703
11709
11716
11730
11733
11733
11738
11741
11746
11746
11749
11755
11757
11759
11766
11776
11778
11780
11781
11787
11792
11793
11794
11798
11802
11802
11808
11809
11809
11811
11812
11813
11815
11825
11826
11828
11829
11832
11832
11833
11834
11835
11837
11839
11842
11843
11844
11849
11858
11865
11867
11868
11868
11869
11872
11874
11874
11878
11879
11884
11891
11893
11896
11898
11901
11904
11905
11905
11906
11908
11909
11911
11916
11923
11923
11931
11931
11937
11939
11942
11942
11942
11943
11943
11945
11949
11950
11954
11954
11959
11960
11961
11963
11967
11967
11969
11969
11972
11972
11973
11976
11976
11978
11979
11979
11981
11982
11983
11985
11986
11990
11991
11993
11996
11997
11998
12000
12001
12002
12002
12003
12004
12004
12010
12013
12015
12017
12021
12024
12024
12026
12026
12027
12028
12030
12033
12047
12047
12049
12060
12060
12062
12066
12069
12074
12076
12076
12078
12080
12081
12082
12085
12085
12087
12088
12090
12090
12091
12091
12093
12094
12098
12101
12104
12106
12107
12108
12108
12109
12111
12113
12114
12115
12116
12117
12117
12118
12118
12120
12120
12123
12125
12128
12129
12131
12131
12132
12134
12134
12137
12138
12138
12139
12139
12141
12142
12143
12146
12147
12148
12154
12154
12155
12160
12160
12162
12167
12170
12173
12176
12176
12177
12178
12179
12180
12181
12184
12185
12187
12187
12192
12199
12202
12205
12207
12207
12210
12211
12213
12218
12219
12220
12221
12222
12223
12229
12230
12234
12237
12239
12241
12244
12246
12246
12248
12249
12249
12253
12259
12263
12264
12267
12267
12274
12275
12276
12283
12285
12286
12286
12286
12287
12287
12287
12288
12293
12296
12299
12299
12303
12304
12304
12305
12307
12317
12318
12318
12319
12320
12321
12323
12325
12327
12332
12334
12335
12336
12336
12338
12338
12339
12340
12340
12341
12342
12342
12346
12346
12347
12350
12351
12354
12355
12355
12357
12358
12362
12363
12365
12367
12369
12372
12373
12374
12375
12377
12378
12379
12381
12382
12382
12384
12385
12386
12389
12399
12403
12404
12405
12406
12408
12411
12412
12413
12414
12421
12424
12428
12429
12430
12430
12431
12433
12433
12434
12437
12438
12438
12439
12440
12446
12449
12455
12457
12458
12464
12466
12467
12468
12470
12472
12473
12474
12476
12479
12482
12482
12483
12483
12485
12485
12487
12487
12490
12498
12498
12499
12503
12503
12505
12507
12507
12513
12515
12518
12520
12523
12524
12527
12528
12531
12532
12532
12538
12548
12556
12562
12568
12568
12570
12570
12573
12574
12578
12578
12583
12588
12595
12598
12599
12600
12600
12603
12605
12606
12610
12613
12619
12619
12619
12621
12622
12623
12623
12624
12625
12626
12628
12629
12631
12631
12633
12635
12636
12638
12641
12647
12647
12649
12650
12657
12657
12662
12664
12666
12667
12668
12669
12670
12670
12674
12677
12682
12684
12685
12688
12689
12691
12693
12699
12699
12700
12700
12702
12705
12705
12713
12713
12713
12715
12717
12718
12721
12722
12723
12723
12725
12734
12737
12740
12743
12745
12747
12747
12751
12752
12753
12754
12755
12757
12760
12763
12767
12770
12771
12772
12773
12774
12777
12779
12784
12785
12790
12794
12794
12796
12806
12809
12811
12813
12813
12815
12821
12822
12823
12823
12827
12827
12828
12831
12837
12838
12840
12843
12843
12846
12848
12849
12850
12850
12852
12855
12855
12860
12864
12867
12875
12877
12877
12879
12881
12892
12892
12893
12894
12895
12897
12904
12907
12909
12910
12910
12910
12910
12911
12918
12920
12921
12922
12923
12925
12927
12928
12931
12936
12946
12949
12952
12955
12955
12960
12963
12963
12966
12968
12973
12973
12977
12978
12981
12982
12983
12986
12987
13001
13017
13017
13019
13020
13024
13026
13026
13028
13032
13032
13040
13042
13046
13060
13062
13065
13070
13072
13073
13074
13076
13076
13082
13082
13083
13089
13089
13090
13091
13092
13105
13106
13116
13127
13141
13144
13146
13153
13153
13156
13156
13157
13157
13160
13165
13166
13166
13167
13180
13186
13188
13189
13200
13201
13202
13205
13206
13210
13214
13226
13229
13230
13237
13238
13257
13258
13259
13262
13267
13268
13272
13273
13277
13279
13282
13283
13286
13294
13299
13302
13305
13315
13321
13324
13332
13334
13335
13338
13341
13345
13347
13349
13352
13353
13362
13363
13370
13385
13388
13390
13392
13402
13403
13407
13410
13416
13428
13440
13445
13448
13463
13470
13492
13505
13509
13518
13523
13530
13532
13537
13553
13560
13561
13568
13569
13579
13583
13590
13600
13600
13600
13602
13642
13646
13657
13671
13708
13722
13737
13746
13748
13791
13820
13832
13835
13854
13854
13863
13882
13883
13886
13914
13953
14019
14057
14057
14063
14090
14169
14223
14257
14268
14276
14386
14477
14490
14534
14596
14652
14727
14739
14744
14779
14815
14922
14927
14999
15201
15320
15403
15633
15724
16197
