13326
13425
13543
13559
13883
13993
14064
14194
14219
14243
14314
14363
14392
14420
14433
14496
14566
14569
14637
14652
14675
14692
14696
14722
14738
14747
14775
14793
14830
14892
14928
15009
15013
15035
15044
15085
15098
15100
15222
15238
15243
15262
15267
15270
15275
15276
15282
15282
15287
15323
15325
15347
15358
15387
15405
15440
15452
15476
15501
15520
15574
15574
15584
15620
15620
15637
15645
15652
15660
15768
15826
15845
15853
15891
15959
15960
15963
15970
15971
15996
16023
16038
16051
16064
16074
16093
16111
16119
16164
16165
16185
16203
16218
16219
16228
16261
16270
16276
16295
16314
16321
16341
16361
16393
16399
16403
16413
16415
16433
16443
16455
16456
16472
16512
16525
16532
16538
16547
16554
16558
16575
16588
16596
16607
16705
16718
16737
16771
16787
16802
16819
16855
16860
16863
16864
16881
16928
16932
16941
16957
16966
17005
17008
17058
17062
17087
17096
17100
17145
17201
17248
17262
17263
17319
17336
17346
17387
17415
17419
17419
17424
17426
17427
17434
17458
17510
17551
17558
17574
17575
17589
17595
17604
17610
17631
17635
17643
17663
17679
17694
17710
17725
17737
17738
17743
17764
17764
17770
17772
17775
17789
17800
17810
17811
17824
17826
17831
17831
17833
17840
17852
17859
17861
17862
17896
17898
17922
17944
17945
17955
17957
17972
17986
18055
18073
18075
18080
18087
18097
18132
18135
18145
18150
18166
18171
18174
18178
18179
18182
18183
18187
18189
18192
18197
18216
18219
18228
18253
18304
18305
18308
18309
18310
18353
18359
18370
18373
18374
18379
18385
18396
18417
18422
18432
18437
18440
18444
18447
18458
18460
18462
18483
18486
18493
18495
18497
18528
18531
18547
18554
18554
18555
18558
18570
18576
18579
18585
18585
18586
18587
18589
18591
18603
18609
18611
18625
18629
18633
18644
18655
18656
18671
18677
18679
18680
18700
18702
18704
18705
18714
18720
18722
18726
18727
18730
18745
18747
18751
18756
18764
18769
18780
18789
18792
18819
18823
18843
18845
18846
18854
18855
18856
18865
18882
18895
18895
18897
18899
18905
18911
18915
18916
18919
18921
18921
18926
18931
18932
18935
18949
18952
18956
18959
18967
18981
18981
18986
18990
18992
18995
18995
19013
19014
19016
19018
19019
19019
19021
19021
19022
19023
19028
19038
19042
19042
19048
19052
19054
19056
19059
19059
19063
19074
19079
19083
19092
19096
19100
19103
19103
19105
19112
19113
19114
19122
19126
19136
19138
19146
19152
19158
19159
19168
19169
19169
19172
19174
19177
19178
19183
19184
19199
19202
19213
19217
19221
19226
19227
19233
19236
19245
19255
19255
19255
19261
19262
19268
19269
19280
19283
19284
19284
19286
19287
19291
19296
19312
19312
19318
19325
19335
19336
19336
19342
19344
19349
19350
19353
19354
19359
19361
19364
19365
19369
19370
19378
19383
19394
19396
19400
19404
19405
19411
19412
19424
19425
19426
19441
19447
19448
19449
19450
19461
19462
19464
19473
19475
19479
19479
19484
19492
19493
19495
19497
19500
19504
19517
19525
19526
19527
19532
19534
19537
19545
19548
19558
19559
19561
19573
19577
19580
19591
19597
19598
19601
19614
19617
19618
19621
19625
19636
19637
19637
19643
19646
19649
19652
19653
19661
19666
19673
19676
19677
19683
19684
19693
19694
19694
19701
19703
19706
19706
19708
19721
19724
19727
19730
19733
19738
19743
19750
19754
19754
19756
19756
19760
19764
19772
19775
19779
19784
19785
19790
19791
19793
19794
19808
19813
19813
19815
19815
19816
19816
19820
19822
19824
19824
19829
19832
19836
19838
19838
19842
19843
19843
19843
19845
19855
19859
19864
19866
19868
19869
19870
19871
19872
19878
19880
19881
19882
19886
19887
19890
19891
19894
19896
19897
19899
19900
19908
19912
19916
19918
19920
19922
19925
19926
19930
19942
19942
19944
19945
19952
19953
19954
19960
19962
19964
19968
19969
19970
19971
19972
19974
19979
19982
19990
19998
20004
20009
20010
20012
20019
20024
20032
20033
20033
20035
20041
20044
20050
20050
20058
20059
20061
20069
20070
20071
20074
20081
20081
20093
20098
20100
20101
20101
20103
20104
20106
20107
20108
20110
20114
20117
20117
20118
20118
20122
20123
20126
20128
20128
20131
20133
20134
20139
20144
20145
20149
20167
20170
20170
20175
20184
20187
20187
20188
20189
20196
20201
20208
20214
20216
20220
20221
20223
20224
20224
20225
20230
20232
20235
20236
20236
20237
20244
20247
20249
20250
20252
20254
20254
20258
20262
20264
20265
20269
20271
20274
20277
20279
20284
20284
20295
20297
20298
20301
20303
20307
20313
20314
20322
20325
20329
20336
20342
20344
20347
20349
20352
20354
20358
20358
20360
20364
20365
20366
20367
20367
20376
20379
20386
20393
20393
20398
20399
20405
20406
20410
20411
20414
20416
20418
20428
20429
20434
20447
20448
20457
20462
20462
20465
20467
20470
20471
20472
20474
20477
20479
20479
20481
20484
20484
20486
20487
20488
20489
20490
20492
20498
20504
20504
20507
20509
20511
20511
20516
20516
20523
20533
20534
20541
20552
20561
20563
20563
20564
20566
20567
20567
20579
20580
20586
20591
20603
20604
20606
20611
20618
20620
20628
20634
20635
20636
20649
20656
20663
20672
20673
20679
20679
20686
20692
20693
20702
20716
20720
20725
20731
20732
20733
20740
20749
20754
20761
20764
20770
20771
20778
20781
20787
20789
20792
20796
20800
20804
20806
20813
20826
20829
20831
20833
20833
20835
20839
20857
20863
20875
20878
20885
20886
20887
20902
20913
20926
20927
20949
20956
20962
20974
20978
20978
20981
20981
20984
20989
20990
21000
21001
21004
21004
21007
21008
21008
21012
21013
21026
21031
21036
21045
21054
21060
21063
21074
21081
21089
21095
21100
21101
21103
21104
21124
21127
21135
21141
21151
21157
21159
21164
21167
21172
21185
21186
21186
21187
21193
21195
21202
21203
21206
21207
21214
21217
21234
21268
21284
21292
21293
21296
21304
21305
21308
21310
21317
21325
21333
21338
21353
21358
21359
21364
21366
21407
21411
21417
21424
21434
21456
21456
21461
21463
21475
21478
21494
21496
21499
21506
21512
21544
21550
21577
21577
21581
21585
21615
21656
21677
21694
21748
21751
21752
21760
21761
21792
21798
21810
21838
21871
21933
21947
21984
22004
22052
22074
22079
22104
22106
22162
22337
22383
22410
22448
22458
22478
22573
22624
23546
24109
25115
26839
