47583
47664
47754
47780
47830
47859
47910
47968
48128
48174
48199
48226
48228
48383
48387
48477
48495
48513
48520
48544
48563
48623
48637
48641
48686
48688
48720
48786
48786
48822
48838
48843
48892
48903
48925
48927
48933
48952
48987
48988
49029
49034
49073
49104
49132
49149
49168
49179
49222
49225
49236
49238
49242
49252
49255
49258
49262
49299
49324
49329
49348
49361
49371
49372
49373
49444
49451
49472
49508
49526
49538
49539
49545
49546
49547
49582
49584
49593
49595
49600
49604
49609
49613
49615
49625
49635
49639
49647
49650
49660
49661
49663
49671
49678
49680
49688
49692
49697
49713
49716
49721
49722
49740
49748
49763
49767
49768
49772
49777
49791
49796
49798
49818
49834
49841
49845
49859
49859
49861
49864
49873
49877
49900
49902
49908
49913
49931
49935
49945
49952
49954
49965
49968
49968
49969
49972
49974
49982
49984
49990
49998
50005
50013
50016
50017
50018
50019
50019
50027
50028
50036
50037
50037
50037
50041
50042
50044
50054
50057
50061
50065
50069
50073
50075
50076
50081
50083
50084
50084
50084
50087
50094
50097
50103
50123
50125
50127
50127
50136
50144
50145
50148
50152
50153
50154
50164
50169
50183
50190
50196
50199
50200
50210
50213
50213
50226
50227
50238
50238
50242
50250
50254
50265
50268
50269
50278
50280
50289
50295
50300
50304
50306
50312
50314
50318
50319
50327
50329
50330
50334
50337
50342
50345
50349
50352
50358
50360
50361
50362
50363
50363
50376
50382
50392
50397
50401
50409
50411
50414
50419
50419
50421
50426
50432
50433
50434
50437
50438
50440
50441
50444
50451
50454
50455
50461
50464
50466
50472
50473
50476
50477
50478
50482
50486
50487
50488
50495
50507
50508
50509
50515
50517
50522
50523
50524
50527
50529
50529
50530
50532
50535
50537
50542
50546
50546
50549
50553
50555
50560
50562
50562
50574
50575
50576
50578
50588
50594
50597
50598
50603
50603
50608
50608
50608
50610
50612
50618
50621
50622
50622
50623
50625
50628
50630
50631
50635
50637
50648
50650
50652
50658
50659
50659
50661
50668
50673
50677
50679
50680
50682
50684
50687
50688
50689
50706
50711
50713
50713
50715
50715
50716
50719
50722
50729
50731
50736
50737
50743
50746
50748
50748
50751
50752
50757
50768
50768
50770
50772
50773
50776
50782
50789
50791
50792
50795
50802
50802
50803
50803
50804
50817
50824
50828
50830
50833
50833
50833
50835
50838
50838
50839
50840
50840
50841
50843
50844
50846
50852
50853
50855
50858
50859
50859
50860
50864
50866
50868
50871
50871
50872
50876
50880
50881
50881
50884
50884
50894
50896
50899
50900
50902
50906
50907
50908
50910
50912
50917
50917
50917
50918
50920
50921
50924
50924
50932
50933
50936
50936
50937
50937
50941
50945
50947
50947
50949
50953
50954
50955
50957
50964
50970
50975
50976
50977
50978
50979
50979
50980
50982
50984
50985
50989
50989
50993
50994
50996
51002
51002
51002
51005
51005
51009
51010
51011
51015
51021
51024
51025
51029
51030
51030
51031
51042
51042
51046
51048
51048
51059
51059
51060
51063
51064
51065
51065
51067
51068
51073
51074
51076
51076
51080
51080
51082
51083
51087
51091
51096
51097
51101
51103
51105
51109
51110
51112
51113
51113
51114
51118
51119
51126
51128
51130
51130
51134
51140
51141
51142
51143
51151
51151
51154
51155
51157
51161
51169
51169
51178
51180
51180
51181
51181
51182
51183
51184
51184
51185
51186
51191
51195
51198
51201
51201
51211
51213
51215
51215
51215
51217
51219
51221
51222
51224
51225
51226
51228
51236
51236
51240
51240
51243
51245
51246
51255
51256
51259
51261
51262
51269
51269
51271
51273
51274
51275
51276
51276
51279
51283
51283
51284
51284
51286
51288
51290
51293
51294
51295
51296
51298
51298
51301
51305
51308
51309
51312
51320
51321
51328
51329
51329
51330
51331
51333
51338
51344
51349
51353
51355
51366
51366
51367
51372
51372
51375
51376
51377
51377
51378
51382
51385
51390
51403
51403
51405
51405
51413
51419
51423
51427
51430
51432
51447
51447
51451
51455
51456
51458
51460
51460
51469
51473
51474
51475
51477
51478
51478
51482
51484
51484
51487
51500
51503
51503
51503
51506
51508
51520
51524
51535
51535
51539
51539
51541
51558
51558
51563
51565
51573
51578
51581
51592
51593
51594
51595
51596
51598
51598
51615
51616
51623
51630
51633
51634
51634
51636
51640
51643
51644
51650
51653
51653
51656
51666
51667
51668
51670
51672
51675
51676
51682
51687
51689
51690
51692
51693
51693
51695
51702
51704
51707
51708
51713
51714
51717
51719
51722
51731
51731
51740
51741
51745
51745
51748
51749
51752
51753
51756
51769
51771
51780
51781
51785
51787
51788
51789
51790
51790
51790
51793
51801
51807
51809
51814
51820
51822
51823
51826
51837
51853
51858
51864
51869
51874
51876
51877
51880
51880
51882
51890
51892
51897
51902
51908
51914
51925
51927
51931
51934
51947
51948
51950
51954
51955
51958
51965
51974
51976
51984
51986
51990
52002
52002
52005
52005
52006
52008
52010
52021
52029
52029
52034
52036
52050
52053
52056
52057
52063
52078
52082
52082
52087
52096
52116
52118
52122
52126
52129
52132
52134
52138
52143
52145
52151
52152
52154
52157
52158
52171
52175
52175
52188
52191
52193
52194
52198
52206
52213
52219
52221
52227
52229
52243
52248
52259
52268
52269
52276
52279
52282
52298
52302
52304
52304
52310
52316
52316
52330
52333
52352
52356
52356
52377
52383
52412
52434
52443
52460
52470
52476
52483
52541
52542
52545
52556
52560
52573
52580
52589
52590
52593
52606
52609
52612
52645
52650
52657
52664
52686
52698
52725
52730
52736
52769
52782
52802
52809
52815
52822
52827
52833
52846
52877
52884
52910
52919
52928
52939
52940
52940
52949
52957
52958
52962
52968
52969
52987
52988
53010
53016
53030
53044
53050
53125
53155
53164
53165
53170
53188
53234
53276
53384
53430
53435
53490
53497
53516
53608
53643
53679
53687
53712
53725
53740
53811
53820
53832
53866
53904
53905
53940
53955
54040
54116
54200
54231
54233
54245
54278
54364
54367
54391
54397
54432
54477
54557
54559
54588
54594
54608
54665
54721
54725
54772
54779
54816
54837
54849
54919
55016
55055
55122
55126
55141
55161
55189
55238
55309
55475
55574
55600
55887
56056
56312
56645
56822
56992
57125
57218
57586
57972
58166
58388
58665
58948
59104
59166
63423
63820
63862
66928
71250
