16547
16574
16581
16788
16798
16804
16825
16844
16896
16956
17005
17020
17033
17061
17124
17184
17238
17366
17418
17475
17496
17535
17539
17562
17577
17595
17623
17641
17655
17659
17664
17676
17676
17680
17682
17708
17710
17721
17733
17750
17750
17758
17769
17791
17813
17815
17830
17846
17853
17864
17865
17868
17869
17880
17890
17934
17948
17958
17960
17960
17971
17981
18015
18069
18070
18070
18103
18107
18112
18115
18142
18156
18192
18201
18201
18205
18217
18219
18228
18231
18261
18261
18262
18291
18306
18310
18314
18326
18332
18402
18406
18408
18421
18423
18432
18440
18446
18457
18476
18484
18508
18536
18547
18561
18573
18585
18611
18635
18642
18643
18644
18696
18699
18704
18735
18775
18793
18795
18796
18857
18859
18876
18910
18916
18924
18939
18964
18980
18981
18994
19000
19003
19032
19035
19058
19058
19072
19093
19101
19116
19117
19124
19135
19137
19141
19147
19151
19152
19154
19165
19173
19174
19180
19184
19195
19195
19204
19210
19220
19223
19228
19245
19250
19252
19254
19265
19268
19272
19273
19277
19278
19281
19288
19291
19309
19309
19315
19317
19322
19328
19330
19334
19348
19350
19351
19354
19359
19366
19368
19379
19392
19394
19398
19403
19418
19421
19430
19436
19442
19443
19451
19459
19470
19470
19473
19481
19482
19485
19489
19490
19533
19534
19544
19549
19566
19578
19579
19582
19588
19591
19603
19607
19612
19613
19617
19620
19625
19636
19677
19703
19714
19733
19742
19749
19762
19763
19768
19783
19784
19785
19789
19807
19808
19814
19828
19833
19848
19852
19859
19859
19866
19872
19873
19873
19874
19886
19893
19894
19895
19895
19903
19909
19918
19920
19921
19924
19931
19944
19968
19970
19972
19978
19991
19992
20034
20035
20042
20064
20067
20075
20078
20096
20097
20098
20106
20107
20109
20111
20120
20128
20141
20153
20159
20159
20164
20171
20173
20174
20174
20178
20185
20191
20194
20200
20212
20216
20222
20224
20225
20227
20232
20235
20236
20238
20254
20273
20276
20287
20293
20293
20293
20296
20297
20317
20321
20329
20329
20335
20347
20351
20353
20375
20377
20380
20386
20387
20393
20401
20411
20430
20431
20439
20454
20461
20463
20465
20466
20469
20469
20471
20474
20479
20482
20491
20497
20503
20510
20513
20524
20532
20535
20536
20538
20540
20542
20545
20546
20546
20557
20561
20566
20581
20582
20586
20589
20592
20597
20605
20608
20610
20613
20618
20620
20624
20626
20639
20641
20647
20647
20652
20659
20660
20662
20666
20671
20674
20675
20678
20682
20689
20693
20696
20705
20710
20721
20736
20737
20747
20754
20769
20769
20772
20784
20795
20796
20797
20816
20817
20820
20820
20821
20823
20825
20828
20829
20834
20843
20847
20854
20855
20855
20857
20858
20859
20872
20878
20880
20882
20882
20883
20883
20889
20901
20901
20903
20905
20909
20910
20915
20917
20918
20919
20922
20924
20924
20932
20932
20944
20947
20950
20958
20960
20964
20965
20971
20978
20990
20990
20997
20999
21022
21025
21027
21031
21033
21033
21041
21044
21046
21046
21051
21063
21067
21074
21079
21082
21086
21086
21098
21102
21107
21113
21127
21134
21135
21138
21141
21143
21143
21156
21159
21165
21179
21185
21188
21189
21191
21191
21192
21201
21213
21218
21220
21223
21242
21251
21258
21258
21266
21268
21269
21270
21272
21275
21276
21279
21297
21305
21310
21312
21321
21331
21334
21336
21340
21340
21348
21354
21358
21358
21366
21378
21387
21387
21398
21403
21404
21404
21408
21410
21412
21413
21422
21424
21428
21429
21430
21433
21434
21443
21444
21445
21458
21459
21459
21462
21465
21467
21478
21479
21479
21490
21497
21497
21501
21502
21510
21512
21515
21516
21522
21524
21524
21525
21529
21530
21535
21542
21548
21562
21567
21568
21569
21571
21571
21574
21581
21582
21584
21585
21586
21592
21597
21597
21603
21605
21609
21609
21611
21611
21625
21630
21630
21632
21640
21646
21647
21652
21654
21660
21664
21666
21667
21686
21687
21690
21696
21704
21710
21716
21720
21724
21742
21744
21748
21754
21755
21755
21759
21766
21766
21768
21779
21784
21786
21799
21802
21811
21818
21818
21828
21831
21838
21843
21845
21852
21858
21862
21868
21871
21878
21882
21889
21892
21904
21909
21913
21915
21917
21921
21922
21930
21936
21940
21946
21951
21952
21962
21963
21963
21963
21967
21971
21974
21979
21980
21980
22012
22014
22014
22017
22022
22029
22031
22032
22032
22041
22051
22052
22053
22057
22063
22068
22076
22080
22080
22085
22085
22090
22092
22100
22101
22107
22118
22120
22126
22129
22129
22131
22141
22155
22175
22175
22181
22182
22190
22197
22204
22216
22221
22223
22227
22228
22233
22238
22244
22251
22253
22258
22275
22277
22291
22295
22301
22302
22302
22305
22313
22323
22325
22327
22330
22333
22338
22339
22341
22351
22360
22375
22376
22390
22402
22403
22406
22411
22412
22416
22418
22419
22419
22429
22431
22449
22451
22453
22453
22455
22484
22486
22497
22510
22517
22519
22533
22545
22553
22559
22573
22574
22576
22582
22592
22596
22603
22605
22607
22613
22618
22621
22627
22630
22639
22648
22654
22655
22672
22678
22679
22691
22697
22700
22703
22709
22709
22717
22731
22740
22742
22742
22742
22745
22760
22767
22769
22776
22779
22780
22788
22793
22793
22797
22814
22845
22850
22852
22869
22871
22891
22901
22903
22906
22906
22914
22919
22924
22935
22936
22936
22944
22947
22952
22963
22964
22964
22967
22968
22977
22977
22979
22981
22985
22987
22998
23019
23022
23025
23026
23028
23028
23037
23048
23055
23062
23077
23082
23083
23087
23096
23099
23099
23105
23121
23137
23151
23163
23175
23185
23204
23206
23210
23218
23219
23227
23239
23240
23276
23277
23279
23296
23297
23304
23306
23307
23317
23321
23322
23343
23346
23349
23351
23355
23359
23373
23382
23389
23397
23420
23433
23438
23452
23457
23466
23493
23496
23522
23527
23539
23576
23580
23580
23596
23643
23645
23657
23697
23697
23707
23712
23756
23803
23807
23815
23832
23839
23851
23898
23910
23950
23974
23977
24004
24005
24031
24041
24058
24071
24095
24113
24155
24157
24190
24200
24201
24206
24210
24254
24269
24326
24338
24397
24433
24446
24459
24519
24580
24614
24649
24674
24678
24682
24708
24716
24724
24797
24801
24824
24826
24829
24832
24838
24912
24922
24951
25344
25998
26496
26809
27086
27612
27657
