658
673
681
682
682
688
693
701
703
704
706
707
707
708
709
709
711
711
712
714
716
718
718
719
720
721
721
722
723
724
725
725
727
727
727
729
729
732
734
734
735
737
739
741
742
742
743
743
743
744
745
746
752
755
755
755
755
756
759
760
760
761
764
765
767
770
770
771
773
774
775
775
776
777
778
788
789
792
793
794
798
800
801
801
802
803
805
809
813
814
819
820
822
823
832
833
836
838
839
840
840
840
841
842
843
843
848
849
850
852
855
856
858
859
859
861
862
866
866
866
867
868
868
871
874
877
882
885
886
887
888
888
889
889
892
893
896
897
897
899
901
902
903
905
906
908
909
911
912
912
914
916
916
918
926
927
932
933
933
934
935
936
938
939
939
940
941
941
942
944
945
946
947
948
948
948
951
957
961
962
963
965
966
968
972
972
974
974
976
977
978
981
986
986
987
989
990
993
995
995
996
1002
1003
1004
1008
1010
1012
1015
1016
1019
1019
1020
1021
1023
1023
1027
1027
1027
1029
1031
1032
1032
1034
1034
1035
1035
1040
1041
1049
1051
1053
1053
1053
1054
1055
1055
1057
1064
1066
1067
1068
1071
1071
1072
1072
1075
1076
1078
1080
1080
1081
1081
1082
1083
1084
1086
1086
1086
1087
1088
1088
1093
1100
1101
1102
1102
1103
1103
1103
1106
1106
1107
1107
1108
1108
1109
1110
1110
1111
1111
1112
1113
1114
1115
1115
1116
1117
1118
1118
1119
1120
1120
1122
1123
1125
1127
1128
1130
1137
1137
1138
1139
1139
1142
1142
1143
1143
1144
1145
1146
1146
1146
1147
1147
1148
1151
1153
1158
1160
1161
1162
1164
1166
1167
1167
1169
1171
1171
1173
1175
1177
1177
1177
1179
1180
1180
1182
1182
1183
1183
1185
1185
1186
1186
1189
1190
1190
1191
1191
1191
1193
1195
1197
1197
1197
1200
1201
1201
1201
1202
1202
1202
1203
1204
1204
1204
1205
1206
1206
1207
1207
1207
1207
1207
1209
1209
1210
1211
1212
1213
1216
1216
1217
1217
1219
1219
1219
1219
1220
1221
1221
1222
1222
1223
1224
1224
1225
1226
1226
1228
1228
1229
1232
1233
1235
1235
1236
1236
1237
1238
1238
1238
1241
1241
1243
1243
1245
1245
1246
1246
1248
1248
1249
1249
1250
1251
1253
1253
1253
1253
1254
1255
1256
1256
1256
1257
1258
1259
1259
1260
1261
1261
1261
1261
1263
1265
1265
1265
1265
1265
1265
1266
1266
1267
1267
1269
1269
1269
1269
1271
1272
1272
1272
1272
1272
1273
1273
1273
1274
1275
1276
1277
1278
1279
1279
1279
1279
1280
1281
1281
1281
1282
1282
1282
1283
1283
1284
1284
1285
1285
1285
1286
1286
1286
1286
1287
1287
1288
1288
1288
1289
1291
1293
1293
1293
1294
1295
1295
1295
1295
1296
1296
1297
1297
1298
1299
1299
1300
1300
1300
1301
1302
1302
1302
1303
1303
1304
1305
1305
1305
1305
1306
1306
1306
1307
1307
1307
1308
1308
1308
1308
1309
1310
1311
1311
1312
1312
1313
1313
1313
1313
1314
1314
1315
1315
1315
1315
1315
1315
1316
1316
1317
1317
1317
1318
1318
1318
1318
1318
1319
1319
1320
1320
1320
1320
1320
1321
1321
1321
1321
1321
1322
1323
1323
1323
1324
1324
1325
1325
1325
1325
1326
1326
1326
1326
1326
1326
1327
1327
1327
1329
1329
1329
1330
1330
1330
1330
1332
1332
1332
1332
1332
1332
1334
1334
1335
1337
1337
1337
1338
1338
1339
1339
1340
1341
1341
1341
1341
1341
1342
1342
1343
1343
1344
1344
1345
1345
1346
1346
1346
1348
1349
1349
1349
1351
1351
1352
1352
1352
1353
1353
1355
1355
1355
1357
1357
1358
1358
1358
1358
1359
1359
1360
1360
1361
1362
1364
1364
1364
1364
1364
1364
1365
1365
1365
1365
1366
1366
1366
1367
1367
1367
1367
1368
1368
1369
1369
1369
1369
1369
1370
1370
1370
1370
1370
1370
1370
1371
1371
1371
1371
1372
1374
1375
1375
1375
1375
1375
1375
1377
1377
1378
1378
1379
1379
1379
1379
1379
1380
1381
1381
1381
1382
1383
1383
1384
1384
1385
1385
1385
1385
1386
1386
1387
1387
1387
1387
1387
1387
1387
1387
1389
1389
1389
1389
1390
1390
1390
1392
1392
1392
1393
1393
1394
1394
1394
1395
1395
1395
1396
1396
1396
1398
1398
1399
1399
1399
1399
1400
1400
1401
1401
1401
1401
1402
1402
1402
1403
1403
1404
1404
1405
1405
1406
1406
1406
1408
1408
1409
1410
1410
1411
1411
1411
1412
1412
1412
1414
1414
1414
1414
1414
1415
1415
1416
1416
1416
1417
1417
1417
1418
1418
1418
1419
1419
1419
1420
1420
1420
1421
1421
1421
1422
1422
1422
1422
1423
1423
1423
1424
1425
1425
1425
1426
1426
1426
1426
1427
1427
1427
1427
1427
1427
1428
1428
1428
1429
1429
1429
1429
1431
1431
1431
1431
1432
1432
1433
1433
1433
1435
1436
1436
1437
1437
1437
1437
1438
1438
1439
1439
1440
1441
1441
1441
1441
1443
1443
1444
1444
1444
1444
1445
1445
1445
1445
1445
1446
1448
1449
1449
1450
1450
1451
1452
1452
1453
1453
1454
1454
1455
1456
1457
1457
1458
1459
1460
1460
1461
1461
1461
1463
1465
1465
1465
1466
1466
1469
1469
1470
1471
1473
1474
1474
1476
1476
1477
1477
1481
1481
1482
1483
1483
1483
1484
1484
1487
1487
1491
1493
1494
1495
1495
1498
1500
1503
1506
1507
1507
1509
1509
1510
1511
1511
1513
1518
1518
1519
1521
1522
1523
1528
1534
1538
1539
1544
1547
1548
1553
1559
1568
1576
1582
1589
1590
1600
1610
1614
1636
1641
1643
1654
1663
1680
1697
1706
1711
1759
1797
1926
1938
1943
2090
2110
2120
3171
3329
3362
3405
3586
3690
