25713
25787
25976
25988
26033
26037
26092
26163
26178
26208
26249
26321
26332
26343
26350
26381
26394
26406
26421
26435
26453
26463
26503
26504
26539
26569
26599
26608
26611
26622
26639
26699
26701
26708
26732
26738
26749
26753
26754
26763
26767
26783
26786
26833
26840
26841
26846
26847
26853
26860
26863
26867
26873
26889
26889
26889
26909
26910
26936
26950
26954
26966
26976
26978
26989
26994
27016
27017
27029
27050
27054
27057
27064
27073
27081
27082
27092
27104
27116
27129
27134
27142
27151
27156
27166
27175
27180
27190
27191
27206
27210
27211
27219
27221
27223
27229
27231
27232
27244
27255
27261
27265
27267
27270
27285
27285
27295
27314
27317
27323
27325
27325
27338
27338
27345
27353
27356
27364
27372
27377
27381
27387
27392
27395
27403
27406
27412
27418
27430
27436
27441
27468
27470
27476
27482
27486
27506
27514
27514
27532
27545
27553
27565
27571
27573
27574
27579
27592
27599
27601
27604
27607
27624
27629
27635
27639
27641
27643
27657
27669
27674
27677
27687
27693
27700
27707
27710
27718
27720
27721
27738
27745
27749
27757
27762
27762
27777
27777
27787
27790
27797
27805
27808
27816
27819
27824
27825
27836
27837
27837
27840
27852
27858
27874
27881
27883
27887
27895
27897
27917
27927
27934
27938
27942
27942
27942
27957
27958
27961
27961
27969
27974
27974
27982
27983
27990
27992
27994
27995
27995
27995
27996
27996
27999
28003
28004
28007
28012
28018
28019
28022
28023
28030
28044
28044
28048
28054
28060
28061
28064
28068
28073
28076
28077
28078
28082
28089
28098
28100
28102
28106
28114
28116
28122
28123
28131
28141
28143
28145
28147
28149
28152
28152
28153
28155
28155
28157
28158
28162
28171
28172
28173
28177
28178
28185
28190
28196
28203
28205
28208
28211
28216
28221
28222
28222
28222
28232
28241
28242
28243
28249
28251
28251
28258
28266
28268
28272
28272
28282
28290
28290
28293
28295
28296
28304
28305
28308
28318
28321
28322
28327
28332
28336
28343
28350
28351
28355
28360
28364
28389
28390
28391
28397
28398
28399
28401
28408
28412
28415
28415
28423
28425
28425
28428
28429
28439
28444
28451
28453
28455
28462
28462
28463
28469
28471
28473
28480
28488
28490
28490
28492
28494
28498
28498
28504
28504
28506
28510
28517
28521
28522
28523
28526
28527
28528
28533
28535
28537
28545
28549
28551
28560
28562
28563
28564
28565
28565
28572
28581
28582
28582
28586
28587
28591
28594
28605
28607
28607
28613
28614
28621
28623
28626
28628
28630
28633
28639
28647
28648
28649
28655
28663
28664
28668
28669
28676
28677
28678
28685
28685
28695
28695
28698
28701
28708
28714
28721
28723
28728
28729
28732
28732
28733
28735
28736
28743
28753
28754
28754
28756
28758
28761
28765
28775
28777
28778
28787
28794
28795
28795
28799
28800
28801
28801
28803
28811
28813
28817
28818
28818
28824
28836
28843
28851
28855
28863
28870
28870
28870
28871
28880
28886
28907
28908
28908
28913
28915
28924
28925
28934
28936
28941
28943
28944
28952
28955
28960
28960
28963
28967
28971
28977
28981
28983
28987
28988
28991
28993
28995
28998
29007
29015
29016
29017
29029
29032
29034
29034
29035
29038
29045
29052
29056
29059
29064
29065
29071
29073
29083
29085
29086
29086
29109
29111
29115
29117
29129
29133
29135
29138
29140
29146
29147
29149
29152
29157
29159
29160
29164
29178
29180
29180
29181
29189
29190
29192
29197
29199
29200
29212
29227
29227
29230
29230
29243
29251
29251
29252
29255
29257
29263
29269
29269
29273
29278
29279
29292
29292
29293
29293
29300
29303
29305
29316
29317
29317
29328
29331
29335
29335
29339
29346
29352
29358
29360
29375
29375
29383
29388
29388
29394
29395
29406
29411
29419
29424
29424
29432
29433
29443
29444
29447
29452
29467
29470
29472
29473
29474
29475
29480
29491
29491
29502
29505
29542
29543
29549
29557
29564
29564
29570
29570
29575
29581
29587
29592
29595
29601
29604
29605
29609
29610
29618
29636
29637
29638
29638
29647
29657
29665
29683
29697
29705
29711
29716
29716
29717
29745
29749
29757
29769
29789
29792
29797
29803
29804
29825
29827
29835
29837
29839
29845
29846
29848
29853
29856
29871
29872
29877
29877
29878
29881
29888
29896
29898
29899
29902
29912
29913
29930
29933
29948
29955
29966
29973
29983
29988
29991
29993
29995
30001
30001
30002
30009
30012
30017
30032
30033
30038
30044
30051
30055
30058
30059
30063
30097
30097
30100
30100
30108
30113
30120
30127
30131
30151
30155
30161
30166
30179
30181
30181
30183
30187
30201
30210
30223
30241
30246
30251
30258
30259
30264
30265
30277
30301
30302
30311
30316
30331
30332
30341
30344
30348
30349
30350
30366
30372
30375
30377
30381
30382
30382
30394
30396
30408
30412
30421
30424
30425
30429
30443
30446
30453
30465
30467
30483
30493
30496
30498
30500
30500
30507
30522
30527
30534
30545
30550
30555
30566
30569
30576
30577
30577
30578
30579
30581
30592
30594
30600
30614
30620
30620
30623
30640
30641
30647
30651
30680
30683
30692
30698
30703
30703
30729
30741
30743
30755
30763
30768
30776
30783
30787
30797
30803
30814
30816
30816
30834
30836
30850
30852
30863
30870
30878
30880
30884
30888
30892
30892
30903
30913
30916
30922
30928
30963
30972
30973
30973
30977
30981
30986
30999
31000
31003
31017
31024
31040
31077
31083
31089
31089
31090
31094
31100
31104
31116
31122
31134
31149
31150
31165
31174
31186
31191
31225
31227
31236
31286
31290
31299
31300
31305
31306
31318
31328
31377
31389
31455
31457
31478
31482
31485
31495
31501
31515
31519
31522
31530
31566
31571
31572
31573
31574
31583
31592
31654
31683
31683
31715
31717
31718
31727
31753
31787
31794
31806
31807
31833
31864
31878
31883
31905
31942
31958
31968
31975
31991
32000
32009
32040
32043
32075
32082
32111
32177
32284
32308
32318
32334
32360
32363
32420
32517
32518
32520
32626
32647
32762
32864
32901
32910
32943
32949
32970
33080
33098
33104
33189
33192
33201
33206
33222
33379
33418
33435
33593
33762
33789
33903
33924
33956
33977
34031
34136
34221
34291
34428
34442
34448
34476
34533
34557
34655
34773
34778
34881
34932
35080
35122
35160
35184
35228
35287
35300
35336
35611
35827
36136
36178
36263
36434
36549
36650
36674
36696
36780
37039
37260
37287
37429
37502
38220
38300
38321
38324
39959
40034
40060
40758
42140
