895
905
942
942
963
973
976
979
983
984
985
998
1000
1002
1003
1004
1004
1004
1005
1007
1007
1008
1010
1011
1011
1012
1012
1017
1022
1026
1037
1041
1043
1044
1044
1047
1047
1051
1051
1052
1052
1056
1057
1058
1058
1059
1064
1069
1074
1075
1076
1082
1085
1087
1090
1091
1095
1096
1097
1104
1111
1116
1124
1125
1125
1127
1128
1136
1139
1144
1146
1152
1162
1164
1164
1165
1175
1185
1186
1190
1195
1198
1198
1203
1206
1207
1211
1217
1223
1226
1231
1232
1242
1245
1246
1254
1255
1256
1258
1259
1265
1266
1269
1270
1275
1283
1284
1285
1286
1290
1290
1292
1293
1296
1302
1303
1304
1306
1306
1307
1308
1309
1310
1313
1317
1326
1331
1335
1335
1336
1339
1342
1343
1343
1344
1346
1347
1348
1349
1359
1359
1361
1364
1366
1369
1372
1375
1375
1375
1377
1379
1381
1382
1382
1384
1387
1387
1390
1392
1392
1395
1396
1396
1398
1399
1400
1400
1406
1406
1406
1408
1411
1411
1413
1415
1416
1419
1420
1421
1424
1424
1425
1428
1428
1429
1432
1432
1432
1433
1433
1434
1435
1435
1436
1438
1438
1440
1441
1445
1448
1448
1452
1452
1455
1456
1456
1462
1462
1463
1468
1469
1469
1470
1470
1470
1470
1472
1475
1478
1479
1481
1485
1486
1487
1488
1491
1492
1493
1493
1496
1496
1497
1498
1499
1501
1501
1502
1502
1505
1508
1511
1511
1512
1513
1514
1515
1517
1519
1520
1520
1521
1523
1523
1527
1530
1530
1533
1534
1534
1535
1536
1539
1541
1541
1541
1542
1542
1543
1543
1543
1544
1546
1546
1546
1547
1549
1550
1551
1553
1553
1555
1556
1557
1560
1560
1561
1561
1561
1561
1562
1565
1565
1566
1566
1566
1567
1567
1568
1568
1569
1570
1572
1572
1572
1572
1574
1576
1576
1576
1581
1581
1583
1583
1583
1587
1587
1588
1589
1590
1591
1591
1591
1591
1593
1597
1598
1599
1601
1602
1602
1603
1603
1604
1604
1604
1605
1607
1607
1608
1609
1611
1612
1614
1615
1616
1619
1619
1619
1619
1620
1621
1622
1622
1622
1622
1622
1627
1627
1627
1630
1630
1632
1633
1634
1634
1635
1636
1637
1638
1642
1644
1645
1647
1647
1649
1650
1651
1651
1652
1654
1654
1654
1656
1656
1656
1657
1657
1657
1659
1661
1662
1662
1664
1664
1664
1664
1667
1668
1668
1668
1669
1669
1670
1670
1671
1672
1673
1674
1675
1675
1676
1678
1678
1679
1680
1681
1681
1681
1681
1683
1684
1684
1684
1686
1687
1688
1688
1688
1689
1689
1689
1691
1691
1691
1691
1692
1692
1693
1693
1693
1694
1695
1695
1697
1697
1698
1698
1699
1699
1700
1701
1702
1703
1704
1704
1705
1705
1706
1706
1707
1708
1709
1710
1711
1711
1712
1712
1712
1713
1714
1715
1715
1715
1715
1716
1716
1717
1718
1719
1721
1721
1721
1724
1724
1724
1727
1728
1728
1729
1730
1730
1730
1730
1731
1733
1734
1734
1736
1737
1737
1738
1738
1738
1738
1738
1739
1741
1741
1742
1742
1742
1743
1744
1745
1746
1746
1746
1746
1747
1747
1747
1748
1749
1749
1750
1750
1751
1752
1752
1752
1752
1754
1754
1755
1755
1756
1757
1759
1759
1759
1759
1760
1760
1761
1761
1761
1764
1764
1764
1764
1764
1765
1766
1767
1768
1769
1769
1770
1770
1770
1772
1773
1774
1774
1774
1774
1775
1776
1776
1776
1777
1777
1778
1779
1780
1780
1781
1781
1781
1781
1782
1783
1783
1783
1784
1784
1786
1786
1787
1787
1787
1788
1789
1790
1790
1790
1790
1791
1791
1791
1792
1793
1793
1794
1794
1794
1795
1796
1797
1797
1797
1797
1798
1799
1799
1799
1800
1801
1801
1801
1801
1801
1802
1803
1803
1803
1804
1804
1805
1805
1805
1805
1805
1806
1806
1806
1807
1808
1808
1809
1809
1810
1810
1812
1812
1813
1813
1814
1814
1814
1814
1814
1815
1815
1815
1816
1817
1818
1818
1818
1819
1820
1820
1820
1820
1821
1823
1823
1823
1824
1825
1825
1826
1826
1826
1826
1827
1828
1828
1830
1830
1830
1830
1830
1830
1830
1831
1832
1832
1832
1832
1832
1832
1835
1835
1835
1836
1836
1836
1837
1837
1837
1837
1838
1838
1839
1841
1841
1842
1842
1843
1843
1843
1843
1844
1844
1844
1844
1845
1846
1847
1847
1848
1848
1848
1848
1849
1849
1849
1850
1850
1850
1851
1851
1852
1852
1852
1852
1853
1853
1853
1854
1854
1854
1854
1855
1855
1855
1855
1856
1856
1857
1858
1858
1859
1860
1861
1862
1862
1862
1862
1862
1863
1864
1864
1864
1864
1866
1866
1867
1867
1868
1868
1868
1868
1869
1870
1870
1872
1872
1873
1873
1873
1874
1874
1874
1875
1875
1875
1875
1876
1876
1876
1876
1877
1877
1877
1880
1880
1880
1880
1881
1882
1883
1883
1884
1885
1885
1886
1886
1886
1887
1887
1888
1888
1888
1889
1892
1892
1892
1892
1893
1894
1894
1894
1895
1895
1896
1896
1896
1897
1897
1897
1899
1899
1900
1901
1901
1901
1901
1902
1902
1902
1903
1904
1904
1904
1905
1906
1906
1907
1909
1909
1909
1910
1910
1910
1911
1911
1912
1914
1914
1915
1916
1916
1917
1918
1919
1919
1921
1921
1922
1922
1925
1926
1926
1926
1927
1927
1927
1928
1928
1929
1929
1930
1931
1931
1932
1932
1933
1933
1933
1934
1934
1936
1937
1938
1940
1940
1941
1941
1941
1943
1944
1945
1945
1946
1947
1947
1948
1949
1950
1951
1951
1951
1951
1952
1952
1952
1953
1954
1955
1958
1958
1959
1961
1962
1962
1963
1964
1965
1965
1967
1971
1974
1975
1975
1978
1986
1986
1987
1989
1990
1994
1995
1996
2005
2005
2006
2009
2011
2014
2016
2016
2018
2021
2022
2023
2031
2043
2045
2046
2049
2050
2055
2055
2062
2077
2078
2087
2098
2100
2100
2105
2110
2129
2134
2136
2140
2146
2164
2176
2194
2206
2211
2213
2249
2251
2262
2271
2291
2323
2343
2408
2423
2728
3053
3191
3462
6789
