4142
4195
4259
4314
4316
4342
4366
4369
4370
4416
4418
4427
4434
4444
4445
4452
4464
4467
4472
4482
4493
4498
4509
4520
4526
4528
4534
4541
4543
4546
4547
4551
4553
4555
4556
4564
4566
4572
4573
4579
4579
4580
4582
4596
4597
4605
4606
4609
4609
4610
4613
4623
4623
4635
4636
4640
4641
4641
4644
4645
4652
4656
4656
4663
4669
4670
4672
4674
4675
4686
4687
4689
4692
4694
4697
4699
4700
4702
4705
4706
4711
4718
4737
4738
4743
4750
4751
4757
4760
4761
4769
4770
4772
4775
4778
4783
4787
4791
4791
4796
4805
4813
4813
4814
4815
4816
4817
4818
4819
4819
4820
4822
4822
4826
4827
4830
4831
4833
4834
4834
4835
4842
4843
4845
4846
4848
4849
4851
4856
4858
4859
4860
4862
4864
4869
4869
4870
4871
4876
4879
4882
4883
4893
4895
4896
4900
4909
4915
4917
4923
4926
4930
4930
4932
4938
4941
4950
4951
4970
4971
4976
4983
4983
4985
4987
4988
4990
4991
4997
5005
5016
5022
5024
5035
5052
5054
5055
5063
5067
5076
5076
5089
5095
5103
5121
5122
5124
5124
5126
5128
5134
5136
5138
5139
5145
5149
5167
5180
5193
5195
5196
5201
5206
5208
5214
5223
5223
5224
5227
5229
5237
5246
5247
5255
5257
5260
5264
5269
5270
5278
5279
5281
5282
5296
5309
5312
5313
5317
5322
5323
5330
5331
5337
5349
5360
5367
5381
5397
5403
5405
5408
5411
5415
5423
5425
5427
5427
5431
5442
5462
5467
5469
5470
5479
5486
5491
5494
5501
5504
5509
5510
5520
5523
5529
5529
5531
5533
5535
5536
5537
5546
5549
5555
5570
5570
5571
5579
5584
5593
5597
5597
5599
5599
5604
5610
5611
5618
5618
5619
5621
5627
5627
5628
5628
5630
5639
5640
5645
5650
5654
5662
5665
5668
5670
5694
5695
5712
5721
5722
5729
5734
5734
5736
5748
5750
5751
5753
5767
5769
5769
5788
5788
5789
5791
5792
5797
5800
5806
5808
5810
5812
5818
5819
5819
5821
5826
5828
5829
5837
5838
5841
5842
5847
5849
5856
5857
5859
5862
5863
5868
5868
5869
5870
5877
5882
5885
5892
5896
5897
5899
5900
5903
5903
5905
5918
5919
5919
5920
5921
5929
5939
5941
5941
5944
5951
5952
5954
5955
5956
5960
5961
5966
5967
5969
5972
5975
5977
5978
5979
5979
5981
5982
5985
5986
5987
5988
5997
6000
6001
6002
6004
6010
6011
6012
6014
6017
6017
6017
6018
6020
6028
6028
6029
6029
6030
6032
6036
6044
6046
6054
6058
6061
6065
6069
6071
6072
6072
6073
6074
6079
6079
6084
6085
6087
6088
6095
6096
6100
6104
6106
6107
6109
6110
6116
6119
6121
6122
6125
6127
6127
6127
6129
6137
6139
6142
6147
6149
6149
6150
6150
6151
6153
6154
6154
6154
6157
6158
6159
6160
6166
6167
6175
6176
6178
6179
6180
6183
6186
6187
6190
6196
6200
6201
6202
6202
6202
6205
6205
6208
6208
6212
6214
6215
6215
6218
6220
6221
6222
6223
6223
6224
6229
6230
6232
6232
6235
6237
6237
6242
6243
6246
6250
6255
6255
6257
6260
6260
6260
6261
6264
6265
6265
6266
6268
6269
6273
6273
6275
6275
6278
6287
6289
6290
6291
6293
6295
6295
6296
6299
6305
6305
6307
6308
6314
6314
6320
6321
6324
6330
6332
6333
6338
6347
6350
6351
6351
6354
6354
6357
6363
6366
6366
6366
6366
6367
6367
6372
6375
6377
6377
6377
6380
6381
6384
6387
6389
6391
6392
6392
6395
6399
6399
6400
6401
6404
6413
6414
6414
6416
6417
6417
6419
6421
6421
6422
6424
6425
6426
6429
6431
6434
6435
6438
6443
6443
6444
6448
6448
6451
6456
6457
6457
6458
6461
6462
6464
6465
6469
6470
6470
6473
6475
6475
6483
6485
6487
6490
6492
6493
6495
6499
6500
6500
6501
6502
6503
6506
6506
6509
6511
6511
6512
6513
6513
6514
6516
6518
6520
6521
6521
6522
6524
6527
6527
6528
6529
6533
6538
6542
6544
6547
6548
6549
6550
6553
6556
6556
6557
6559
6560
6563
6563
6564
6567
6567
6570
6573
6576
6576
6577
6579
6580
6582
6585
6586
6591
6592
6592
6592
6592
6593
6597
6604
6606
6608
6611
6611
6613
6613
6614
6618
6618
6619
6622
6622
6622
6627
6628
6631
6632
6635
6636
6638
6645
6646
6649
6650
6650
6653
6655
6655
6658
6659
6660
6666
6667
6667
6668
6673
6674
6677
6682
6683
6686
6689
6689
6691
6693
6694
6699
6701
6703
6704
6705
6706
6708
6711
6713
6715
6716
6716
6718
6720
6720
6725
6729
6736
6737
6737
6738
6740
6743
6744
6744
6745
6746
6751
6751
6752
6753
6754
6756
6757
6758
6759
6761
6761
6764
6766
6770
6770
6772
6772
6773
6775
6777
6781
6783
6784
6785
6786
6791
6793
6795
6798
6798
6800
6802
6802
6803
6805
6805
6805
6807
6811
6812
6813
6815
6815
6817
6826
6830
6831
6831
6834
6834
6834
6835
6836
6839
6840
6840
6843
6843
6846
6846
6849
6850
6850
6851
6851
6852
6853
6853
6855
6856
6857
6858
6859
6860
6862
6863
6867
6868
6869
6872
6877
6877
6880
6881
6882
6885
6886
6888
6890
6890
6893
6894
6897
6898
6898
6902
6903
6905
6912
6914
6919
6920
6926
6930
6937
6949
6963
6963
6968
6974
6978
6979
6984
6985
6985
6988
6992
6993
6997
6998
7000
7001
7008
7010
7010
7020
7020
7022
7025
7029
7029
7030
7034
7036
7050
7054
7061
7065
7074
7091
7091
7093
7099
7100
7104
7104
7106
7109
7113
7119
7122
7126
7131
7137
7139
7141
7146
7146
7152
7154
7154
7155
7155
7160
7161
7162
7169
7182
7183
7195
7206
7208
7208
7210
7215
7228
7229
7229
7245
7251
7253
7259
7264
7270
7272
7274
7274
7278
7280
7303
7304
7305
7315
7315
7321
7342
7347
7350
7354
7366
7372
7381
7401
7401
7403
7420
7427
7436
7440
7447
7477
7480
7480
7483
7491
7519
7557
7574
7612
7663
7675
7683
7720
7754
7776
7785
8040
8496
8790
9135
9141
9391
11070
13533
