6339
6519
6555
6573
6573
6651
6667
6698
6710
6723
6725
6791
6796
6817
6820
6831
6833
6843
6860
6871
6924
6932
6950
6962
6972
6973
6979
6995
7014
7040
7044
7052
7085
7112
7122
7155
7157
7175
7179
7183
7184
7196
7205
7224
7236
7246
7248
7261
7308
7318
7329
7329
7333
7346
7365
7371
7373
7382
7384
7401
7402
7402
7409
7418
7425
7428
7433
7437
7442
7472
7481
7489
7494
7495
7497
7501
7519
7519
7522
7544
7558
7571
7579
7610
7618
7625
7625
7641
7651
7660
7670
7674
7697
7708
7713
7714
7720
7727
7727
7735
7766
7767
7768
7784
7798
7801
7812
7813
7821
7821
7840
7843
7854
7857
7859
7864
7879
7884
7891
7893
7901
7902
7912
7914
7919
7923
7926
7932
7932
7946
7947
7947
7947
7949
7956
7957
7961
7965
7966
7969
7980
7997
7997
8003
8003
8006
8009
8009
8019
8024
8025
8026
8031
8047
8047
8052
8061
8065
8079
8087
8093
8105
8105
8112
8116
8121
8121
8126
8126
8133
8137
8138
8143
8154
8154
8157
8160
8163
8165
8165
8165
8168
8170
8171
8174
8175
8175
8177
8181
8183
8186
8187
8191
8191
8192
8193
8199
8201
8202
8204
8206
8208
8210
8212
8215
8218
8221
8222
8222
8223
8226
8226
8232
8238
8241
8241
8242
8242
8242
8245
8247
8249
8252
8253
8256
8259
8262
8264
8266
8272
8274
8278
8279
8280
8288
8288
8290
8292
8292
8295
8295
8297
8299
8302
8303
8305
8306
8307
8309
8310
8318
8319
8319
8319
8321
8323
8328
8328
8331
8334
8339
8339
8342
8345
8345
8345
8345
8348
8349
8353
8353
8353
8357
8364
8368
8369
8370
8372
8373
8374
8379
8380
8382
8382
8382
8383
8384
8384
8390
8392
8392
8404
8405
8406
8407
8413
8413
8414
8414
8415
8417
8422
8422
8425
8428
8428
8431
8433
8438
8440
8441
8443
8445
8445
8447
8447
8453
8454
8456
8461
8464
8465
8465
8465
8468
8469
8469
8470
8473
8476
8479
8482
8482
8483
8484
8485
8486
8486
8487
8488
8491
8495
8496
8502
8504
8504
8505
8509
8511
8513
8513
8515
8522
8523
8523
8524
8529
8531
8532
8532
8534
8540
8543
8545
8546
8546
8548
8549
8549
8551
8554
8555
8555
8555
8557
8559
8560
8561
8568
8568
8569
8570
8571
8572
8573
8574
8575
8575
8577
8577
8579
8585
8589
8599
8604
8604
8605
8612
8613
8615
8618
8619
8620
8623
8624
8625
8626
8628
8629
8631
8631
8632
8632
8635
8640
8641
8651
8652
8653
8653
8657
8659
8663
8663
8665
8667
8669
8674
8676
8677
8677
8682
8685
8685
8687
8688
8688
8689
8691
8692
8694
8699
8700
8701
8702
8704
8706
8706
8707
8709
8709
8710
8710
8713
8714
8716
8717
8718
8718
8721
8722
8722
8723
8723
8724
8727
8728
8732
8732
8732
8737
8739
8742
8743
8744
8745
8747
8748
8751
8753
8756
8759
8761
8762
8763
8763
8764
8765
8766
8770
8770
8771
8772
8772
8772
8772
8773
8774
8775
8777
8777
8777
8778
8779
8780
8782
8785
8786
8786
8788
8792
8792
8797
8804
8807
8808
8812
8813
8814
8814
8821
8822
8822
8826
8826
8828
8828
8830
8835
8840
8840
8840
8842
8844
8845
8847
8848
8848
8848
8851
8852
8855
8856
8860
8860
8862
8863
8864
8870
8871
8872
8875
8877
8879
8881
8884
8890
8891
8892
8893
8895
8895
8896
8896
8896
8901
8902
8907
8908
8909
8912
8912
8915
8918
8920
8921
8921
8921
8923
8923
8924
8926
8927
8928
8931
8931
8931
8934
8934
8937
8938
8939
8940
8943
8944
8944
8945
8945
8950
8952
8952
8952
8953
8954
8957
8957
8958
8959
8959
8960
8968
8971
8972
8973
8973
8974
8982
8983
8986
8986
8987
8991
8991
8994
8998
8998
9002
9004
9006
9008
9012
9013
9014
9021
9022
9022
9027
9027
9028
9029
9029
9029
9029
9030
9033
9034
9036
9036
9037
9038
9043
9045
9045
9046
9047
9048
9049
9050
9055
9056
9057
9058
9061
9063
9066
9067
9068
9068
9070
9071
9071
9073
9075
9076
9077
9077
9078
9078
9078
9079
9080
9080
9081
9082
9082
9083
9087
9089
9090
9094
9099
9099
9103
9103
9110
9112
9117
9120
9122
9123
9124
9124
9125
9126
9128
9130
9136
9136
9139
9142
9144
9145
9146
9148
9150
9152
9154
9155
9157
9158
9160
9162
9163
9167
9168
9168
9168
9171
9172
9173
9173
9174
9178
9179
9184
9185
9186
9187
9188
9188
9190
9193
9195
9198
9200
9204
9206
9207
9209
9209
9213
9215
9216
9218
9220
9221
9221
9228
9229
9234
9236
9240
9240
9241
9243
9248
9249
9249
9249
9254
9256
9257
9260
9261
9263
9264
9265
9268
9269
9273
9278
9279
9285
9287
9291
9295
9296
9297
9297
9302
9302
9303
9304
9305
9314
9316
9318
9318
9318
9329
9329
9330
9336
9336
9337
9338
9338
9339
9343
9343
9345
9347
9354
9359
9361
9361
9367
9369
9370
9376
9378
9379
9385
9388
9389
9392
9393
9393
9399
9399
9404
9404
9408
9415
9417
9422
9425
9428
9434
9435
9435
9437
9441
9447
9448
9449
9453
9454
9455
9457
9459
9462
9462
9465
9465
9468
9471
9473
9474
9476
9480
9488
9490
9491
9492
9493
9497
9498
9500
9501
9505
9510
9510
9515
9519
9520
9521
9527
9549
9551
9553
9555
9556
9558
9560
9568
9568
9570
9582
9582
9582
9594
9595
9595
9601
9602
9604
9609
9610
9613
9614
9614
9616
9616
9617
9617
9630
9630
9638
9641
9650
9651
9653
9656
9669
9671
9672
9681
9693
9697
9697
9702
9703
9707
9709
9711
9713
9716
9718
9720
9722
9728
9733
9736
9758
9764
9770
9776
9791
9793
9796
9797
9798
9799
9805
9814
9816
9816
9817
9817
9826
9846
9874
9879
9890
9897
9923
9935
9947
9959
9966
9970
9986
9986
10003
10046
10056
10084
10088
10122
10135
10151
10157
10169
10177
10179
10194
10200
10201
10322
10469
10557
10565
10657
10699
10854
10935
10970
11091
11103
11137
11253
11313
11319
11320
11321
11413
11672
11927
13273
