42335
42461
42462
42538
42932
42982
43043
43226
43263
43325
43353
43430
43503
43507
43588
43637
43645
43669
43724
43736
43741
43754
43777
43797
43805
43821
43868
43876
43878
43896
43900
43909
43932
44006
44024
44034
44035
44051
44066
44095
44112
44114
44142
44155
44159
44162
44193
44201
44210
44212
44218
44230
44242
44266
44278
44289
44291
44296
44305
44314
44329
44342
44358
44365
44366
44366
44386
44419
44425
44437
44439
44450
44457
44469
44475
44482
44482
44495
44511
44513
44514
44533
44538
44544
44545
44546
44549
44554
44558
44570
44584
44593
44601
44603
44604
44611
44617
44626
44638
44648
44652
44656
44656
44666
44670
44675
44685
44693
44697
44708
44710
44712
44724
44726
44728
44729
44731
44732
44736
44736
44742
44761
44768
44769
44772
44775
44779
44784
44804
44806
44821
44821
44828
44828
44845
44852
44865
44884
44884
44885
44886
44897
44906
44906
44923
44924
44925
44936
44936
44940
44943
44943
44947
44952
44959
44963
44966
44967
44975
44981
44983
44988
44993
45001
45008
45010
45013
45015
45018
45019
45032
45037
45038
45049
45051
45056
45057
45059
45060
45064
45066
45078
45078
45085
45086
45090
45092
45093
45096
45098
45098
45101
45102
45104
45106
45107
45110
45117
45117
45118
45120
45126
45135
45136
45138
45139
45142
45143
45146
45159
45163
45172
45172
45173
45174
45174
45178
45187
45191
45191
45194
45196
45196
45196
45197
45199
45200
45201
45203
45213
45216
45225
45236
45240
45242
45243
45267
45268
45270
45277
45277
45277
45278
45279
45282
45282
45284
45285
45286
45288
45290
45292
45293
45297
45297
45304
45306
45313
45314
45314
45317
45319
45320
45321
45323
45323
45326
45327
45329
45330
45343
45347
45351
45352
45354
45354
45356
45358
45364
45365
45370
45371
45374
45374
45377
45378
45379
45380
45384
45386
45388
45398
45399
45403
45404
45405
45407
45409
45415
45422
45433
45438
45438
45441
45443
45446
45446
45446
45448
45449
45450
45451
45454
45458
45459
45465
45475
45477
45477
45478
45480
45483
45483
45487
45489
45490
45491
45493
45494
45495
45505
45507
45513
45513
45513
45515
45516
45519
45524
45535
45536
45537
45537
45539
45544
45544
45545
45548
45548
45549
45550
45552
45555
45560
45561
45561
45563
45564
45565
45567
45570
45570
45574
45582
45583
45583
45585
45592
45595
45597
45599
45600
45601
45608
45613
45615
45621
45621
45622
45628
45630
45631
45631
45633
45634
45634
45635
45635
45637
45643
45654
45656
45659
45663
45664
45664
45671
45674
45681
45684
45689
45691
45693
45693
45693
45696
45698
45701
45706
45711
45711
45712
45713
45714
45717
45720
45721
45721
45728
45728
45733
45736
45740
45748
45753
45757
45758
45758
45770
45772
45777
45777
45778
45779
45784
45787
45788
45791
45794
45796
45811
45823
45824
45828
45832
45832
45833
45834
45836
45837
45838
45841
45843
45847
45860
45861
45862
45871
45872
45872
45873
45878
45884
45887
45894
45902
45904
45910
45912
45915
45917
45918
45919
45930
45931
45936
45939
45940
45940
45941
45942
45942
45947
45951
45951
45957
45959
45959
45965
45973
45974
45976
45979
45985
45986
45987
45995
46000
46002
46004
46004
46012
46015
46027
46028
46033
46041
46042
46047
46049
46051
46055
46060
46060
46062
46062
46066
46066
46069
46073
46076
46079
46081
46082
46082
46083
46087
46089
46093
46095
46101
46105
46107
46108
46108
46113
46114
46115
46116
46125
46128
46131
46137
46141
46142
46144
46151
46157
46158
46163
46164
46165
46179
46184
46185
46189
46194
46198
46198
46202
46209
46214
46216
46217
46221
46223
46223
46224
46225
46226
46227
46229
46232
46239
46241
46249
46253
46253
46254
46265
46266
46272
46274
46276
46278
46281
46295
46295
46296
46298
46301
46302
46303
46305
46307
46308
46309
46309
46310
46311
46316
46318
46321
46326
46328
46347
46347
46351
46356
46358
46363
46364
46364
46364
46368
46369
46379
46380
46383
46383
46385
46386
46391
46391
46399
46402
46413
46418
46424
46425
46429
46433
46436
46438
46440
46444
46449
46449
46453
46460
46461
46464
46465
46470
46472
46473
46475
46479
46483
46496
46498
46503
46507
46512
46512
46513
46514
46519
46527
46527
46530
46534
46536
46536
46543
46545
46558
46564
46565
46567
46567
46568
46570
46571
46572
46578
46581
46583
46584
46590
46605
46606
46608
46617
46617
46627
46635
46638
46642
46643
46644
46645
46647
46650
46655
46658
46659
46663
46671
46674
46678
46678
46681
46683
46689
46690
46694
46701
46702
46704
46704
46711
46714
46714
46715
46721
46724
46725
46727
46729
46736
46741
46741
46751
46754
46756
46757
46757
46757
46761
46764
46766
46770
46773
46778
46779
46781
46794
46800
46804
46806
46835
46837
46847
46850
46851
46875
46880
46884
46889
46897
46897
46925
46927
46928
46930
46941
46942
46946
46948
46950
46951
46951
46958
46959
46959
46963
46966
46967
46970
46981
46985
46985
46990
46994
47001
47007
47013
47014
47015
47021
47047
47048
47049
47051
47062
47065
47075
47077
47080
47091
47091
47096
47098
47103
47107
47109
47114
47118
47121
47125
47127
47131
47143
47145
47148
47148
47159
47162
47163
47182
47190
47199
47200
47212
47213
47219
47223
47237
47247
47251
47267
47275
47276
47296
47301
47316
47332
47337
47345
47346
47349
47353
47355
47361
47362
47370
47374
47386
47388
47390
47391
47393
47395
47402
47403
47408
47424
47435
47437
47437
47459
47461
47502
47504
47505
47510
47512
47515
47521
47524
47532
47539
47546
47547
47548
47556
47558
47590
47599
47617
47643
47655
47656
47672
47688
47693
47709
47709
47710
47721
47725
47735
47745
47758
47769
47770
47776
47800
47802
47809
47810
47819
47845
47846
47848
47852
47854
47855
47879
47922
47931
47948
47950
47955
47958
48004
48016
48019
48020
48020
48028
48061
48078
48109
48110
48112
48154
48179
48205
48208
48211
48216
48233
48252
48330
48344
48372
48397
48421
48432
48468
48501
48542
48579
48614
48647
48659
48663
48684
48684
48759
48770
48770
48788
48798
48831
48880
48934
48958
49080
49128
49175
49346
49479
49507
49551
49561
49694
49725
49733
49806
49835
49871
50006
50019
50032
50048
50079
50085
50106
50181
50185
50195
50288
50370
50653
50672
50676
50696
50760
50951
51280
51290
51382
51459
51528
51723
51940
51947
52005
52668
52683
52767
53070
54068
54723
56598
56805
59689
