1 0 1 0 0 0 0 -
500 1 36 1 1 1 2 3.16
1000 2 14 2 2 3 3 1.58
1500 5 1029 3 4 4 5 0.49
2000 5 14 4 5 6 6 0.63
2500 7 265 5 6 7 8 3.75
3000 8 78 6 7 8 9 1.31
3500 10 60 7 9 10 11 0.83
4000 11 28 8 10 11 12 0.49
4500 12 78 10 11 13 14 0.79
5000 14 77 10 12 14 15 0.67
5500 15 50 12 14 15 17 0.55
6000 17 54 13 15 17 19 0.58
6500 18 49 14 16 18 20 0.60
7000 19 53 15 17 19 21 0.62
7500 20 56 15 18 20 23 0.57
8000 22 74 17 20 22 25 0.62
8500 25 127 19 22 25 28 0.69
9000 26 73 20 23 26 29 0.57
9500 28 69 20 25 29 31 0.54
10000 29 122 22 26 30 33 0.62
11000 32 108 22 28 32 35 0.56
12000 38 3648 23 30 34 38 9.56
13000 38 120 29 34 39 42 0.53
14000 40 92 28 36 41 45 0.46
15000 49 5166 29 39 45 49 0.46
16000 47 124 31 41 48 52 0.48
17000 48 443 33 43 48 54 0.96
18000 49 157 35 44 49 54 0.49
19000 47 113 37 42 46 52 0.47
20000 48 125 39 43 48 54 0.42
