1 0 1 0 0 0 0 -
500 1 5 1 1 2 2 0
1000 3 47 2 3 3 4 1.49
1500 5 56 3 4 5 6 1.26
2000 6 45 5 6 7 8 0.91
2500 8 164 6 7 8 9 2.12
3000 10 37 7 9 10 11 0.54
3500 12 33 8 11 12 13 0.58
4000 14 193 10 12 14 15 1.58
4500 15 171 12 13 16 17 1.17
5000 17 44 12 15 17 19 0.55
5500 20 989 13 16 18 20 5.35
6000 20 90 15 18 21 22 0.80
6500 22 677 15 19 21 24 3.04
7000 24 62 18 21 25 26 0.49
7500 24 59 18 22 24 27 0.61
8000 26 56 20 23 28 30 0.48
8500 30 223 22 26 31 33 0.96
9000 32 84 24 28 33 36 0.61
9500 37 3527 25 30 35 37 9.45
10000 37 663 26 31 37 40 1.90
11000 39 568 26 34 40 43 1.45
12000 43 150 31 38 44 47 0.56
13000 45 128 33 40 46 50 0.49
14000 49 156 33 44 51 55 0.50
15000 52 117 35 46 53 59 0.48
16000 55 109 37 49 55 62 0.45
17000 59 217 40 52 60 65 0.61
18000 60 135 42 53 59 67 0.48
19000 59 207 44 52 59 66 0.52
20000 57 138 47 51 56 63 0.47
