1 0 1 0 0 0 0 -
500 0 12 0 0 1 1 -
1000 1 14 0 1 1 2 0
1500 2 18 1 2 2 3 1.58
2000 3 98 1 2 3 4 3.33
2500 3 76 2 2 4 5 2.78
3000 4 12 2 3 5 6 1.11
3500 5 70 3 3 6 7 1.67
4000 5 16 3 4 6 7 1.26
4500 6 63 3 4 7 8 1.49
5000 7 67 4 5 9 9 1.35
5500 8 161 4 5 9 10 2.40
6000 8 77 5 5 9 11 1.42
6500 9 52 5 6 10 12 1.11
7000 10 1028 5 6 9 12 0.24
7500 12 1995 5 7 10 13 16.58
8000 11 403 6 7 12 14 3.84
8500 12 87 6 8 13 16 1.34
9000 14 42 6 9 17 18 0.98
9500 14 40 7 10 17 19 1.05
10000 15 44 7 10 18 20 1.03
11000 17 129 8 11 20 22 1.41
12000 24 6966 9 12 20 23 28.96
13000 21 1303 9 13 22 25 6.20
14000 20 47 10 14 21 27 1.07
15000 21 63 11 14 22 28 1.08
16000 23 84 12 15 25 31 1.12
17000 24 67 12 16 26 32 1.06
18000 24 101 13 17 26 33 1.16
19000 24 55 14 17 28 32 1.03
20000 25 319 14 16 28 32 1.63
