1 0 1 0 0 0 0 -
500 0 3 0 0 1 1 -
1000 1 11 0 1 1 2 0
1500 2 16 1 2 2 3 1.58
2000 2 14 1 2 3 4 2.23
2500 4 529 2 2 4 5 13.29
3000 4 476 2 3 5 6 11.85
3500 5 182 3 3 6 7 3.79
4000 6 515 3 4 7 7 8.54
4500 6 16 3 4 7 8 1.05
5000 7 76 4 5 8 9 1.42
5500 8 23 4 5 9 10 1.04
6000 8 32 5 6 8 11 1.11
6500 9 38 5 6 11 12 1.11
7000 9 30 5 7 11 13 1.21
7500 10 107 5 7 11 13 1.51
8000 11 61 6 8 13 15 1.25
8500 12 157 7 8 15 17 1.68
9000 14 375 7 9 16 18 2.81
9500 14 41 7 9 16 19 1.08
10000 15 51 7 10 17 20 1.05
11000 16 86 8 11 18 21 1.18
12000 18 89 9 12 21 23 1.15
13000 19 207 9 13 22 25 1.63
14000 20 86 10 14 22 27 1.12
15000 21 153 11 15 23 29 1.26
16000 22 43 12 15 24 30 1.08
17000 25 94 12 17 28 32 1.02
18000 24 171 13 16 26 32 1.25
19000 23 68 14 16 23 31 1.06
20000 24 58 14 16 29 31 1.02
