1 0 1 0 0 0 0 -
500 0 2 0 1 1 1 -
1000 1 12 0 1 2 2 0
1500 2 16 1 2 2 3 0
2000 3 661 1 2 3 4 21.95
2500 3 55 2 2 4 5 2.35
3000 4 63 2 3 5 6 1.93
3500 5 59 3 3 6 7 1.54
4000 5 80 3 4 6 7 1.89
4500 6 35 3 4 7 8 1.17
5000 7 24 4 5 9 9 1.10
5500 8 31 4 5 9 10 0.96
6000 8 26 5 6 8 11 1.11
6500 9 59 5 6 10 12 1.16
7000 9 29 5 7 11 13 1.16
7500 10 47 6 7 12 14 1.14
8000 11 34 6 8 14 15 1.11
8500 12 58 7 8 15 17 1.20
9000 13 119 7 9 16 18 1.37
9500 13 38 7 9 15 18 1.16
10000 15 100 7 10 18 20 1.26
11000 17 57 8 11 20 22 1.01
12000 18 58 9 12 21 23 1.06
13000 19 91 9 13 23 25 1.10
14000 20 61 10 14 22 26 1.06
15000 22 517 11 14 23 28 2.47
16000 24 422 11 16 26 31 2.52
17000 25 74 12 17 28 32 1.01
18000 23 48 13 16 26 31 1.07
19000 23 99 14 16 27 30 1.08
20000 24 777 14 16 24 30 3.29
