1 0 1 0 0 0 0 -
500 1 11 1 1 2 2 0
1000 3 14 2 3 3 4 0
1500 5 15 3 4 5 6 0.63
2000 6 59 5 6 7 7 1.29
2500 8 47 6 8 9 9 0.68
3000 10 209 7 9 10 11 2.64
3500 12 31 9 11 12 13 0.45
4000 14 624 10 12 14 15 4.50
4500 15 96 12 14 16 17 0.76
5000 17 117 13 15 17 19 0.81
5500 19 612 14 16 19 21 3.16
6000 20 523 14 18 20 22 2.59
6500 22 57 17 20 23 25 0.53
7000 23 65 18 20 23 26 0.59
7500 25 484 19 22 25 27 1.97
8000 26 64 20 23 27 29 0.58
8500 29 71 21 26 30 33 0.60
9000 33 158 24 28 33 36 0.82
9500 34 133 26 30 34 37 0.62
10000 36 90 26 31 37 40 0.52
11000 39 101 29 34 40 43 0.48
12000 44 748 31 38 45 48 1.68
13000 47 586 34 40 47 51 1.32
14000 49 214 37 43 50 55 0.57
15000 52 136 35 46 54 58 0.47
16000 57 1871 43 49 56 62 3.24
17000 59 123 44 52 61 66 0.43
18000 63 250 42 55 64 70 0.57
19000 61 156 44 54 63 68 0.46
20000 59 97 47 53 57 66 0.40
