1 0 1 0 0 0 0 -
500 32 127 19 23 33 41 1.10
1000 159 2144 72 145 158 165 1.53
1500 284 1037 165 191 293 359 1.03
2000 488 6828 281 322 516 595 1.65
2500 930 7030 472 807 950 1009 1.05
3000 1235 3690 658 1080 1288 1392 0.75
3500 1678 6789 895 1520 1737 1856 0.61
4000 2052 5462 1126 1742 2145 2366 0.72
4500 2688 5928 1420 2301 2801 3077 0.63
5000 3145 7001 1811 2647 3248 3633 0.64
5500 3833 8287 2155 3277 3953 4411 0.65
6000 4309 7417 2550 3534 4487 5054 0.68
6500 5112 9064 2892 4274 5271 5956 0.67
7000 5973 9609 3461 5016 6175 6866 0.63
7500 6860 11632 3893 5847 7063 7836 0.60
8000 7760 12665 4516 6762 8030 8903 0.60
8500 9049 15386 5313 7939 9390 10267 0.55
9000 9651 15088 5869 8218 9798 11110 0.59
9500 11390 23527 6607 10400 11610 12678 0.51
10000 12392 18158 7136 11187 12740 13987 0.54
11000 16046 25116 9629 15137 16215 17393 0.38
12000 18779 25546 11862 17835 19205 20344 0.39
13000 19632 27167 14066 17446 19872 21640 0.41
14000 23458 34510 17316 21620 23729 25198 0.31
15000 26977 36931 18173 25567 27065 28334 0.24
16000 30455 40756 24080 29490 30185 31080 0.17
17000 32381 45592 24297 31479 32615 33762 0.26
18000 34196 51601 27763 32584 34184 35655 0.22
19000 36594 49589 29951 35026 36318 37945 0.19
20000 40648 50579 34336 39149 40312 41823 0.15
