1 0 1 0 0 0 0 -
500 119 1005 96 109 115 122 1.17
1000 482 2461 392 444 466 496 0.67
1500 1119 4759 917 1039 1097 1141 0.58
2000 1914 7868 1404 1791 1891 1971 0.53
2500 3153 15454 2453 3017 3143 3244 0.45
3000 4341 6998 3513 4139 4334 4512 0.23
3500 5921 9107 4613 5618 5936 6178 0.24
4000 7799 10907 6258 7399 7833 8154 0.23
4500 10178 14791 8448 9788 10142 10536 0.21
5000 12308 16197 10027 11780 12299 12827 0.22
5500 14671 20976 11909 13888 14614 15340 0.24
6000 17468 23896 14446 16604 17457 18299 0.23
6500 20650 28505 16955 19459 20604 21696 0.24
7000 22876 30226 19071 21765 22617 23722 0.21
7500 26048 34708 22112 24777 25738 26957 0.23
8000 29499 42140 25713 28102 29038 30429 0.23
8500 33309 47966 27488 32656 33287 34008 0.24
9000 36268 52998 31498 34449 36576 37306 0.23
9500 39556 53909 35038 37440 39697 40707 0.21
10000 42828 56436 38708 41014 42120 43963 0.19
11000 50249 69246 45547 48485 49239 50606 0.20
12000 57953 85046 53267 55698 56605 58183 0.23
13000 66651 100501 62303 63981 65300 66917 0.23
14000 77527 113448 72583 74418 75559 77472 0.24
15000 87908 130030 82803 83745 85056 86883 0.28
16000 98765 146925 93493 94327 95238 97167 0.28
17000 111281 166915 105314 105984 106369 108414 0.31
18000 124172 190217 117964 118808 119245 120553 0.31
19000 136810 209700 130172 130898 131213 133477 0.30
20000 152821 231602 144934 145836 146108 147414 0.31
