1 0 1 0 0 0 0 -
500 167 3099 122 137 158 176 2.45
1000 665 3055 490 571 657 720 0.66
1500 1563 4148 1185 1387 1579 1686 0.47
2000 2663 11939 1946 2394 2680 2862 0.52
2500 4350 6850 3343 3966 4388 4654 0.36
3000 6230 9028 4704 5768 6268 6692 0.33
3500 8748 13273 6339 8310 8777 9209 0.28
4000 10961 15299 8515 10249 11045 11680 0.30
4500 14247 19107 10858 13362 14427 15120 0.29
5000 18172 23305 13750 17357 18221 19084 0.23
5500 20907 28404 16363 19583 20930 22197 0.27
6000 23682 32154 19224 22393 23575 24734 0.23
6500 28224 36263 22975 26799 28133 29506 0.22
7000 32323 39988 26195 30778 32046 33765 0.21
7500 35790 46794 29492 34167 35762 37184 0.20
8000 39636 52537 33960 38131 39468 41015 0.17
8500 43255 53998 38203 41871 43116 44543 0.14
9000 47296 61811 42213 45811 47062 48496 0.14
9500 52194 70143 46218 50639 51851 53564 0.15
10000 56519 75940 50516 54501 56076 58169 0.16
11000 66583 88606 59728 64288 66209 68529 0.15
12000 77984 103158 70657 75479 77820 80043 0.13
13000 89415 120968 81901 86087 89006 91276 0.16
14000 103747 136964 95739 100489 103576 106228 0.13
15000 117467 153137 108824 113719 117310 120144 0.14
16000 130663 175159 122444 125377 131648 132929 0.14
17000 146424 186919 138368 140859 148313 149845 0.12
18000 163016 210109 154483 156663 165616 166865 0.13
19000 179703 233281 170521 173019 182796 184148 0.13
20000 200737 279169 189520 192631 203864 205159 0.13
