1 0 1 0 0 0 0 -
500 71 771 51 57 66 83 1.27
1000 295 1385 195 232 291 344 0.82
1500 687 5505 449 539 694 783 0.98
2000 1165 4301 785 929 1184 1323 0.79
2500 1884 3968 1339 1552 1937 2120 0.54
3000 2695 7466 1880 2321 2745 3021 0.51
3500 3643 6088 2590 3187 3757 4037 0.47
4000 4805 12726 3227 4284 4903 5304 0.49
4500 6092 13533 4142 5462 6223 6716 0.46
5000 7625 10926 5199 7077 7774 8295 0.41
5500 9123 15789 6291 8479 9282 9885 0.39
6000 10950 15211 7604 10341 11083 11754 0.34
6500 12810 17732 8941 12065 13006 13769 0.35
7000 15000 19887 10336 14240 15257 16034 0.32
7500 16753 22577 11159 15743 17083 18050 0.34
8000 19093 27191 13401 18007 19336 20423 0.31
8500 19687 29396 15529 18287 19669 21040 0.29
9000 22688 29902 18623 21382 22700 23886 0.23
9500 25086 32203 20095 23851 25095 26118 0.20
10000 27875 39591 22190 26779 27800 28698 0.17
11000 32659 45313 23612 32046 32934 33789 0.23
12000 36765 48474 30035 34810 37253 38111 0.19
13000 41203 55657 34596 39842 40898 42400 0.14
14000 46184 62760 42390 45125 45874 46750 0.12
15000 51350 71250 47583 50441 51103 51864 0.11
16000 56370 74315 52078 55257 55993 56989 0.10
17000 62031 86913 58358 60627 61531 63025 0.11
18000 68048 99991 64388 66765 67764 68974 0.09
19000 74514 88034 67029 73224 74169 75460 0.08
20000 82534 100062 79133 81323 82298 83441 0.07
