1 0 1 0 0 0 0 -
500 164 2909 119 140 157 178 1.84
1000 672 2799 495 578 668 726 0.65
1500 1586 4380 1176 1385 1593 1699 0.52
2000 2652 4999 2070 2371 2692 2863 0.37
2500 4340 6603 3287 3963 4382 4686 0.35
3000 6466 13126 4778 6128 6468 6809 0.32
3500 8488 12132 6410 8036 8539 9041 0.30
4000 11337 14902 8598 10749 11400 11957 0.27
4500 14367 22524 10625 13552 14448 15266 0.29
5000 17841 26279 12834 17071 17918 18745 0.25
5500 21077 27657 16547 19859 21156 22325 0.27
6000 23595 32951 18966 22311 23525 24665 0.23
6500 28160 37671 22715 26659 28023 29474 0.22
7000 32317 42684 26418 30780 32093 33738 0.21
7500 35750 45047 29792 34272 35671 37134 0.19
8000 39498 49797 34887 38021 39397 40763 0.16
8500 43041 56009 37750 41626 42764 44122 0.16
9000 47233 55846 41649 45841 46988 48507 0.13
9500 52026 67154 46364 50319 51702 53479 0.15
10000 56885 72658 50907 55194 56573 58214 0.14
11000 67481 89587 59603 65405 67226 69287 0.15
12000 77588 99214 70509 75280 77137 79703 0.15
13000 89498 123182 82000 86753 89157 91748 0.15
14000 103254 131967 95458 99930 102987 105728 0.14
15000 116593 146422 108993 112917 117053 119241 0.12
16000 131589 167040 122825 127048 132348 134725 0.12
17000 146232 189939 138148 140477 148283 149459 0.12
18000 163941 209779 154658 157726 166121 167633 0.13
19000 180058 231819 170025 173152 182856 184512 0.12
20000 200245 259060 189590 192090 203643 204738 0.13
