1 0 1 0 0 0 0 -
500 76 1886 50 59 75 87 2.56
1000 306 4656 205 239 303 347 1.70
1500 690 3136 464 543 697 777 0.89
2000 1170 5776 770 941 1180 1307 0.79
2500 1916 5015 1265 1580 1956 2155 0.58
3000 2755 12636 1878 2347 2832 3049 0.65
3500 3561 6564 2507 3027 3618 3984 0.50
4000 4897 11877 3326 4512 5004 5345 0.45
4500 5834 9154 4262 5013 5933 6498 0.46
5000 7652 12541 5240 7103 7803 8316 0.39
5500 9326 12971 6385 8806 9403 10002 0.35
6000 11008 14000 7525 10448 11109 11723 0.31
6500 13111 18190 8697 12550 13262 13950 0.30
7000 14885 19278 10110 14087 15095 16012 0.34
7500 16181 28356 11487 14795 16505 17613 0.39
8000 19201 26839 13326 18385 19625 20411 0.30
8500 20186 25036 15620 18757 20163 21540 0.27
9000 22655 29254 18226 21329 22680 23873 0.24
9500 25129 33995 19261 23891 25083 26121 0.20
10000 27968 36422 22374 26801 27796 28701 0.18
11000 32623 42094 24613 32099 32848 33597 0.22
12000 36687 44229 30600 34715 37240 38066 0.19
13000 41190 52874 36973 39725 40981 42404 0.14
14000 46243 59689 42335 45288 46004 46889 0.11
15000 51265 68395 47385 50356 50993 51792 0.10
16000 56270 80367 52194 55070 55887 56895 0.12
17000 62240 88429 57928 60986 61920 63242 0.10
18000 67786 91808 64363 66465 67318 68659 0.09
19000 74905 86695 70907 73521 74603 76026 0.07
20000 81325 99713 78424 80332 81013 81832 0.07
